#X		#Y		#Wave		#Intensity
12354.808457	-1218.570333	1999.980469	202.075287
12354.808457	-1218.570333	1999.016602	-182.937485
12354.808457	-1218.570333	1998.052734	-9.784584
12354.808457	-1218.570333	1997.087891	138.569351
12354.808457	-1218.570333	1996.123047	177.895370
12354.808457	-1218.570333	1995.158203	-146.901855
12354.808457	-1218.570333	1994.193359	11.428093
12354.808457	-1218.570333	1993.228516	80.591713
12354.808457	-1218.570333	1992.262695	30.930391
12354.808457	-1218.570333	1991.297852	87.760880
12354.808457	-1218.570333	1990.332031	48.086872
12354.808457	-1218.570333	1989.366211	107.438126
12354.808457	-1218.570333	1988.399414	70.316437
12354.808457	-1218.570333	1987.433594	87.653610
12354.808457	-1218.570333	1986.466797	-35.948620
12354.808457	-1218.570333	1985.500977	-105.080978
12354.808457	-1218.570333	1984.534180	-30.774376
12354.808457	-1218.570333	1983.567383	68.247963
12354.808457	-1218.570333	1982.599609	-89.750122
12354.808457	-1218.570333	1981.632813	-109.303810
12354.808457	-1218.570333	1980.665039	-183.172241
12354.808457	-1218.570333	1979.697266	140.654770
12354.808457	-1218.570333	1978.729492	-190.010452
12354.808457	-1218.570333	1977.761719	-199.571335
12354.808457	-1218.570333	1976.792969	104.389511
12354.808457	-1218.570333	1975.825195	65.196182
12354.808457	-1218.570333	1974.856445	63.047890
12354.808457	-1218.570333	1973.887695	-42.703388
12354.808457	-1218.570333	1972.918945	-7.801821
12354.808457	-1218.570333	1971.949219	59.161362
12354.808457	-1218.570333	1970.980469	2.822703
12354.808457	-1218.570333	1970.010742	67.316216
12354.808457	-1218.570333	1969.041016	121.937256
12354.808457	-1218.570333	1968.071289	-96.998703
12354.808457	-1218.570333	1967.101563	41.421505
12354.808457	-1218.570333	1966.130859	-69.008430
12354.808457	-1218.570333	1965.161133	165.425171
12354.808457	-1218.570333	1964.190430	89.500053
12354.808457	-1218.570333	1963.219727	104.704987
12354.808457	-1218.570333	1962.249023	238.065506
12354.808457	-1218.570333	1961.277344	93.269905
12354.808457	-1218.570333	1960.306641	-144.978836
12354.808457	-1218.570333	1959.334961	22.806133
12354.808457	-1218.570333	1958.363281	-16.094412
12354.808457	-1218.570333	1957.391602	222.925217
12354.808457	-1218.570333	1956.419922	164.330063
12354.808457	-1218.570333	1955.447266	83.631775
12354.808457	-1218.570333	1954.474609	283.168793
12354.808457	-1218.570333	1953.501953	-102.257851
12354.808457	-1218.570333	1952.529297	62.833553
12354.808457	-1218.570333	1951.556641	58.353439
12354.808457	-1218.570333	1950.583984	-149.988937
12354.808457	-1218.570333	1949.610352	-80.765884
12354.808457	-1218.570333	1948.636719	81.722443
12354.808457	-1218.570333	1947.663086	-6.242389
12354.808457	-1218.570333	1946.689453	53.076267
12354.808457	-1218.570333	1945.715820	193.339874
12354.808457	-1218.570333	1944.741211	68.578629
12354.808457	-1218.570333	1943.767578	211.221420
12354.808457	-1218.570333	1942.792969	123.269714
12354.808457	-1218.570333	1941.818359	221.693054
12354.808457	-1218.570333	1940.842773	18.527460
12354.808457	-1218.570333	1939.868164	89.947060
12354.808457	-1218.570333	1938.892578	-39.624863
12354.808457	-1218.570333	1937.916992	129.762726
12354.808457	-1218.570333	1936.941406	49.199093
12354.808457	-1218.570333	1935.965820	-55.842720
12354.808457	-1218.570333	1934.990234	145.242188
12354.808457	-1218.570333	1934.013672	162.610901
12354.808457	-1218.570333	1933.037109	28.186234
12354.808457	-1218.570333	1932.060547	-32.782379
12354.808457	-1218.570333	1931.083984	75.097092
12354.808457	-1218.570333	1930.107422	214.723511
12354.808457	-1218.570333	1929.129883	239.314453
12354.808457	-1218.570333	1928.153320	29.093292
12354.808457	-1218.570333	1927.175781	-39.246490
12354.808457	-1218.570333	1926.198242	-180.923538
12354.808457	-1218.570333	1925.219727	-90.359985
12354.808457	-1218.570333	1924.242188	200.536865
12354.808457	-1218.570333	1923.263672	61.275753
12354.808457	-1218.570333	1922.285156	46.631321
12354.808457	-1218.570333	1921.306641	-19.322727
12354.808457	-1218.570333	1920.328125	17.288101
12354.808457	-1218.570333	1919.349609	63.627365
12354.808457	-1218.570333	1918.370117	229.538391
12354.808457	-1218.570333	1917.391602	236.720703
12354.808457	-1218.570333	1916.412109	165.790146
12354.808457	-1218.570333	1915.431641	21.670958
12354.808457	-1218.570333	1914.452148	-59.002625
12354.808457	-1218.570333	1913.472656	-164.062103
12354.808457	-1218.570333	1912.492188	38.123787
12354.808457	-1218.570333	1911.511719	-8.459082
12354.808457	-1218.570333	1910.531250	186.253265
12354.808457	-1218.570333	1909.550781	139.601181
12354.808457	-1218.570333	1908.569336	146.542953
12354.808457	-1218.570333	1907.588867	121.780647
12354.808457	-1218.570333	1906.607422	-24.782345
12354.808457	-1218.570333	1905.625977	-56.869930
12354.808457	-1218.570333	1904.644531	-54.890781
12354.808457	-1218.570333	1903.662109	44.426750
12354.808457	-1218.570333	1902.680664	-189.757950
12354.808457	-1218.570333	1901.698242	-12.651157
12354.808457	-1218.570333	1900.715820	47.576118
12354.808457	-1218.570333	1899.733398	-40.631268
12354.808457	-1218.570333	1898.750000	-9.671759
12354.808457	-1218.570333	1897.767578	203.602661
12354.808457	-1218.570333	1896.784180	-76.743126
12354.808457	-1218.570333	1895.800781	-228.198334
12354.808457	-1218.570333	1894.817383	-29.690140
12354.808457	-1218.570333	1893.833984	166.276093
12354.808457	-1218.570333	1892.850586	-26.548105
12354.808457	-1218.570333	1891.866211	6.541098
12354.808457	-1218.570333	1890.881836	-67.267555
12354.808457	-1218.570333	1889.897461	-43.972565
12354.808457	-1218.570333	1888.913086	110.355324
12354.808457	-1218.570333	1887.927734	77.708862
12354.808457	-1218.570333	1886.943359	-1.070710
12354.808457	-1218.570333	1885.958008	225.824799
12354.808457	-1218.570333	1884.972656	-151.385361
12354.808457	-1218.570333	1883.987305	116.597198
12354.808457	-1218.570333	1883.001953	292.297424
12354.808457	-1218.570333	1882.015625	339.405121
12354.808457	-1218.570333	1881.029297	105.291046
12354.808457	-1218.570333	1880.042969	55.394234
12354.808457	-1218.570333	1879.056641	61.199600
12354.808457	-1218.570333	1878.070313	79.069023
12354.808457	-1218.570333	1877.083984	58.135849
12354.808457	-1218.570333	1876.096680	54.115990
12354.808457	-1218.570333	1875.109375	13.734979
12354.808457	-1218.570333	1874.122070	137.925003
12354.808457	-1218.570333	1873.134766	49.045998
12354.808457	-1218.570333	1872.146484	281.975800
12354.808457	-1218.570333	1871.159180	-77.948853
12354.808457	-1218.570333	1870.170898	21.785925
12354.808457	-1218.570333	1869.182617	29.537779
12354.808457	-1218.570333	1868.194336	25.147112
12354.808457	-1218.570333	1867.205078	-73.570984
12354.808457	-1218.570333	1866.216797	-75.622993
12354.808457	-1218.570333	1865.227539	118.014221
12354.808457	-1218.570333	1864.238281	-130.615891
12354.808457	-1218.570333	1863.249023	0.050715
12354.808457	-1218.570333	1862.259766	-89.166061
12354.808457	-1218.570333	1861.269531	-43.176998
12354.808457	-1218.570333	1860.279297	-16.572229
12354.808457	-1218.570333	1859.290039	-9.341095
12354.808457	-1218.570333	1858.298828	89.541397
12354.808457	-1218.570333	1857.308594	277.610016
12354.808457	-1218.570333	1856.318359	197.769272
12354.808457	-1218.570333	1855.327148	207.148148
12354.808457	-1218.570333	1854.335938	59.717377
12354.808457	-1218.570333	1853.344727	88.295898
12354.808457	-1218.570333	1852.353516	102.343285
12354.808457	-1218.570333	1851.362305	53.662853
12354.808457	-1218.570333	1850.370117	226.639160
12354.808457	-1218.570333	1849.377930	168.201218
12354.808457	-1218.570333	1848.385742	95.274437
12354.808457	-1218.570333	1847.393555	174.043976
12354.808457	-1218.570333	1846.401367	161.224319
12354.808457	-1218.570333	1845.408203	78.530777
12354.808457	-1218.570333	1844.415039	294.280365
12354.808457	-1218.570333	1843.421875	158.529358
12354.808457	-1218.570333	1842.428711	200.821350
12354.808457	-1218.570333	1841.435547	72.234070
12354.808457	-1218.570333	1840.441406	148.075363
12354.808457	-1218.570333	1839.448242	298.374939
12354.808457	-1218.570333	1838.454102	-39.519848
12354.808457	-1218.570333	1837.459961	40.920399
12354.808457	-1218.570333	1836.464844	51.566734
12354.808457	-1218.570333	1835.470703	-101.252800
12354.808457	-1218.570333	1834.475586	5.388805
12354.808457	-1218.570333	1833.480469	35.060215
12354.808457	-1218.570333	1832.485352	259.185913
12354.808457	-1218.570333	1831.490234	31.746977
12354.808457	-1218.570333	1830.495117	56.401314
12354.808457	-1218.570333	1829.499023	-22.232389
12354.808457	-1218.570333	1828.502930	155.874832
12354.808457	-1218.570333	1827.506836	38.729496
12354.808457	-1218.570333	1826.510742	65.495346
12354.808457	-1218.570333	1825.513672	3.439281
12354.808457	-1218.570333	1824.517578	104.404442
12354.808457	-1218.570333	1823.520508	20.650459
12354.808457	-1218.570333	1822.523438	-180.596024
12354.808457	-1218.570333	1821.526367	219.716431
12354.808457	-1218.570333	1820.529297	188.498688
12354.808457	-1218.570333	1819.531250	200.343445
12354.808457	-1218.570333	1818.533203	111.512756
12354.808457	-1218.570333	1817.535156	245.362793
12354.808457	-1218.570333	1816.537109	12.755586
12354.808457	-1218.570333	1815.539063	175.159622
12354.808457	-1218.570333	1814.540039	143.558868
12354.808457	-1218.570333	1813.541992	164.547989
12354.808457	-1218.570333	1812.542969	-94.474182
12354.808457	-1218.570333	1811.543945	151.262741
12354.808457	-1218.570333	1810.543945	162.449524
12354.808457	-1218.570333	1809.544922	132.912796
12354.808457	-1218.570333	1808.544922	-28.179565
12354.808457	-1218.570333	1807.544922	166.868881
12354.808457	-1218.570333	1806.544922	-49.282917
12354.808457	-1218.570333	1805.544922	124.044518
12354.808457	-1218.570333	1804.544922	-120.831665
12354.808457	-1218.570333	1803.543945	45.126522
12354.808457	-1218.570333	1802.542969	139.306320
12354.808457	-1218.570333	1801.541992	-110.436012
12354.808457	-1218.570333	1800.541016	-33.122169
12354.808457	-1218.570333	1799.539063	-91.957596
12354.808457	-1218.570333	1798.538086	-220.042755
12354.808457	-1218.570333	1797.536133	7.321905
12354.808457	-1218.570333	1796.534180	89.019234
12354.808457	-1218.570333	1795.532227	130.066635
12354.808457	-1218.570333	1794.529297	54.181171
12354.808457	-1218.570333	1793.527344	142.746536
12354.808457	-1218.570333	1792.524414	-28.606770
12354.808457	-1218.570333	1791.521484	-78.434967
12354.808457	-1218.570333	1790.518555	2.721767
12354.808457	-1218.570333	1789.514648	48.033283
12354.808457	-1218.570333	1788.511719	50.384029
12354.808457	-1218.570333	1787.507813	202.670425
12354.808457	-1218.570333	1786.503906	-176.098923
12354.808457	-1218.570333	1785.500000	-93.012978
12354.808457	-1218.570333	1784.496094	187.494568
12354.808457	-1218.570333	1783.491211	3.818750
12354.808457	-1218.570333	1782.486328	115.131592
12354.808457	-1218.570333	1781.481445	-118.567963
12354.808457	-1218.570333	1780.476563	-9.810259
12354.808457	-1218.570333	1779.471680	-100.895164
12354.808457	-1218.570333	1778.465820	107.496826
12354.808457	-1218.570333	1777.460938	-5.125106
12354.808457	-1218.570333	1776.455078	62.809696
12354.808457	-1218.570333	1775.449219	78.370300
12354.808457	-1218.570333	1774.442383	60.584927
12354.808457	-1218.570333	1773.436523	-144.888184
12354.808457	-1218.570333	1772.429688	119.780830
12354.808457	-1218.570333	1771.422852	-152.264420
12354.808457	-1218.570333	1770.416016	19.575657
12354.808457	-1218.570333	1769.409180	65.495422
12354.808457	-1218.570333	1768.402344	-80.871330
12354.808457	-1218.570333	1767.394531	52.656479
12354.808457	-1218.570333	1766.386719	62.720913
12354.808457	-1218.570333	1765.378906	122.498772
12354.808457	-1218.570333	1764.371094	-78.623192
12354.808457	-1218.570333	1763.362305	-142.269836
12354.808457	-1218.570333	1762.354492	26.293026
12354.808457	-1218.570333	1761.345703	88.076302
12354.808457	-1218.570333	1760.336914	-1.866311
12354.808457	-1218.570333	1759.328125	-75.273018
12354.808457	-1218.570333	1758.318359	59.660690
12354.808457	-1218.570333	1757.308594	-77.825714
12354.808457	-1218.570333	1756.299805	-59.091072
12354.808457	-1218.570333	1755.290039	-26.250301
12354.808457	-1218.570333	1754.279297	11.223836
12354.808457	-1218.570333	1753.269531	69.904808
12354.808457	-1218.570333	1752.258789	-190.863754
12354.808457	-1218.570333	1751.249023	-14.073478
12354.808457	-1218.570333	1750.238281	-71.531410
12354.808457	-1218.570333	1749.226563	-173.972946
12354.808457	-1218.570333	1748.215820	141.924179
12354.808457	-1218.570333	1747.204102	200.022461
12354.808457	-1218.570333	1746.193359	61.916962
12354.808457	-1218.570333	1745.181641	11.183744
12354.808457	-1218.570333	1744.168945	61.943893
12354.808457	-1218.570333	1743.157227	242.492142
12354.808457	-1218.570333	1742.144531	75.822113
12354.808457	-1218.570333	1741.132813	-71.970367
12354.808457	-1218.570333	1740.120117	61.057289
12354.808457	-1218.570333	1739.106445	61.807453
12354.808457	-1218.570333	1738.093750	-53.110920
12354.808457	-1218.570333	1737.080078	-57.210716
12354.808457	-1218.570333	1736.067383	266.421997
12354.808457	-1218.570333	1735.053711	40.473324
12354.808457	-1218.570333	1734.040039	19.624989
12354.808457	-1218.570333	1733.025391	-86.150169
12354.808457	-1218.570333	1732.011719	-1.078237
12354.808457	-1218.570333	1730.997070	-31.568401
12354.808457	-1218.570333	1729.982422	102.767471
12354.808457	-1218.570333	1728.967773	48.567410
12354.808457	-1218.570333	1727.952148	67.297089
12354.808457	-1218.570333	1726.937500	38.869827
12354.808457	-1218.570333	1725.921875	0.954897
12354.808457	-1218.570333	1724.906250	24.166407
12354.808457	-1218.570333	1723.890625	-42.114422
12354.808457	-1218.570333	1722.875000	13.882319
12354.808457	-1218.570333	1721.858398	232.061417
12354.808457	-1218.570333	1720.841797	5.645683
12354.808457	-1218.570333	1719.825195	169.521255
12354.808457	-1218.570333	1718.808594	37.084045
12354.808457	-1218.570333	1717.791992	80.889168
12354.808457	-1218.570333	1716.774414	-14.038764
12354.808457	-1218.570333	1715.756836	-167.733398
12354.808457	-1218.570333	1714.739258	-175.812485
12354.808457	-1218.570333	1713.721680	83.755714
12354.808457	-1218.570333	1712.704102	33.227493
12354.808457	-1218.570333	1711.685547	-83.089584
12354.808457	-1218.570333	1710.667969	-44.517307
12354.808457	-1218.570333	1709.649414	364.719086
12354.808457	-1218.570333	1708.630859	25.317905
12354.808457	-1218.570333	1707.611328	75.349159
12354.808457	-1218.570333	1706.592773	33.841213
12354.808457	-1218.570333	1705.573242	123.578140
12354.808457	-1218.570333	1704.553711	9.258501
12354.808457	-1218.570333	1703.534180	7.422863
12354.808457	-1218.570333	1702.513672	146.116608
12354.808457	-1218.570333	1701.494141	200.356003
12354.808457	-1218.570333	1700.473633	-59.398636
12354.808457	-1218.570333	1699.453125	-19.333197
12354.808457	-1218.570333	1698.432617	76.853676
12354.808457	-1218.570333	1697.412109	86.315872
12354.808457	-1218.570333	1696.390625	69.953964
12354.808457	-1218.570333	1695.369141	2.050103
12354.808457	-1218.570333	1694.347656	-35.471279
12354.808457	-1218.570333	1693.326172	212.365036
12354.808457	-1218.570333	1692.304688	36.700294
12354.808457	-1218.570333	1691.282227	216.479752
12354.808457	-1218.570333	1690.260742	169.354767
12354.808457	-1218.570333	1689.238281	232.044296
12354.808457	-1218.570333	1688.214844	355.405273
12354.808457	-1218.570333	1687.192383	118.824753
12354.808457	-1218.570333	1686.168945	524.729431
12354.808457	-1218.570333	1685.146484	267.072906
12354.808457	-1218.570333	1684.123047	235.975098
12354.808457	-1218.570333	1683.099609	405.634888
12354.808457	-1218.570333	1682.075195	362.730530
12354.808457	-1218.570333	1681.051758	273.120422
12354.808457	-1218.570333	1680.027344	239.485580
12354.808457	-1218.570333	1679.002930	296.802460
12354.808457	-1218.570333	1677.978516	519.662598
12354.808457	-1218.570333	1676.953125	387.881805
12354.808457	-1218.570333	1675.928711	419.335541
12354.808457	-1218.570333	1674.903320	413.415314
12354.808457	-1218.570333	1673.877930	351.509033
12354.808457	-1218.570333	1672.852539	459.696533
12354.808457	-1218.570333	1671.826172	584.092285
12354.808457	-1218.570333	1670.800781	389.267426
12354.808457	-1218.570333	1669.774414	408.730438
12354.808457	-1218.570333	1668.748047	514.299011
12354.808457	-1218.570333	1667.721680	605.813843
12354.808457	-1218.570333	1666.694336	694.909668
12354.808457	-1218.570333	1665.667969	832.813477
12354.808457	-1218.570333	1664.640625	1107.890625
12354.808457	-1218.570333	1663.613281	1196.713135
12354.808457	-1218.570333	1662.585938	1111.019043
12354.808457	-1218.570333	1661.557617	1155.530884
12354.808457	-1218.570333	1660.530273	1499.923218
12354.808457	-1218.570333	1659.501953	1283.917725
12354.808457	-1218.570333	1658.473633	1539.749512
12354.808457	-1218.570333	1657.444336	1735.019043
12354.808457	-1218.570333	1656.416016	1532.923462
12354.808457	-1218.570333	1655.386719	1453.963623
12354.808457	-1218.570333	1654.358398	1433.072021
12354.808457	-1218.570333	1653.328125	1247.278687
12354.808457	-1218.570333	1652.298828	1326.177490
12354.808457	-1218.570333	1651.269531	1384.125732
12354.808457	-1218.570333	1650.239258	1339.907227
12354.808457	-1218.570333	1649.208984	1130.951660
12354.808457	-1218.570333	1648.178711	1286.227051
12354.808457	-1218.570333	1647.148438	1441.414673
12354.808457	-1218.570333	1646.117188	1343.763184
12354.808457	-1218.570333	1645.086914	1431.598511
12354.808457	-1218.570333	1644.055664	1180.960938
12354.808457	-1218.570333	1643.024414	1275.682617
12354.808457	-1218.570333	1641.992188	1472.276978
12354.808457	-1218.570333	1640.960938	1694.266113
12354.808457	-1218.570333	1639.928711	1622.001709
12354.808457	-1218.570333	1638.896484	1730.359131
12354.808457	-1218.570333	1637.864258	1692.802368
12354.808457	-1218.570333	1636.832031	1865.877197
12354.808457	-1218.570333	1635.798828	1765.776367
12354.808457	-1218.570333	1634.766602	1577.788086
12354.808457	-1218.570333	1633.733398	1632.742432
12354.808457	-1218.570333	1632.699219	1703.837646
12354.808457	-1218.570333	1631.666016	1800.341187
12354.808457	-1218.570333	1630.632813	1808.940063
12354.808457	-1218.570333	1629.598633	1977.005981
12354.808457	-1218.570333	1628.564453	2022.509155
12354.808457	-1218.570333	1627.530273	1957.074463
12354.808457	-1218.570333	1626.495117	2053.355713
12354.808457	-1218.570333	1625.460938	2054.906006
12354.808457	-1218.570333	1624.425781	2428.229980
12354.808457	-1218.570333	1623.390625	2180.328125
12354.808457	-1218.570333	1622.355469	2186.439697
12354.808457	-1218.570333	1621.319336	2335.623047
12354.808457	-1218.570333	1620.284180	2309.390625
12354.808457	-1218.570333	1619.248047	2354.671631
12354.808457	-1218.570333	1618.211914	2376.868408
12354.808457	-1218.570333	1617.174805	2546.637207
12354.808457	-1218.570333	1616.138672	2654.099854
12354.808457	-1218.570333	1615.101563	2747.679199
12354.808457	-1218.570333	1614.065430	2721.389404
12354.808457	-1218.570333	1613.027344	2775.739502
12354.808457	-1218.570333	1611.990234	3067.387207
12354.808457	-1218.570333	1610.953125	2875.206299
12354.808457	-1218.570333	1609.915039	2874.243164
12354.808457	-1218.570333	1608.876953	3124.265869
12354.808457	-1218.570333	1607.838867	2969.031250
12354.808457	-1218.570333	1606.800781	3175.228271
12354.808457	-1218.570333	1605.761719	3075.281982
12354.808457	-1218.570333	1604.723633	3003.010742
12354.808457	-1218.570333	1603.684570	3176.901123
12354.808457	-1218.570333	1602.644531	3031.044189
12354.808457	-1218.570333	1601.605469	3161.203125
12354.808457	-1218.570333	1600.566406	2985.565430
12354.808457	-1218.570333	1599.526367	2800.809570
12354.808457	-1218.570333	1598.486328	2976.938965
12354.808457	-1218.570333	1597.446289	2668.224854
12354.808457	-1218.570333	1596.405273	2819.072754
12354.808457	-1218.570333	1595.365234	2714.960449
12354.808457	-1218.570333	1594.324219	2787.712891
12354.808457	-1218.570333	1593.283203	2844.388916
12354.808457	-1218.570333	1592.242188	2774.825684
12354.808457	-1218.570333	1591.200195	2877.419434
12354.808457	-1218.570333	1590.159180	2830.874756
12354.808457	-1218.570333	1589.117188	2738.485352
12354.808457	-1218.570333	1588.075195	2770.013428
12354.808457	-1218.570333	1587.032227	2629.563232
12354.808457	-1218.570333	1585.990234	2856.041016
12354.808457	-1218.570333	1584.947266	2660.680908
12354.808457	-1218.570333	1583.904297	2859.616943
12354.808457	-1218.570333	1582.861328	2602.536377
12354.808457	-1218.570333	1581.818359	2824.387207
12354.808457	-1218.570333	1580.775391	2895.019043
12354.808457	-1218.570333	1579.731445	2702.302490
12354.808457	-1218.570333	1578.687500	2740.944580
12354.808457	-1218.570333	1577.643555	2660.576904
12354.808457	-1218.570333	1576.598633	2580.272705
12354.808457	-1218.570333	1575.554688	2664.804932
12354.808457	-1218.570333	1574.509766	2740.183838
12354.808457	-1218.570333	1573.464844	2536.528320
12354.808457	-1218.570333	1572.419922	2673.739258
12354.808457	-1218.570333	1571.374023	2509.126465
12354.808457	-1218.570333	1570.329102	2653.242188
12354.808457	-1218.570333	1569.283203	2532.219727
12354.808457	-1218.570333	1568.237305	2345.028320
12354.808457	-1218.570333	1567.191406	2384.138428
12354.808457	-1218.570333	1566.144531	2315.918701
12354.808457	-1218.570333	1565.098633	2291.181152
12354.808457	-1218.570333	1564.051758	2440.024902
12354.808457	-1218.570333	1563.004883	2463.310303
12354.808457	-1218.570333	1561.957031	2367.947998
12354.808457	-1218.570333	1560.910156	2510.012207
12354.808457	-1218.570333	1559.862305	2328.100586
12354.808457	-1218.570333	1558.814453	2253.528076
12354.808457	-1218.570333	1557.766602	2176.764893
12354.808457	-1218.570333	1556.718750	2075.011719
12354.808457	-1218.570333	1555.669922	1968.791870
12354.808457	-1218.570333	1554.621094	1899.145020
12354.808457	-1218.570333	1553.573242	1747.566162
12354.808457	-1218.570333	1552.523438	1839.872437
12354.808457	-1218.570333	1551.474609	1740.877686
12354.808457	-1218.570333	1550.424805	1603.263306
12354.808457	-1218.570333	1549.375000	1531.805054
12354.808457	-1218.570333	1548.325195	1490.039795
12354.808457	-1218.570333	1547.275391	1273.103394
12354.808457	-1218.570333	1546.225586	1429.529785
12354.808457	-1218.570333	1545.174805	1303.833252
12354.808457	-1218.570333	1544.124023	1253.327881
12354.808457	-1218.570333	1543.073242	1189.270386
12354.808457	-1218.570333	1542.022461	1279.937012
12354.808457	-1218.570333	1540.970703	1102.373657
12354.808457	-1218.570333	1539.919922	1049.980957
12354.808457	-1218.570333	1538.868164	1090.851318
12354.808457	-1218.570333	1537.815430	1115.870728
12354.808457	-1218.570333	1536.763672	1222.749878
12354.808457	-1218.570333	1535.710938	1027.593506
12354.808457	-1218.570333	1534.659180	1395.744995
12354.808457	-1218.570333	1533.606445	1128.150879
12354.808457	-1218.570333	1532.552734	1137.655029
12354.808457	-1218.570333	1531.500000	1020.166809
12354.808457	-1218.570333	1530.446289	1159.189941
12354.808457	-1218.570333	1529.393555	1089.556274
12354.808457	-1218.570333	1528.338867	1128.885864
12354.808457	-1218.570333	1527.285156	1336.098389
12354.808457	-1218.570333	1526.231445	1051.352661
12354.808457	-1218.570333	1525.176758	1310.805664
12354.808457	-1218.570333	1524.122070	981.027832
12354.808457	-1218.570333	1523.067383	719.447693
12354.808457	-1218.570333	1522.012695	741.232056
12354.808457	-1218.570333	1520.957031	917.105774
12354.808457	-1218.570333	1519.901367	522.367249
12354.808457	-1218.570333	1518.845703	589.737000
12354.808457	-1218.570333	1517.790039	632.277405
12354.808457	-1218.570333	1516.734375	256.227448
12354.808457	-1218.570333	1515.677734	301.269470
12354.808457	-1218.570333	1514.621094	362.229706
12354.808457	-1218.570333	1513.564453	520.523010
12354.808457	-1218.570333	1512.507813	427.849274
12354.808457	-1218.570333	1511.450195	366.960602
12354.808457	-1218.570333	1510.393555	378.538788
12354.808457	-1218.570333	1509.335938	415.069672
12354.808457	-1218.570333	1508.278320	318.379822
12354.808457	-1218.570333	1507.219727	352.852478
12354.808457	-1218.570333	1506.162109	170.598389
12354.808457	-1218.570333	1505.103516	243.689056
12354.808457	-1218.570333	1504.044922	362.015106
12354.808457	-1218.570333	1502.986328	114.723686
12354.808457	-1218.570333	1501.926758	75.261009
12354.808457	-1218.570333	1500.868164	94.598061
12354.808457	-1218.570333	1499.808594	-59.676033
12354.808457	-1218.570333	1498.749023	-26.570650
12354.808457	-1218.570333	1497.688477	-295.547363
12354.808457	-1218.570333	1496.628906	10.622665
12354.808457	-1218.570333	1495.568359	154.480591
12354.808457	-1218.570333	1494.507813	12.177710
12354.808457	-1218.570333	1493.447266	-48.836182
12354.808457	-1218.570333	1492.386719	29.962946
12354.808457	-1218.570333	1491.325195	149.384598
12354.808457	-1218.570333	1490.263672	-237.802216
12354.808457	-1218.570333	1489.202148	-167.671188
12354.808457	-1218.570333	1488.140625	39.862221
12354.808457	-1218.570333	1487.079102	-63.144810
12354.808457	-1218.570333	1486.016602	-91.742607
12354.808457	-1218.570333	1484.954102	107.007133
12354.808457	-1218.570333	1483.891602	29.145939
12354.808457	-1218.570333	1482.829102	95.359840
12354.808457	-1218.570333	1481.765625	51.498356
12354.808457	-1218.570333	1480.702148	-73.142303
12354.808457	-1218.570333	1479.638672	47.347496
12354.808457	-1218.570333	1478.575195	19.640089
12354.808457	-1218.570333	1477.511719	147.036697
12354.808457	-1218.570333	1476.447266	121.848312
12354.808457	-1218.570333	1475.382813	132.660538
12354.808457	-1218.570333	1474.318359	356.877106
12354.808457	-1218.570333	1473.253906	486.847076
12354.808457	-1218.570333	1472.189453	430.752441
12354.808457	-1218.570333	1471.124023	590.201599
12354.808457	-1218.570333	1470.058594	679.823547
12354.808457	-1218.570333	1468.993164	583.794312
12354.808457	-1218.570333	1467.927734	680.446350
12354.808457	-1218.570333	1466.861328	815.416748
12354.808457	-1218.570333	1465.794922	800.279297
12354.808457	-1218.570333	1464.728516	1049.616333
12354.808457	-1218.570333	1463.662109	929.692749
12354.808457	-1218.570333	1462.594727	939.602234
12354.808457	-1218.570333	1461.528320	913.662354
12354.808457	-1218.570333	1460.460938	1024.340576
12354.808457	-1218.570333	1459.393555	945.838623
12354.808457	-1218.570333	1458.326172	835.139221
12354.808457	-1218.570333	1457.257813	943.864868
12354.808457	-1218.570333	1456.189453	828.202332
12354.808457	-1218.570333	1455.121094	793.684143
12354.808457	-1218.570333	1454.052734	1029.930542
12354.808457	-1218.570333	1452.984375	931.193604
12354.808457	-1218.570333	1451.915039	845.796753
12354.808457	-1218.570333	1450.845703	1130.347900
12354.808457	-1218.570333	1449.776367	1050.722290
12354.808457	-1218.570333	1448.707031	1075.791992
12354.808457	-1218.570333	1447.636719	1165.338745
12354.808457	-1218.570333	1446.567383	987.430603
12354.808457	-1218.570333	1445.497070	1186.345703
12354.808457	-1218.570333	1444.425781	986.748779
12354.808457	-1218.570333	1443.355469	1075.545532
12354.808457	-1218.570333	1442.285156	904.988831
12354.808457	-1218.570333	1441.213867	860.673462
12354.808457	-1218.570333	1440.142578	1227.416992
12354.808457	-1218.570333	1439.070313	1073.710205
12354.808457	-1218.570333	1437.999023	951.211548
12354.808457	-1218.570333	1436.926758	1097.196289
12354.808457	-1218.570333	1435.854492	1160.209106
12354.808457	-1218.570333	1434.782227	692.990234
12354.808457	-1218.570333	1433.709961	878.507324
12354.808457	-1218.570333	1432.636719	673.255615
12354.808457	-1218.570333	1431.563477	856.659119
12354.808457	-1218.570333	1430.490234	691.074097
12354.808457	-1218.570333	1429.416992	385.699738
12354.808457	-1218.570333	1428.343750	598.470520
12354.808457	-1218.570333	1427.269531	374.298340
12354.808457	-1218.570333	1426.195313	306.266479
12354.808457	-1218.570333	1425.121094	332.742035
12354.808457	-1218.570333	1424.046875	323.154572
12354.808457	-1218.570333	1422.971680	423.514008
12354.808457	-1218.570333	1421.896484	443.505707
12354.808457	-1218.570333	1420.821289	463.141174
12354.808457	-1218.570333	1419.746094	420.335327
12354.808457	-1218.570333	1418.669922	554.110291
12354.808457	-1218.570333	1417.594727	586.469177
12354.808457	-1218.570333	1416.518555	598.970215
12354.808457	-1218.570333	1415.442383	716.956116
12354.808457	-1218.570333	1414.365234	805.726807
12354.808457	-1218.570333	1413.289063	681.260925
12354.808457	-1218.570333	1412.211914	879.707458
12354.808457	-1218.570333	1411.134766	865.287537
12354.808457	-1218.570333	1410.057617	740.608276
12354.808457	-1218.570333	1408.979492	1046.693726
12354.808457	-1218.570333	1407.902344	999.557495
12354.808457	-1218.570333	1406.824219	1253.876953
12354.808457	-1218.570333	1405.746094	880.590515
12354.808457	-1218.570333	1404.666992	957.639465
12354.808457	-1218.570333	1403.588867	989.282471
12354.808457	-1218.570333	1402.509766	771.946106
12354.808457	-1218.570333	1401.430664	985.319824
12354.808457	-1218.570333	1400.351563	846.063477
12354.808457	-1218.570333	1399.271484	890.020447
12354.808457	-1218.570333	1398.192383	837.322144
12354.808457	-1218.570333	1397.112305	839.502625
12354.808457	-1218.570333	1396.031250	725.597900
12354.808457	-1218.570333	1394.951172	738.309937
12354.808457	-1218.570333	1393.871094	672.549683
12354.808457	-1218.570333	1392.790039	787.116333
12354.808457	-1218.570333	1391.708984	638.494141
12354.808457	-1218.570333	1390.626953	903.464050
12354.808457	-1218.570333	1389.545898	910.264648
12354.808457	-1218.570333	1388.463867	705.855713
12354.808457	-1218.570333	1387.381836	757.913452
12354.808457	-1218.570333	1386.299805	824.030945
12354.808457	-1218.570333	1385.217773	704.376648
12354.808457	-1218.570333	1384.134766	875.514343
12354.808457	-1218.570333	1383.051758	646.897888
12354.808457	-1218.570333	1381.968750	720.667297
12354.808457	-1218.570333	1380.885742	971.453918
12354.808457	-1218.570333	1379.802734	726.125244
12354.808457	-1218.570333	1378.718750	710.394897
12354.808457	-1218.570333	1377.634766	892.477905
12354.808457	-1218.570333	1376.550781	677.067078
12354.808457	-1218.570333	1375.465820	661.559875
12354.808457	-1218.570333	1374.381836	855.633972
12354.808457	-1218.570333	1373.296875	655.625305
12354.808457	-1218.570333	1372.211914	652.972778
12354.808457	-1218.570333	1371.126953	659.862305
12354.808457	-1218.570333	1370.041016	555.054199
12354.808457	-1218.570333	1368.955078	823.745972
12354.808457	-1218.570333	1367.869141	956.294189
12354.808457	-1218.570333	1366.783203	784.498047
12354.808457	-1218.570333	1365.697266	626.421204
12354.808457	-1218.570333	1364.610352	813.955322
12354.808457	-1218.570333	1363.523438	735.063843
12354.808457	-1218.570333	1362.436523	1006.259766
12354.808457	-1218.570333	1361.349609	739.907410
12354.808457	-1218.570333	1360.261719	820.218262
12354.808457	-1218.570333	1359.174805	864.328735
12354.808457	-1218.570333	1358.086914	674.966248
12354.808457	-1218.570333	1356.998047	828.410400
12354.808457	-1218.570333	1355.910156	691.421265
12354.808457	-1218.570333	1354.821289	673.300781
12354.808457	-1218.570333	1353.732422	737.465637
12354.808457	-1218.570333	1352.643555	617.933472
12354.808457	-1218.570333	1351.554688	709.971924
12354.808457	-1218.570333	1350.464844	655.673157
12354.808457	-1218.570333	1349.375000	679.429810
12354.808457	-1218.570333	1348.285156	767.907959
12354.808457	-1218.570333	1347.195313	683.952393
12354.808457	-1218.570333	1346.105469	549.215637
12354.808457	-1218.570333	1345.014648	403.986267
12354.808457	-1218.570333	1343.923828	752.212219
12354.808457	-1218.570333	1342.833008	692.773438
12354.808457	-1218.570333	1341.741211	717.551636
12354.808457	-1218.570333	1340.650391	886.478821
12354.808457	-1218.570333	1339.558594	845.807739
12354.808457	-1218.570333	1338.466797	801.844177
12354.808457	-1218.570333	1337.374023	763.079651
12354.808457	-1218.570333	1336.282227	553.676758
12354.808457	-1218.570333	1335.189453	490.784485
12354.808457	-1218.570333	1334.096680	452.299072
12354.808457	-1218.570333	1333.003906	679.531006
12354.808457	-1218.570333	1331.910156	822.426208
12354.808457	-1218.570333	1330.817383	536.791992
12354.808457	-1218.570333	1329.723633	541.596497
12354.808457	-1218.570333	1328.629883	511.582123
12354.808457	-1218.570333	1327.535156	631.273254
12354.808457	-1218.570333	1326.441406	536.661072
12354.808457	-1218.570333	1325.346680	470.689850
12354.808457	-1218.570333	1324.251953	616.224792
12354.808457	-1218.570333	1323.156250	595.825562
12354.808457	-1218.570333	1322.061523	780.178223
12354.808457	-1218.570333	1320.965820	717.615173
12354.808457	-1218.570333	1319.870117	746.424194
12354.808457	-1218.570333	1318.774414	705.247681
12354.808457	-1218.570333	1317.678711	772.217346
12354.808457	-1218.570333	1316.582031	614.082764
12354.808457	-1218.570333	1315.485352	844.710449
12354.808457	-1218.570333	1314.388672	818.911682
12354.808457	-1218.570333	1313.291016	875.823914
12354.808457	-1218.570333	1312.194336	764.268616
12354.808457	-1218.570333	1311.096680	940.217041
12354.808457	-1218.570333	1309.999023	837.435852
12354.808457	-1218.570333	1308.901367	673.821167
12354.808457	-1218.570333	1307.802734	603.515747
12354.808457	-1218.570333	1306.705078	725.445679
12354.808457	-1218.570333	1305.606445	982.094727
12354.808457	-1218.570333	1304.506836	782.624939
12354.808457	-1218.570333	1303.408203	913.258972
12354.808457	-1218.570333	1302.308594	745.633240
12354.808457	-1218.570333	1301.208984	622.685547
12354.808457	-1218.570333	1300.109375	748.611023
12354.808457	-1218.570333	1299.009766	678.837219
12354.808457	-1218.570333	1297.909180	771.969055
12354.808457	-1218.570333	1296.808594	831.619873
12354.808457	-1218.570333	1295.708008	503.627441
12354.808457	-1218.570333	1294.607422	588.797119
12354.808457	-1218.570333	1293.506836	672.220459
12354.808457	-1218.570333	1292.405273	655.740906
12354.808457	-1218.570333	1291.303711	669.302734
12354.808457	-1218.570333	1290.202148	710.319641
12354.808457	-1218.570333	1289.099609	636.335510
12354.808457	-1218.570333	1287.998047	557.921143
12354.808457	-1218.570333	1286.895508	507.311859
12354.808457	-1218.570333	1285.792969	303.154785
12354.808457	-1218.570333	1284.689453	562.259399
12354.808457	-1218.570333	1283.586914	477.178802
12354.808457	-1218.570333	1282.483398	456.465851
12354.808457	-1218.570333	1281.379883	488.977509
12354.808457	-1218.570333	1280.276367	436.234009
12354.808457	-1218.570333	1279.171875	84.665085
12354.808457	-1218.570333	1278.067383	349.735992
12354.808457	-1218.570333	1276.962891	353.600708
12354.808457	-1218.570333	1275.858398	156.564636
12354.808457	-1218.570333	1274.753906	192.091324
12354.808457	-1218.570333	1273.648438	150.398788
12354.808457	-1218.570333	1272.542969	105.505806
12354.808457	-1218.570333	1271.437500	146.217712
12354.808457	-1218.570333	1270.331055	234.901047
12354.808457	-1218.570333	1269.225586	162.517212
12354.808457	-1218.570333	1268.119141	189.443100
12354.808457	-1218.570333	1267.012695	293.421967
12354.808457	-1218.570333	1265.906250	-13.152935
12354.808457	-1218.570333	1264.798828	115.707062
12354.808457	-1218.570333	1263.691406	83.419952
12354.808457	-1218.570333	1262.583984	-12.777273
12354.808457	-1218.570333	1261.476563	-62.661274
12354.808457	-1218.570333	1260.368164	2.685394
12354.808457	-1218.570333	1259.260742	84.521683
12354.808457	-1218.570333	1258.152344	-37.926582
12354.808457	-1218.570333	1257.043945	-35.348930
12354.808457	-1218.570333	1255.934570	106.689697
12354.808457	-1218.570333	1254.825195	131.250748
12354.808457	-1218.570333	1253.716797	14.682713
12354.808457	-1218.570333	1252.606445	62.319736
12354.808457	-1218.570333	1251.497070	46.999954
12354.808457	-1218.570333	1250.387695	-14.414801
12354.808457	-1218.570333	1249.277344	-34.785336
12354.808457	-1218.570333	1248.166992	64.842331
12354.808457	-1218.570333	1247.055664	36.582989
12354.808457	-1218.570333	1245.945313	8.137856
12354.808457	-1218.570333	1244.833984	-67.957558
12354.808457	-1218.570333	1243.722656	73.716560
12354.808457	-1218.570333	1242.611328	12.026152
12354.808457	-1218.570333	1241.499023	-32.363243
12354.808457	-1218.570333	1240.387695	-100.426117
12354.808457	-1218.570333	1239.275391	10.410100
12354.808457	-1218.570333	1238.162109	7.879498
12354.808457	-1218.570333	1237.049805	-3.560718
12354.808457	-1218.570333	1235.936523	29.889513
12354.808457	-1218.570333	1234.823242	43.678406
12354.808457	-1218.570333	1233.709961	1.910195
12354.808457	-1218.570333	1232.596680	36.471359
12354.808457	-1218.570333	1231.482422	83.139664
12354.808457	-1218.570333	1230.369141	117.007271
12354.808457	-1218.570333	1229.253906	217.375702
12354.808457	-1218.570333	1228.139648	310.543549
12354.808457	-1218.570333	1227.025391	192.532730
12354.808457	-1218.570333	1225.910156	78.489090
12354.808457	-1218.570333	1224.794922	18.679396
12354.808457	-1218.570333	1223.679688	205.851471
12354.808457	-1218.570333	1222.563477	135.676514
12354.808457	-1218.570333	1221.447266	268.988708
12354.808457	-1218.570333	1220.331055	142.767395
12354.808457	-1218.570333	1219.214844	263.583649
12354.808457	-1218.570333	1218.098633	283.807373
12354.808457	-1218.570333	1216.981445	314.836273
12354.808457	-1218.570333	1215.864258	423.530060
12354.808457	-1218.570333	1214.747070	354.684448
12354.808457	-1218.570333	1213.629883	230.642105
12354.808457	-1218.570333	1212.511719	230.507553
12354.808457	-1218.570333	1211.393555	244.156357
12354.808457	-1218.570333	1210.275391	40.741661
12354.808457	-1218.570333	1209.157227	83.976234
12354.808457	-1218.570333	1208.038086	35.111988
12354.808457	-1218.570333	1206.918945	206.629105
12354.808457	-1218.570333	1205.799805	109.508911
12354.808457	-1218.570333	1204.680664	10.925138
12354.808457	-1218.570333	1203.560547	163.586578
12354.808457	-1218.570333	1202.441406	-33.282127
12354.808457	-1218.570333	1201.321289	-73.847282
12354.808457	-1218.570333	1200.200195	83.024673
12354.808457	-1218.570333	1199.080078	5.558693
12354.808457	-1218.570333	1197.958984	-60.366879
12354.808457	-1218.570333	1196.837891	-77.065353
12354.808457	-1218.570333	1195.716797	68.222992
12354.808457	-1218.570333	1194.594727	-74.051163
12354.808457	-1218.570333	1193.473633	-102.733665
12354.808457	-1218.570333	1192.351563	-113.042305
12354.808457	-1218.570333	1191.229492	14.080987
12354.808457	-1218.570333	1190.106445	-112.247269
12354.808457	-1218.570333	1188.984375	-165.885178
12354.808457	-1218.570333	1187.861328	-220.237411
12354.808457	-1218.570333	1186.738281	-137.581604
12354.808457	-1218.570333	1185.614258	-124.080734
12354.808457	-1218.570333	1184.491211	-114.545532
12354.808457	-1218.570333	1183.367188	-187.033447
12354.808457	-1218.570333	1182.243164	-94.831619
12354.808457	-1218.570333	1181.119141	-66.773956
12354.808457	-1218.570333	1179.994141	5.798603
12354.808457	-1218.570333	1178.869141	57.642078
12354.808457	-1218.570333	1177.744141	3.322982
12354.808457	-1218.570333	1176.619141	-121.584358
12354.808457	-1218.570333	1175.493164	-15.331252
12354.808457	-1218.570333	1174.368164	-69.244850
12354.808457	-1218.570333	1173.242188	113.536316
12354.808457	-1218.570333	1172.115234	37.454605
12354.808457	-1218.570333	1170.989258	80.645180
12354.808457	-1218.570333	1169.862305	-47.369705
12354.808457	-1218.570333	1168.735352	-137.252304
12354.808457	-1218.570333	1167.608398	116.305183
12354.808457	-1218.570333	1166.481445	129.912354
12354.808457	-1218.570333	1165.353516	85.237305
12354.808457	-1218.570333	1164.225586	148.486267
12354.808457	-1218.570333	1163.097656	39.762985
12354.808457	-1218.570333	1161.968750	25.549847
12354.808457	-1218.570333	1160.840820	18.928673
12354.808457	-1218.570333	1159.711914	110.808266
12354.808457	-1218.570333	1158.583008	200.725342
12354.808457	-1218.570333	1157.453125	67.587799
12354.808457	-1218.570333	1156.324219	0.174400
12354.808457	-1218.570333	1155.194336	30.286951
12354.808457	-1218.570333	1154.064453	37.605080
12354.808457	-1218.570333	1152.933594	-22.978201
12354.808457	-1218.570333	1151.803711	-60.290920
12354.808457	-1218.570333	1150.672852	-76.824783
12354.808457	-1218.570333	1149.541992	-67.142014
12354.808457	-1218.570333	1148.411133	-110.823257
12354.808457	-1218.570333	1147.279297	52.559315
12354.808457	-1218.570333	1146.147461	35.240646
12354.808457	-1218.570333	1145.015625	-83.266136
12354.808457	-1218.570333	1143.883789	68.024750
12354.808457	-1218.570333	1142.750977	4.212765
12354.808457	-1218.570333	1141.619141	56.684296
12354.808457	-1218.570333	1140.486328	-38.751923
12354.808457	-1218.570333	1139.352539	20.377991
12354.808457	-1218.570333	1138.219727	-9.169902
12354.808457	-1218.570333	1137.085938	322.979095
12354.808457	-1218.570333	1135.952148	137.991394
12354.808457	-1218.570333	1134.818359	241.067749
12354.808457	-1218.570333	1133.683594	213.382263
12354.808457	-1218.570333	1132.549805	360.257294
12354.808457	-1218.570333	1131.415039	284.903717
12354.808457	-1218.570333	1130.279297	309.758331
12354.808457	-1218.570333	1129.144531	456.986908
12354.808457	-1218.570333	1128.008789	454.076172
12354.808457	-1218.570333	1126.873047	606.622986
12354.808457	-1218.570333	1125.737305	479.197388
12354.808457	-1218.570333	1124.601563	398.884949
12354.808457	-1218.570333	1123.464844	396.704865
12354.808457	-1218.570333	1122.328125	264.985840
12354.808457	-1218.570333	1121.191406	495.354584
12354.808457	-1218.570333	1120.054688	354.319641
12354.808457	-1218.570333	1118.916992	385.111755
12354.808457	-1218.570333	1117.779297	520.137207
12354.808457	-1218.570333	1116.641602	429.326447
12354.808457	-1218.570333	1115.503906	365.502563
12354.808457	-1218.570333	1114.365234	258.681122
12354.808457	-1218.570333	1113.226563	322.506165
12354.808457	-1218.570333	1112.087891	127.535118
12354.808457	-1218.570333	1110.949219	256.518860
12354.808457	-1218.570333	1109.809570	393.262695
12354.808457	-1218.570333	1108.669922	384.788055
12354.808457	-1218.570333	1107.530273	35.452221
12354.808457	-1218.570333	1106.390625	190.238510
12354.808457	-1218.570333	1105.250000	404.857239
12354.808457	-1218.570333	1104.109375	302.086090
12354.808457	-1218.570333	1102.968750	435.260925
12354.808457	-1218.570333	1101.828125	417.245972
12354.808457	-1218.570333	1100.686523	368.431946
12354.808457	-1218.570333	1099.544922	377.378113
12354.808457	-1218.570333	1098.403320	579.060059
12354.808457	-1218.570333	1097.261719	537.051147
12354.808457	-1218.570333	1096.120117	590.346436
12354.808457	-1218.570333	1094.977539	645.506226
12354.808457	-1218.570333	1093.834961	525.186035
12354.808457	-1218.570333	1092.691406	570.780823
12354.808457	-1218.570333	1091.548828	640.059387
12354.808457	-1218.570333	1090.405273	816.328186
12354.808457	-1218.570333	1089.261719	564.951233
12354.808457	-1218.570333	1088.118164	493.889557
12354.808457	-1218.570333	1086.973633	700.140381
12354.808457	-1218.570333	1085.829102	573.745728
12354.808457	-1218.570333	1084.684570	559.179382
12354.808457	-1218.570333	1083.540039	545.793091
12354.808457	-1218.570333	1082.395508	447.581207
12354.808457	-1218.570333	1081.250000	330.259308
12354.808457	-1218.570333	1080.104492	448.509583
12354.808457	-1218.570333	1078.958984	474.371307
12354.808457	-1218.570333	1077.812500	509.215149
12354.808457	-1218.570333	1076.666016	545.384705
12354.808457	-1218.570333	1075.519531	775.302063
12354.808457	-1218.570333	1074.373047	715.093628
12354.808457	-1218.570333	1073.226563	698.751831
12354.808457	-1218.570333	1072.079102	644.785583
12354.808457	-1218.570333	1070.931641	847.705078
12354.808457	-1218.570333	1069.784180	821.636597
12354.808457	-1218.570333	1068.635742	969.975586
12354.808457	-1218.570333	1067.487305	767.085999
12354.808457	-1218.570333	1066.338867	961.351013
12354.808457	-1218.570333	1065.190430	842.726135
12354.808457	-1218.570333	1064.041992	777.380737
12354.808457	-1218.570333	1062.892578	958.248962
12354.808457	-1218.570333	1061.743164	965.014587
12354.808457	-1218.570333	1060.593750	896.203430
12354.808457	-1218.570333	1059.443359	789.257263
12354.808457	-1218.570333	1058.292969	796.237061
12354.808457	-1218.570333	1057.142578	684.158997
12354.808457	-1218.570333	1055.992188	316.893677
12354.808457	-1218.570333	1054.841797	402.028534
12354.808457	-1218.570333	1053.690430	452.581146
12354.808457	-1218.570333	1052.539063	438.832703
12354.808457	-1218.570333	1051.387695	367.598267
12354.808457	-1218.570333	1050.235352	465.664703
12354.808457	-1218.570333	1049.083984	513.269470
12354.808457	-1218.570333	1047.931641	486.026672
12354.808457	-1218.570333	1046.778320	383.072510
12354.808457	-1218.570333	1045.625977	279.441803
12354.808457	-1218.570333	1044.472656	302.849823
12354.808457	-1218.570333	1043.319336	294.056030
12354.808457	-1218.570333	1042.166016	329.034790
12354.808457	-1218.570333	1041.012695	505.109955
12354.808457	-1218.570333	1039.858398	431.440887
12354.808457	-1218.570333	1038.704102	577.221985
12354.808457	-1218.570333	1037.549805	679.033142
12354.808457	-1218.570333	1036.394531	470.299988
12354.808457	-1218.570333	1035.239258	464.742676
12354.808457	-1218.570333	1034.083984	498.882446
12354.808457	-1218.570333	1032.928711	541.738525
12354.808457	-1218.570333	1031.773438	436.341064
12354.808457	-1218.570333	1030.617188	546.225830
12354.808457	-1218.570333	1029.460938	216.569351
12354.808457	-1218.570333	1028.304688	558.460266
12354.808457	-1218.570333	1027.147461	375.973389
12354.808457	-1218.570333	1025.991211	560.942993
12354.808457	-1218.570333	1024.833984	428.137787
12354.808457	-1218.570333	1023.675781	505.877747
12354.808457	-1218.570333	1022.518555	573.790588
12354.808457	-1218.570333	1021.360352	530.700378
12354.808457	-1218.570333	1020.202148	367.908264
12354.808457	-1218.570333	1019.043945	424.708038
12354.808457	-1218.570333	1017.884766	456.903473
12354.808457	-1218.570333	1016.726563	292.050781
12354.808457	-1218.570333	1015.567383	251.026062
12354.808457	-1218.570333	1014.407227	183.851517
12354.808457	-1218.570333	1013.248047	203.982178
12354.808457	-1218.570333	1012.087891	226.960815
12354.808457	-1218.570333	1010.927734	239.058899
12354.808457	-1218.570333	1009.767578	315.555695
12354.808457	-1218.570333	1008.606445	352.455688
12354.808457	-1218.570333	1007.446289	257.396210
12354.808457	-1218.570333	1006.285156	389.292511
12354.808457	-1218.570333	1005.123047	231.936417
12354.808457	-1218.570333	1003.961914	21.517330
12354.808457	-1218.570333	1002.799805	275.043976
12354.808457	-1218.570333	1001.637695	205.765869
12354.808457	-1218.570333	1000.475586	204.854919
12354.808457	-1218.570333	999.312500	147.331863
12354.808457	-1218.570333	998.149414	99.724709
12354.808457	-1218.570333	996.986328	165.507141
12354.808457	-1218.570333	995.823242	-38.920410
12354.808457	-1218.570333	994.659180	310.462646
12354.808457	-1218.570333	993.496094	159.310486
12354.808457	-1218.570333	992.332031	-17.042757
12354.808457	-1218.570333	991.166992	-29.043476
12354.808457	-1218.570333	990.002930	73.618103
12354.808457	-1218.570333	988.837891	-6.008361
12354.808457	-1218.570333	987.672852	-101.880714
12354.808457	-1218.570333	986.506836	-57.811646
12354.808457	-1218.570333	985.341797	39.968945
12354.808457	-1218.570333	984.175781	160.497696
12354.808457	-1218.570333	983.009766	66.104057
12354.808457	-1218.570333	981.843750	77.709999
12354.808457	-1218.570333	980.676758	17.165754
12354.808457	-1218.570333	979.509766	124.567505
12354.808457	-1218.570333	978.342773	15.766916
12354.808457	-1218.570333	977.175781	139.282654
12354.808457	-1218.570333	976.007813	67.972633
12354.808457	-1218.570333	974.839844	122.649017
12354.808457	-1218.570333	973.671875	81.458405
12354.808457	-1218.570333	972.503906	-5.602023
12354.808457	-1218.570333	971.334961	-119.026985
12354.808457	-1218.570333	970.166016	-113.736626
12354.808457	-1218.570333	968.997070	68.288719
12354.808457	-1218.570333	967.828125	-2.519197
12354.808457	-1218.570333	966.658203	37.036217
12354.808457	-1218.570333	965.488281	-51.896702
12354.808457	-1218.570333	964.318359	-65.047318
12354.808457	-1218.570333	963.148438	7.171401
12354.808457	-1218.570333	961.977539	-16.137793
12354.808457	-1218.570333	960.806641	-25.187790
12354.808457	-1218.570333	959.635742	0.043020
12354.808457	-1218.570333	958.463867	55.653416
12354.808457	-1218.570333	957.292969	-10.462985
12354.808457	-1218.570333	956.121094	60.484982
12354.808457	-1218.570333	954.948242	-17.334641
12354.808457	-1218.570333	953.776367	-67.463684
12354.808457	-1218.570333	952.603516	-10.888427
12354.808457	-1218.570333	951.430664	-90.276695
12354.808457	-1218.570333	950.257813	10.083552
12354.808457	-1218.570333	949.084961	23.700232
12354.808457	-1218.570333	947.911133	-75.831924
12354.808457	-1218.570333	946.737305	19.104471
12354.808457	-1218.570333	945.563477	55.684322
12354.808457	-1218.570333	944.388672	0.974008
12354.808457	-1218.570333	943.213867	174.564560
12354.808457	-1218.570333	942.039063	182.047882
12354.808457	-1218.570333	940.864258	67.017815
12354.808457	-1218.570333	939.688477	172.724289
12354.808457	-1218.570333	938.513672	37.012409
12354.808457	-1218.570333	937.337891	288.704224
12354.808457	-1218.570333	936.161133	260.510742
12354.808457	-1218.570333	934.985352	196.479202
12354.808457	-1218.570333	933.808594	177.219727
12354.808457	-1218.570333	932.631836	196.010849
12354.808457	-1218.570333	931.454102	178.957932
12354.808457	-1218.570333	930.277344	314.095520
12354.808457	-1218.570333	929.099609	93.437988
12354.808457	-1218.570333	927.921875	241.974792
12354.808457	-1218.570333	926.743164	191.438263
12354.808457	-1218.570333	925.565430	169.951721
12354.808457	-1218.570333	924.386719	322.824493
12354.808457	-1218.570333	923.208008	182.909286
12354.808457	-1218.570333	922.028320	248.601471
12354.808457	-1218.570333	920.849609	218.232346
12354.808457	-1218.570333	919.669922	216.939377
12354.808457	-1218.570333	919.474609	53.660927
12354.808457	-1218.570333	918.309570	159.591110
12354.808457	-1218.570333	917.143555	278.884338
12354.808457	-1218.570333	915.977539	105.738899
12354.808457	-1218.570333	914.810547	30.868521
12354.808457	-1218.570333	913.644531	116.689224
12354.808457	-1218.570333	912.477539	93.184235
12354.808457	-1218.570333	911.310547	257.048828
12354.808457	-1218.570333	910.143555	-18.410524
12354.808457	-1218.570333	908.975586	140.985825
12354.808457	-1218.570333	907.807617	-112.012291
12354.808457	-1218.570333	906.639648	-17.246794
12354.808457	-1218.570333	905.471680	84.184494
12354.808457	-1218.570333	904.303711	-30.476410
12354.808457	-1218.570333	903.134766	142.226517
12354.808457	-1218.570333	901.965820	-16.886705
12354.808457	-1218.570333	900.796875	48.933739
12354.808457	-1218.570333	899.626953	83.591148
12354.808457	-1218.570333	898.457031	4.770711
12354.808457	-1218.570333	897.287109	-140.735825
12354.808457	-1218.570333	896.117188	34.155300
12354.808457	-1218.570333	894.947266	217.897919
12354.808457	-1218.570333	893.776367	90.308502
12354.808457	-1218.570333	892.605469	216.223404
12354.808457	-1218.570333	891.434570	213.209732
12354.808457	-1218.570333	890.262695	225.781235
12354.808457	-1218.570333	889.091797	0.663417
12354.808457	-1218.570333	887.919922	104.406563
12354.808457	-1218.570333	886.748047	201.478683
12354.808457	-1218.570333	885.575195	238.595749
12354.808457	-1218.570333	884.403320	173.619705
12354.808457	-1218.570333	883.230469	110.924248
12354.808457	-1218.570333	882.057617	57.165707
12354.808457	-1218.570333	880.883789	21.211491
12354.808457	-1218.570333	879.710938	-36.869743
12354.808457	-1218.570333	878.537109	-159.201157
12354.808457	-1218.570333	877.362305	-39.778229
12354.808457	-1218.570333	876.188477	88.500679
12354.808457	-1218.570333	875.013672	212.333832
12354.808457	-1218.570333	873.839844	21.517021
12354.808457	-1218.570333	872.664063	56.779778
12354.808457	-1218.570333	871.489258	176.233337
12354.808457	-1218.570333	870.313477	207.102570
12354.808457	-1218.570333	869.138672	-23.245800
12354.808457	-1218.570333	867.962891	195.880981
12354.808457	-1218.570333	866.786133	-16.583002
12354.808457	-1218.570333	865.610352	60.931870
12354.808457	-1218.570333	864.433594	189.337250
12354.808457	-1218.570333	863.256836	100.988869
12354.808457	-1218.570333	862.079102	178.562088
12354.808457	-1218.570333	860.902344	-35.674633
12354.808457	-1218.570333	859.724609	55.245285
12354.808457	-1218.570333	858.546875	-32.827515
12354.808457	-1218.570333	857.368164	-96.514481
12354.808457	-1218.570333	856.190430	-32.011372
12354.808457	-1218.570333	855.011719	74.473808
12354.808457	-1218.570333	853.833008	-106.086433
12354.808457	-1218.570333	852.654297	75.519020
12354.808457	-1218.570333	851.474609	-157.846802
12354.808457	-1218.570333	850.294922	136.330429
12354.808457	-1218.570333	849.115234	39.927795
12354.808457	-1218.570333	847.935547	102.428818
12354.808457	-1218.570333	846.754883	114.227852
12354.808457	-1218.570333	845.575195	-6.224240
12354.808457	-1218.570333	844.393555	142.361938
12354.808457	-1218.570333	843.212891	24.252771
12354.808457	-1218.570333	842.032227	175.069122
12354.808457	-1218.570333	840.850586	228.935944
12354.808457	-1218.570333	839.668945	-164.302887
12354.808457	-1218.570333	838.486328	101.114334
12354.808457	-1218.570333	837.304688	-170.747971
12354.808457	-1218.570333	836.122070	-90.249176
12354.808457	-1218.570333	834.939453	-33.945053
12354.808457	-1218.570333	833.756836	-103.036873
12354.808457	-1218.570333	832.573242	-158.853653
12354.808457	-1218.570333	831.389648	-60.637867
12354.808457	-1218.570333	830.206055	-155.928711
12354.808457	-1218.570333	829.022461	-33.477371
12354.808457	-1218.570333	827.838867	-84.678566
12354.808457	-1218.570333	826.654297	77.359489
12354.808457	-1218.570333	825.469727	89.968262
12354.808457	-1218.570333	824.284180	-7.217270
12354.808457	-1218.570333	823.099609	84.560501
12354.808457	-1218.570333	821.914063	145.606949
12354.808457	-1218.570333	820.728516	-124.828720
12354.808457	-1218.570333	819.542969	-136.107193
12354.808457	-1218.570333	818.356445	-39.805302
12354.808457	-1218.570333	817.169922	-53.200386
12354.808457	-1218.570333	815.983398	-29.255722
12354.808457	-1218.570333	814.796875	-25.015673
12354.808457	-1218.570333	813.609375	-22.925182
12354.808457	-1218.570333	812.422852	88.815498
12354.808457	-1218.570333	811.235352	-69.030762
12354.808457	-1218.570333	810.046875	-79.951645
12354.808457	-1218.570333	808.859375	25.285923
12354.808457	-1218.570333	807.670898	-51.279648
12354.808457	-1218.570333	806.482422	-226.319733
12354.808457	-1218.570333	805.293945	-31.226480
12354.808457	-1218.570333	804.104492	78.456627
12354.808457	-1218.570333	802.915039	-188.303268
12354.808457	-1218.570333	801.725586	-124.507774
12354.808457	-1218.570333	800.536133	-115.393845
12354.808457	-1218.570333	799.345703	7.492159
12354.808457	-1218.570333	798.155273	-33.645515
12354.808457	-1218.570333	796.964844	-39.748978
12354.808457	-1218.570333	795.774414	-131.064056
12354.808457	-1218.570333	794.583008	-134.888062
12354.808457	-1218.570333	793.392578	14.266915
12354.808457	-1218.570333	792.200195	51.987076
12354.808457	-1218.570333	791.008789	-19.480406
12354.808457	-1218.570333	789.816406	88.169128
12354.808457	-1218.570333	788.625000	110.659607
12354.808457	-1218.570333	787.432617	65.509613
12354.808457	-1218.570333	786.239258	96.786713
12354.808457	-1218.570333	785.046875	123.712677
12354.808457	-1218.570333	783.853516	109.212433
12354.808457	-1218.570333	782.660156	151.445694
12354.808457	-1218.570333	781.465820	208.952133
12354.808457	-1218.570333	780.272461	13.579274
12354.808457	-1218.570333	779.078125	-77.069160
12354.808457	-1218.570333	777.883789	21.920303
12354.808457	-1218.570333	776.688477	96.928162
12354.808457	-1218.570333	775.494141	110.933563
12354.808457	-1218.570333	774.298828	53.091076
12354.808457	-1218.570333	773.103516	84.557198
12354.808457	-1218.570333	771.907227	133.444855
12354.808457	-1218.570333	770.711914	10.393144
12354.808457	-1218.570333	769.515625	-23.376892
12354.808457	-1218.570333	768.318359	288.779175
12354.808457	-1218.570333	767.122070	231.065735
12354.808457	-1218.570333	765.924805	-2.747298
12354.808457	-1218.570333	764.727539	172.276627
12354.808457	-1218.570333	763.530273	114.657822
12354.808457	-1218.570333	762.333008	172.249573
12354.808457	-1218.570333	761.134766	140.743866
12354.808457	-1218.570333	759.936523	72.329109
12354.808457	-1218.570333	758.738281	-54.693180
12354.808457	-1218.570333	757.540039	0.736287
12354.808457	-1218.570333	756.340820	-74.107567
12354.808457	-1218.570333	755.141602	-53.419182
12354.808457	-1218.570333	753.942383	73.591164
12354.808457	-1218.570333	752.742188	-53.289936
12354.808457	-1218.570333	751.541992	-149.755005
12354.808457	-1218.570333	750.341797	-72.690155
12354.808457	-1218.570333	749.141602	-143.102570
12354.808457	-1218.570333	747.941406	-133.286545
12354.808457	-1218.570333	746.740234	123.594208
12354.808457	-1218.570333	745.539063	241.678177
12354.808457	-1218.570333	744.337891	-101.743034
12354.808457	-1218.570333	743.135742	105.120918
12354.808457	-1218.570333	741.933594	47.693661
12354.808457	-1218.570333	740.731445	167.807785
12354.808457	-1218.570333	739.529297	140.662048
12354.808457	-1218.570333	738.326172	76.721527
12354.808457	-1218.570333	737.124023	-56.453087
12354.808457	-1218.570333	735.919922	-48.977493
12354.808457	-1218.570333	734.716797	32.004269
12354.808457	-1218.570333	733.513672	281.590027
12354.808457	-1218.570333	732.309570	133.261337
12354.808457	-1218.570333	731.105469	190.303192
12354.808457	-1218.570333	729.900391	510.934387
12354.808457	-1218.570333	728.696289	-15.530259
12354.808457	-1218.570333	727.491211	218.545502
12354.808457	-1218.570333	726.286133	50.797363
12354.808457	-1218.570333	725.080078	163.780869
12354.808457	-1218.570333	723.874023	56.490143
12354.808457	-1218.570333	722.668945	208.196762
12354.808457	-1218.570333	721.461914	8.079964
12354.808457	-1218.570333	720.255859	233.006317
12354.808457	-1218.570333	719.048828	157.985672
12354.808457	-1218.570333	717.841797	91.577682
12354.808457	-1218.570333	716.634766	195.477158
12354.808457	-1218.570333	715.427734	249.707932
12354.808457	-1218.570333	714.219727	316.799866
12354.808457	-1218.570333	713.011719	142.490509
12354.808457	-1218.570333	711.803711	75.913116
12354.808457	-1218.570333	710.594727	140.692108
12354.808457	-1218.570333	709.385742	211.847397
12354.808457	-1218.570333	708.176758	89.159691
12354.808457	-1218.570333	706.967773	261.344269
12354.808457	-1218.570333	705.758789	241.873276
12354.808457	-1218.570333	704.548828	170.714645
12354.808457	-1218.570333	703.338867	99.523300
12354.808457	-1218.570333	702.127930	-29.767082
12354.808457	-1218.570333	700.917969	150.549728
12354.808457	-1218.570333	699.707031	40.515385
12354.808457	-1218.570333	698.496094	70.160034
12354.808457	-1218.570333	697.285156	-9.867417
12354.808457	-1218.570333	696.073242	161.425049
12354.808457	-1218.570333	694.861328	261.689850
12354.808457	-1218.570333	693.649414	155.684280
12354.808457	-1218.570333	692.436523	122.644371
12354.808457	-1218.570333	691.224609	173.254868
12354.808457	-1218.570333	690.011719	341.799683
12354.808457	-1218.570333	688.798828	272.026337
12354.808457	-1218.570333	687.584961	56.328762
12354.808457	-1218.570333	686.372070	228.833694
12354.808457	-1218.570333	685.158203	373.305054
12354.808457	-1218.570333	683.943359	526.205139
12354.808457	-1218.570333	682.729492	413.172821
12354.808457	-1218.570333	681.514648	670.824219
12354.808457	-1218.570333	680.299805	461.216858
12354.808457	-1218.570333	679.084961	414.398315
12354.808457	-1218.570333	677.869141	444.602905
12354.808457	-1218.570333	676.653320	521.804504
12354.808457	-1218.570333	675.437500	329.151245
12354.808457	-1218.570333	674.221680	363.344971
12354.808457	-1218.570333	673.004883	564.326904
12354.808457	-1218.570333	671.789063	365.070282
12354.808457	-1218.570333	670.571289	589.291443
12354.808457	-1218.570333	669.354492	473.306946
12354.808457	-1218.570333	668.136719	419.267426
12354.808457	-1218.570333	666.919922	557.521118
12354.808457	-1218.570333	665.701172	518.233398
12354.808457	-1218.570333	664.483398	575.001343
12354.808457	-1218.570333	663.264648	456.470123
12354.808457	-1218.570333	662.045898	696.679260
12354.808457	-1218.570333	660.827148	494.675598
12354.808457	-1218.570333	659.608398	696.123169
12354.808457	-1218.570333	658.388672	385.125427
12354.808457	-1218.570333	657.168945	479.586578
12354.808457	-1218.570333	655.949219	396.815277
12354.808457	-1218.570333	654.728516	522.995850
12354.808457	-1218.570333	653.507813	469.870697
12354.808457	-1218.570333	652.287109	476.347229
12354.808457	-1218.570333	651.066406	663.893372
12354.808457	-1218.570333	649.844727	616.805481
12354.808457	-1218.570333	648.623047	678.284546
12354.808457	-1218.570333	647.401367	596.884460
12354.808457	-1218.570333	646.179688	713.472717
12354.808457	-1218.570333	644.957031	719.156982
12354.808457	-1218.570333	643.734375	588.461853
12354.808457	-1218.570333	642.511719	566.250122
12354.808457	-1218.570333	641.289063	573.714539
12354.808457	-1218.570333	640.065430	551.260315
12354.808457	-1218.570333	638.841797	728.642212
12354.808457	-1218.570333	637.618164	527.267883
12354.808457	-1218.570333	636.393555	580.997437
12354.808457	-1218.570333	635.168945	696.224731
12354.808457	-1218.570333	633.944336	583.861450
12354.808457	-1218.570333	632.719727	607.409363
12354.808457	-1218.570333	631.494141	717.917603
12354.808457	-1218.570333	630.269531	571.247742
12354.808457	-1218.570333	629.042969	532.803772
12354.808457	-1218.570333	627.817383	734.159912
12354.808457	-1218.570333	626.590820	858.880432
12354.808457	-1218.570333	625.365234	764.833618
12354.808457	-1218.570333	624.137695	1001.681274
12354.808457	-1218.570333	622.911133	1081.325073
12354.808457	-1218.570333	621.683594	1069.602173
12354.808457	-1218.570333	620.456055	1070.475342
12354.808457	-1218.570333	619.228516	912.221252
12354.808457	-1218.570333	618.000977	997.644592
12354.808457	-1218.570333	616.772461	807.420044
12354.808457	-1218.570333	615.543945	670.109619
12354.808457	-1218.570333	614.314453	683.111389
12354.808457	-1218.570333	613.085938	651.510071
12354.808457	-1218.570333	611.856445	744.704895
12354.808457	-1218.570333	610.626953	670.502808
12354.808457	-1218.570333	609.397461	782.442261
12354.808457	-1218.570333	608.166992	585.277588
12354.808457	-1218.570333	606.936523	540.381409
12354.808457	-1218.570333	605.706055	355.785736
12354.808457	-1218.570333	604.474609	448.142029
12354.808457	-1218.570333	603.244141	542.452087
12354.808457	-1218.570333	602.012695	590.090393
12354.808457	-1218.570333	600.780273	527.690491
12354.808457	-1218.570333	599.548828	486.325073
12354.808457	-1218.570333	598.316406	370.918121
12354.808457	-1218.570333	597.083984	456.063324
12354.808457	-1218.570333	595.851563	122.992195
12354.808457	-1218.570333	594.618164	467.554138
12354.808457	-1218.570333	593.384766	493.161560
12354.808457	-1218.570333	592.151367	421.577423
12354.808457	-1218.570333	590.917969	322.480743
12354.808457	-1218.570333	589.683594	305.561554
12354.808457	-1218.570333	588.449219	225.272949
12354.808457	-1218.570333	587.214844	524.392700
12354.808457	-1218.570333	585.979492	418.564911
12354.808457	-1218.570333	584.745117	312.678619
12354.808457	-1218.570333	583.509766	259.394623
12354.808457	-1218.570333	582.273438	296.596100
12354.808457	-1218.570333	581.038086	481.103455
12354.808457	-1218.570333	579.801758	212.723633
12354.808457	-1218.570333	578.565430	333.803314
12354.808457	-1218.570333	577.329102	343.181305
12354.808457	-1218.570333	576.091797	480.807159
12354.808457	-1218.570333	574.854492	428.937164
12354.808457	-1218.570333	573.617188	604.153442
12354.808457	-1218.570333	572.378906	400.675934
12354.808457	-1218.570333	571.141602	373.805267
12354.808457	-1218.570333	569.903320	550.741089
12354.808457	-1218.570333	568.664063	420.682770
12354.808457	-1218.570333	567.425781	534.328796
12354.808457	-1218.570333	566.186523	255.017365
12354.808457	-1218.570333	564.947266	357.978424
12354.808457	-1218.570333	563.708008	444.019073
12354.808457	-1218.570333	562.467773	292.720612
12354.808457	-1218.570333	561.227539	330.308441
12354.808457	-1218.570333	559.987305	479.025421
12354.808457	-1218.570333	558.747070	409.423950
12354.808457	-1218.570333	557.505859	249.587280
12354.808457	-1218.570333	556.264648	328.819366
12354.808457	-1218.570333	555.023438	357.638641
12354.808457	-1218.570333	553.781250	478.611755
12354.808457	-1218.570333	552.539063	500.980438
12354.808457	-1218.570333	551.296875	389.191956
12354.808457	-1218.570333	550.054688	346.531555
12354.808457	-1218.570333	548.811523	406.459503
12354.808457	-1218.570333	547.569336	108.269440
12354.808457	-1218.570333	546.325195	109.514824
12354.808457	-1218.570333	545.082031	102.360420
12354.808457	-1218.570333	543.837891	210.258942
12354.808457	-1218.570333	542.593750	246.949829
12354.808457	-1218.570333	541.349609	9.589705
12354.808457	-1218.570333	540.105469	77.626236
12354.808457	-1218.570333	538.860352	-21.655891
12354.808457	-1218.570333	537.615234	33.772060
12354.808457	-1218.570333	536.369141	-6.979964
12354.808457	-1218.570333	535.124023	117.350235
12354.808457	-1218.570333	533.877930	-46.667332
12354.808457	-1218.570333	532.631836	-8.028154
12354.808457	-1218.570333	531.384766	7.617114
12354.808457	-1218.570333	530.138672	-198.019989
12354.808457	-1218.570333	528.891602	43.089710
12354.808457	-1218.570333	527.643555	-277.232697
12354.808457	-1218.570333	526.396484	-175.963120
12354.808457	-1218.570333	525.148438	-5.891594
12354.808457	-1218.570333	523.900391	-192.473404
12354.808457	-1218.570333	522.652344	-139.178421
12354.808457	-1218.570333	521.403320	45.440762
12354.808457	-1218.570333	520.154297	57.039177
12354.808457	-1218.570333	518.905273	239.526917
12354.808457	-1218.570333	517.656250	51.177380
12354.808457	-1218.570333	516.406250	114.954758
12354.808457	-1218.570333	515.156250	164.180038
12354.808457	-1218.570333	513.906250	-84.261047
12354.808457	-1218.570333	512.655273	12.962088
12354.808457	-1218.570333	511.404297	-295.573822
12354.808457	-1218.570333	510.153320	22.312880
12354.808457	-1218.570333	508.902344	-59.231327
12354.808457	-1218.570333	507.650391	34.010124
12354.808457	-1218.570333	506.398438	-22.407721
12354.808457	-1218.570333	505.146484	106.284660
12354.808457	-1218.570333	503.893555	68.740540
12354.808457	-1218.570333	502.641602	297.268585
12354.808457	-1218.570333	501.388672	168.482086
12354.808457	-1218.570333	500.134766	253.761093
12354.808457	-1218.570333	498.881836	312.119812
12354.808457	-1218.570333	497.627930	349.792023
12354.808457	-1218.570333	496.374023	26.410225
12354.808457	-1218.570333	495.119141	246.953323
12354.808457	-1218.570333	493.865234	123.132950
12354.808457	-1218.570333	492.610352	86.595612
12354.808457	-1218.570333	491.355469	-63.857769
12354.808457	-1218.570333	490.099609	-19.231432
12354.808457	-1218.570333	488.843750	-105.083160
12354.808457	-1218.570333	487.587891	6.118866
12354.808457	-1218.570333	486.332031	20.029430
12354.808457	-1218.570333	485.075195	-23.932604
12354.808457	-1218.570333	483.818359	2.687022
12354.808457	-1218.570333	482.561523	91.565376
12354.808457	-1218.570333	481.304688	14.942940
12354.808457	-1218.570333	480.046875	248.966309
12354.808457	-1218.570333	478.789063	278.187622
12354.808457	-1218.570333	477.531250	400.656677
12354.808457	-1218.570333	476.272461	765.239014
12354.808457	-1218.570333	475.013672	1080.199951
12354.808457	-1218.570333	473.754883	925.869202
12354.808457	-1218.570333	472.496094	1046.699707
12354.808457	-1218.570333	471.236328	723.323486
12354.808457	-1218.570333	469.976563	449.854736
12354.808457	-1218.570333	468.716797	313.024078
12354.808457	-1218.570333	467.456055	283.826172
12354.808457	-1218.570333	466.196289	81.384438
12354.808457	-1218.570333	464.935547	294.158630
12354.808457	-1218.570333	463.673828	294.438934
12354.808457	-1218.570333	462.413086	629.202942
12354.808457	-1218.570333	461.151367	454.433350
12354.808457	-1218.570333	459.889648	713.084595
12354.808457	-1218.570333	458.626953	825.401428
12354.808457	-1218.570333	457.364258	655.408875
12354.808457	-1218.570333	456.101563	524.851929
12354.808457	-1218.570333	454.838867	460.496674
12354.808457	-1218.570333	453.575195	472.598389
12354.808457	-1218.570333	452.312500	445.758789
12354.808457	-1218.570333	451.047852	167.864243
12354.808457	-1218.570333	449.784180	114.728218
12354.808457	-1218.570333	448.519531	152.391190
12354.808457	-1218.570333	447.254883	85.269035
12354.808457	-1218.570333	445.990234	-216.207581
12354.808457	-1218.570333	444.725586	-151.161926
12354.808457	-1218.570333	443.459961	-145.600006
12354.808457	-1218.570333	442.194336	-106.944458
12354.808457	-1218.570333	440.927734	-90.730804
12354.808457	-1218.570333	439.662109	-51.723171
12354.808457	-1218.570333	438.395508	-115.298645
12354.808457	-1218.570333	437.127930	-90.315086
12354.808457	-1218.570333	435.861328	27.277052
12354.808457	-1218.570333	434.593750	144.996155
12354.808457	-1218.570333	433.326172	168.387192
12354.808457	-1218.570333	432.058594	-7.184785
12354.808457	-1218.570333	430.790039	-12.166778
12354.808457	-1218.570333	429.521484	112.287491
12354.808457	-1218.570333	428.252930	-23.695271
12354.808457	-1218.570333	426.984375	168.699753
12354.808457	-1218.570333	425.714844	143.793152
12354.808457	-1218.570333	424.445313	90.335434
12354.808457	-1218.570333	423.174805	151.817490
12354.808457	-1218.570333	421.905273	63.801754
12354.808457	-1218.570333	420.634766	53.799324
12354.808457	-1218.570333	419.364258	-56.458923
12354.808457	-1218.570333	418.092773	165.200119
12354.808457	-1218.570333	416.822266	229.198730
12354.808457	-1218.570333	415.550781	-28.131817
12354.808457	-1218.570333	414.278320	66.741859
12354.808457	-1218.570333	413.006836	-26.609402
12354.808457	-1218.570333	411.734375	47.884769
12354.808457	-1218.570333	410.461914	-22.824993
12354.808457	-1218.570333	409.188477	106.920563
12354.808457	-1218.570333	407.916016	226.406677
12354.808457	-1218.570333	406.642578	131.233078
12354.808457	-1218.570333	405.368164	269.054260
12354.808457	-1218.570333	404.094727	269.907654
12354.808457	-1218.570333	402.820313	346.302307
12354.808457	-1218.570333	401.545898	367.473785
12354.808457	-1218.570333	400.270508	382.444336
12354.808457	-1218.570333	398.996094	436.107574
12354.808457	-1218.570333	397.720703	387.605408
12354.808457	-1218.570333	396.444336	222.702911
12354.808457	-1218.570333	395.168945	341.287354
12354.808457	-1218.570333	393.892578	469.861237
12354.808457	-1218.570333	392.616211	243.404968
12354.808457	-1218.570333	391.339844	188.092178
12354.808457	-1218.570333	390.062500	415.892670
12354.808457	-1218.570333	388.785156	89.086693
12354.808457	-1218.570333	387.507813	22.930538
12354.808457	-1218.570333	386.229492	164.273849
12354.808457	-1218.570333	384.951172	197.310989
12354.808457	-1218.570333	383.672852	313.469635
12354.808457	-1218.570333	382.394531	85.206947
12354.808457	-1218.570333	381.115234	113.069229
12354.808457	-1218.570333	379.835938	114.047165
12354.808457	-1218.570333	378.556641	31.170422
12354.808457	-1218.570333	377.277344	49.537071
12354.808457	-1218.570333	375.997070	55.179523
12354.808457	-1218.570333	374.716797	170.049866
12354.808457	-1218.570333	373.435547	162.341705
12354.808457	-1218.570333	372.155273	76.813217
12354.808457	-1218.570333	370.874023	-7.298839
12354.808457	-1218.570333	369.591797	204.476959
12354.808457	-1218.570333	368.310547	208.316528
12354.808457	-1218.570333	367.028320	-20.057491
12354.808457	-1218.570333	365.746094	134.495178
12354.808457	-1218.570333	364.463867	22.297556
12354.808457	-1218.570333	363.180664	41.134476
12354.808457	-1218.570333	361.897461	36.723610
12354.808457	-1218.570333	360.614258	98.266251
12354.808457	-1218.570333	359.330078	243.913406
12354.808457	-1218.570333	358.045898	47.874264
12354.808457	-1218.570333	356.761719	138.596329
12354.808457	-1218.570333	355.477539	153.144974
12354.808457	-1218.570333	354.192383	-68.533730
12354.808457	-1218.570333	352.907227	168.373795
12354.808457	-1218.570333	351.622070	77.845856
12354.808457	-1218.570333	350.336914	24.446270
12354.808457	-1218.570333	349.050781	-26.332943
12354.808457	-1218.570333	347.764648	-60.369480
12354.808457	-1218.570333	346.477539	27.447361
12354.808457	-1218.570333	345.191406	117.680153
12354.808457	-1218.570333	343.904297	26.192621
12354.808457	-1218.570333	342.616211	-44.781708
12354.808457	-1218.570333	341.329102	-14.417648
12354.808457	-1218.570333	340.041016	242.397537
12354.808457	-1218.570333	338.752930	10.213177
12354.808457	-1218.570333	337.463867	99.291893
12354.808457	-1218.570333	336.175781	174.153137
12354.808457	-1218.570333	334.886719	-54.074890
12354.808457	-1218.570333	333.596680	-82.608147
12354.808457	-1218.570333	332.307617	-151.764587
12354.808457	-1218.570333	331.017578	176.205124
12354.808457	-1218.570333	329.727539	-12.896503
12354.808457	-1218.570333	328.436523	-103.681602
12354.808457	-1218.570333	327.146484	48.976490
12354.808457	-1218.570333	325.855469	-129.848145
12354.808457	-1218.570333	324.563477	-142.166443
12354.808457	-1218.570333	323.272461	-106.982208
12354.808457	-1218.570333	321.980469	-159.510803
12354.808457	-1218.570333	320.688477	-47.952038
12354.808457	-1218.570333	319.395508	-120.973480
12354.808457	-1218.570333	318.103516	-54.276062
12354.808457	-1218.570333	316.810547	-33.371418
12354.808457	-1218.570333	315.516602	-54.318420
12354.808457	-1218.570333	314.223633	-38.594635
12354.808457	-1218.570333	312.929688	134.232254
12354.808457	-1218.570333	311.635742	150.254669
12354.808457	-1218.570333	310.340820	-20.780315
12354.808457	-1218.570333	309.045898	49.414635
12354.808457	-1218.570333	307.750977	101.277809
12354.808457	-1218.570333	306.456055	-30.081154
12354.808457	-1218.570333	305.160156	147.461105
12354.808457	-1218.570333	303.865234	19.111818
12354.808457	-1218.570333	302.568359	96.743385
12354.808457	-1218.570333	301.272461	39.054184
12354.808457	-1218.570333	299.975586	62.583752
12354.808457	-1218.570333	298.678711	215.400543
