#X		#Y		#Wave		#Intensity
-7521.580319	6502.865000	1999.946289	-48.365856
-7521.580319	6502.865000	1998.981445	-32.574257
-7521.580319	6502.865000	1998.017578	36.194725
-7521.580319	6502.865000	1997.052734	-1.820879
-7521.580319	6502.865000	1996.088867	108.637550
-7521.580319	6502.865000	1995.124023	-21.420059
-7521.580319	6502.865000	1994.159180	-87.219521
-7521.580319	6502.865000	1993.193359	64.741463
-7521.580319	6502.865000	1992.228516	25.832907
-7521.580319	6502.865000	1991.262695	78.361610
-7521.580319	6502.865000	1990.296875	128.234375
-7521.580319	6502.865000	1989.331055	2.246758
-7521.580319	6502.865000	1988.365234	-123.845329
-7521.580319	6502.865000	1987.398438	-37.312237
-7521.580319	6502.865000	1986.432617	-20.199198
-7521.580319	6502.865000	1985.465820	147.601257
-7521.580319	6502.865000	1984.499023	16.079708
-7521.580319	6502.865000	1983.532227	-24.067570
-7521.580319	6502.865000	1982.565430	-89.033569
-7521.580319	6502.865000	1981.597656	83.101860
-7521.580319	6502.865000	1980.629883	12.970527
-7521.580319	6502.865000	1979.662109	6.972886
-7521.580319	6502.865000	1978.694336	18.159689
-7521.580319	6502.865000	1977.726563	48.993690
-7521.580319	6502.865000	1976.758789	57.504940
-7521.580319	6502.865000	1975.790039	-52.543381
-7521.580319	6502.865000	1974.821289	29.830708
-7521.580319	6502.865000	1973.852539	92.353264
-7521.580319	6502.865000	1972.883789	19.107670
-7521.580319	6502.865000	1971.915039	54.324677
-7521.580319	6502.865000	1970.945313	185.618683
-7521.580319	6502.865000	1969.975586	-13.551796
-7521.580319	6502.865000	1969.005859	176.725876
-7521.580319	6502.865000	1968.036133	31.718218
-7521.580319	6502.865000	1967.066406	39.466118
-7521.580319	6502.865000	1966.096680	86.569931
-7521.580319	6502.865000	1965.125977	32.619743
-7521.580319	6502.865000	1964.155273	-60.760498
-7521.580319	6502.865000	1963.184570	104.362831
-7521.580319	6502.865000	1962.213867	79.836342
-7521.580319	6502.865000	1961.242188	-146.537949
-7521.580319	6502.865000	1960.271484	141.418610
-7521.580319	6502.865000	1959.299805	3.609815
-7521.580319	6502.865000	1958.328125	-30.870855
-7521.580319	6502.865000	1957.356445	163.345810
-7521.580319	6502.865000	1956.384766	118.952171
-7521.580319	6502.865000	1955.412109	99.130966
-7521.580319	6502.865000	1954.439453	-4.277384
-7521.580319	6502.865000	1953.467773	-83.093559
-7521.580319	6502.865000	1952.495117	88.715683
-7521.580319	6502.865000	1951.521484	127.786659
-7521.580319	6502.865000	1950.548828	31.741255
-7521.580319	6502.865000	1949.575195	-24.992556
-7521.580319	6502.865000	1948.601563	117.153900
-7521.580319	6502.865000	1947.627930	57.947601
-7521.580319	6502.865000	1946.654297	42.931828
-7521.580319	6502.865000	1945.680664	160.422272
-7521.580319	6502.865000	1944.706055	61.965065
-7521.580319	6502.865000	1943.732422	24.864922
-7521.580319	6502.865000	1942.757813	132.470673
-7521.580319	6502.865000	1941.783203	-100.792908
-7521.580319	6502.865000	1940.807617	55.826153
-7521.580319	6502.865000	1939.833008	-67.034645
-7521.580319	6502.865000	1938.857422	-15.851879
-7521.580319	6502.865000	1937.881836	-116.594543
-7521.580319	6502.865000	1936.906250	88.922188
-7521.580319	6502.865000	1935.930664	-33.832752
-7521.580319	6502.865000	1934.955078	-2.258128
-7521.580319	6502.865000	1933.978516	-29.447968
-7521.580319	6502.865000	1933.001953	2.132356
-7521.580319	6502.865000	1932.025391	53.292423
-7521.580319	6502.865000	1931.048828	-5.668979
-7521.580319	6502.865000	1930.072266	116.448265
-7521.580319	6502.865000	1929.094727	-47.658047
-7521.580319	6502.865000	1928.118164	-55.167141
-7521.580319	6502.865000	1927.140625	98.721931
-7521.580319	6502.865000	1926.163086	-87.244194
-7521.580319	6502.865000	1925.184570	88.624367
-7521.580319	6502.865000	1924.207031	-36.140965
-7521.580319	6502.865000	1923.228516	127.472153
-7521.580319	6502.865000	1922.250000	137.141769
-7521.580319	6502.865000	1921.271484	78.438713
-7521.580319	6502.865000	1920.292969	-107.204880
-7521.580319	6502.865000	1919.314453	19.755873
-7521.580319	6502.865000	1918.334961	-29.067377
-7521.580319	6502.865000	1917.355469	-92.494919
-7521.580319	6502.865000	1916.375977	27.134735
-7521.580319	6502.865000	1915.396484	12.558217
-7521.580319	6502.865000	1914.416992	107.775810
-7521.580319	6502.865000	1913.436523	-75.042778
-7521.580319	6502.865000	1912.457031	83.597267
-7521.580319	6502.865000	1911.476563	132.496017
-7521.580319	6502.865000	1910.496094	10.780061
-7521.580319	6502.865000	1909.515625	40.224922
-7521.580319	6502.865000	1908.534180	-8.286840
-7521.580319	6502.865000	1907.552734	30.941044
-7521.580319	6502.865000	1906.572266	40.951397
-7521.580319	6502.865000	1905.590820	-51.294964
-7521.580319	6502.865000	1904.608398	-87.486443
-7521.580319	6502.865000	1903.626953	-77.389168
-7521.580319	6502.865000	1902.644531	124.995850
-7521.580319	6502.865000	1901.663086	83.997078
-7521.580319	6502.865000	1900.680664	21.140396
-7521.580319	6502.865000	1899.698242	-46.534576
-7521.580319	6502.865000	1898.714844	14.732645
-7521.580319	6502.865000	1897.732422	32.233624
-7521.580319	6502.865000	1896.749023	1.129112
-7521.580319	6502.865000	1895.765625	-12.926707
-7521.580319	6502.865000	1894.782227	-60.977039
-7521.580319	6502.865000	1893.798828	-21.518232
-7521.580319	6502.865000	1892.814453	-54.929924
-7521.580319	6502.865000	1891.831055	18.559519
-7521.580319	6502.865000	1890.846680	16.764330
-7521.580319	6502.865000	1889.862305	56.264709
-7521.580319	6502.865000	1888.877930	66.642349
-7521.580319	6502.865000	1887.892578	-10.334921
-7521.580319	6502.865000	1886.908203	38.915775
-7521.580319	6502.865000	1885.922852	-69.526566
-7521.580319	6502.865000	1884.937500	-32.372940
-7521.580319	6502.865000	1883.952148	130.893326
-7521.580319	6502.865000	1882.965820	63.771042
-7521.580319	6502.865000	1881.980469	125.176796
-7521.580319	6502.865000	1880.994141	48.420673
-7521.580319	6502.865000	1880.007813	-88.872559
-7521.580319	6502.865000	1879.021484	74.339104
-7521.580319	6502.865000	1878.035156	-70.142120
-7521.580319	6502.865000	1877.047852	63.972675
-7521.580319	6502.865000	1876.061523	-36.834297
-7521.580319	6502.865000	1875.074219	102.095802
-7521.580319	6502.865000	1874.086914	-27.699804
-7521.580319	6502.865000	1873.098633	-21.904388
-7521.580319	6502.865000	1872.111328	-81.429932
-7521.580319	6502.865000	1871.123047	-75.600899
-7521.580319	6502.865000	1870.135742	-142.326416
-7521.580319	6502.865000	1869.147461	-109.863548
-7521.580319	6502.865000	1868.158203	-9.701614
-7521.580319	6502.865000	1867.169922	92.850273
-7521.580319	6502.865000	1866.180664	120.447205
-7521.580319	6502.865000	1865.192383	-21.114513
-7521.580319	6502.865000	1864.203125	91.072678
-7521.580319	6502.865000	1863.213867	-2.101691
-7521.580319	6502.865000	1862.223633	6.202585
-7521.580319	6502.865000	1861.234375	24.168928
-7521.580319	6502.865000	1860.244141	-37.536270
-7521.580319	6502.865000	1859.253906	67.339752
-7521.580319	6502.865000	1858.263672	20.139112
-7521.580319	6502.865000	1857.273438	62.237629
-7521.580319	6502.865000	1856.282227	147.747971
-7521.580319	6502.865000	1855.291992	6.500952
-7521.580319	6502.865000	1854.300781	120.932022
-7521.580319	6502.865000	1853.309570	-75.709030
-7521.580319	6502.865000	1852.317383	-93.888153
-7521.580319	6502.865000	1851.326172	30.139496
-7521.580319	6502.865000	1850.333984	-0.102239
-7521.580319	6502.865000	1849.342773	-30.334829
-7521.580319	6502.865000	1848.350586	117.695061
-7521.580319	6502.865000	1847.357422	-18.520567
-7521.580319	6502.865000	1846.365234	86.102486
-7521.580319	6502.865000	1845.372070	10.122714
-7521.580319	6502.865000	1844.379883	-58.612484
-7521.580319	6502.865000	1843.386719	86.856247
-7521.580319	6502.865000	1842.393555	87.897842
-7521.580319	6502.865000	1841.399414	177.941330
-7521.580319	6502.865000	1840.406250	106.795082
-7521.580319	6502.865000	1839.412109	4.405725
-7521.580319	6502.865000	1838.417969	116.027954
-7521.580319	6502.865000	1837.423828	-51.246609
-7521.580319	6502.865000	1836.429688	-45.424480
-7521.580319	6502.865000	1835.434570	80.531242
-7521.580319	6502.865000	1834.440430	38.254726
-7521.580319	6502.865000	1833.445313	10.393195
-7521.580319	6502.865000	1832.450195	-111.131607
-7521.580319	6502.865000	1831.454102	62.714260
-7521.580319	6502.865000	1830.458984	70.834122
-7521.580319	6502.865000	1829.462891	-91.479881
-7521.580319	6502.865000	1828.466797	34.223850
-7521.580319	6502.865000	1827.470703	8.707382
-7521.580319	6502.865000	1826.474609	268.648804
-7521.580319	6502.865000	1825.478516	209.485962
-7521.580319	6502.865000	1824.481445	61.602814
-7521.580319	6502.865000	1823.484375	-28.703239
-7521.580319	6502.865000	1822.487305	53.594048
-7521.580319	6502.865000	1821.490234	42.372486
-7521.580319	6502.865000	1820.493164	71.869278
-7521.580319	6502.865000	1819.495117	120.499062
-7521.580319	6502.865000	1818.498047	68.488876
-7521.580319	6502.865000	1817.500000	95.504021
-7521.580319	6502.865000	1816.500977	79.387619
-7521.580319	6502.865000	1815.502930	147.040176
-7521.580319	6502.865000	1814.504883	145.233276
-7521.580319	6502.865000	1813.505859	-43.250404
-7521.580319	6502.865000	1812.506836	-85.744026
-7521.580319	6502.865000	1811.507813	82.256264
-7521.580319	6502.865000	1810.508789	-12.912679
-7521.580319	6502.865000	1809.508789	18.659225
-7521.580319	6502.865000	1808.508789	23.894293
-7521.580319	6502.865000	1807.508789	-4.364733
-7521.580319	6502.865000	1806.508789	-94.777054
-7521.580319	6502.865000	1805.508789	10.744717
-7521.580319	6502.865000	1804.508789	70.807022
-7521.580319	6502.865000	1803.507813	137.981918
-7521.580319	6502.865000	1802.506836	-100.565887
-7521.580319	6502.865000	1801.505859	-2.407172
-7521.580319	6502.865000	1800.504883	57.488838
-7521.580319	6502.865000	1799.502930	-97.470428
-7521.580319	6502.865000	1798.501953	57.805042
-7521.580319	6502.865000	1797.500000	34.055820
-7521.580319	6502.865000	1796.498047	46.061588
-7521.580319	6502.865000	1795.496094	122.420555
-7521.580319	6502.865000	1794.493164	79.495094
-7521.580319	6502.865000	1793.491211	127.142181
-7521.580319	6502.865000	1792.488281	86.545479
-7521.580319	6502.865000	1791.485352	112.654289
-7521.580319	6502.865000	1790.482422	19.586882
-7521.580319	6502.865000	1789.478516	176.643021
-7521.580319	6502.865000	1788.475586	193.083847
-7521.580319	6502.865000	1787.471680	152.330032
-7521.580319	6502.865000	1786.467773	85.365776
-7521.580319	6502.865000	1785.463867	-48.260925
-7521.580319	6502.865000	1784.459961	158.449585
-7521.580319	6502.865000	1783.455078	8.125038
-7521.580319	6502.865000	1782.450195	69.549110
-7521.580319	6502.865000	1781.445313	-11.801458
-7521.580319	6502.865000	1780.440430	82.817184
-7521.580319	6502.865000	1779.435547	-117.466827
-7521.580319	6502.865000	1778.429688	67.387650
-7521.580319	6502.865000	1777.424805	130.919525
-7521.580319	6502.865000	1776.418945	-31.362377
-7521.580319	6502.865000	1775.413086	196.012970
-7521.580319	6502.865000	1774.406250	-1.934421
-7521.580319	6502.865000	1773.400391	21.021744
-7521.580319	6502.865000	1772.393555	10.683454
-7521.580319	6502.865000	1771.386719	76.275345
-7521.580319	6502.865000	1770.379883	106.196129
-7521.580319	6502.865000	1769.373047	19.780096
-7521.580319	6502.865000	1768.365234	-19.194616
-7521.580319	6502.865000	1767.358398	34.321560
-7521.580319	6502.865000	1766.350586	-18.958187
-7521.580319	6502.865000	1765.342773	15.478184
-7521.580319	6502.865000	1764.334961	4.811185
-7521.580319	6502.865000	1763.326172	171.884232
-7521.580319	6502.865000	1762.318359	111.334267
-7521.580319	6502.865000	1761.309570	-13.215740
-7521.580319	6502.865000	1760.300781	68.346611
-7521.580319	6502.865000	1759.291016	-51.501617
-7521.580319	6502.865000	1758.282227	48.893002
-7521.580319	6502.865000	1757.272461	87.641922
-7521.580319	6502.865000	1756.262695	-1.501159
-7521.580319	6502.865000	1755.252930	105.790848
-7521.580319	6502.865000	1754.243164	-191.651550
-7521.580319	6502.865000	1753.233398	81.159393
-7521.580319	6502.865000	1752.222656	74.694656
-7521.580319	6502.865000	1751.211914	18.521677
-7521.580319	6502.865000	1750.201172	127.844055
-7521.580319	6502.865000	1749.190430	36.130028
-7521.580319	6502.865000	1748.179688	-22.502724
-7521.580319	6502.865000	1747.167969	-36.260628
-7521.580319	6502.865000	1746.156250	9.010430
-7521.580319	6502.865000	1745.144531	-21.375071
-7521.580319	6502.865000	1744.132813	-117.926376
-7521.580319	6502.865000	1743.121094	9.847766
-7521.580319	6502.865000	1742.108398	83.222694
-7521.580319	6502.865000	1741.095703	-46.479244
-7521.580319	6502.865000	1740.083008	-74.694511
-7521.580319	6502.865000	1739.070313	-20.358088
-7521.580319	6502.865000	1738.057617	104.686852
-7521.580319	6502.865000	1737.043945	48.015770
-7521.580319	6502.865000	1736.030273	50.277435
-7521.580319	6502.865000	1735.016602	-164.425018
-7521.580319	6502.865000	1734.002930	33.447121
-7521.580319	6502.865000	1732.989258	-9.205649
-7521.580319	6502.865000	1731.974609	9.378014
-7521.580319	6502.865000	1730.959961	20.841759
-7521.580319	6502.865000	1729.945313	-85.521782
-7521.580319	6502.865000	1728.930664	100.144966
-7521.580319	6502.865000	1727.916016	87.905174
-7521.580319	6502.865000	1726.900391	56.788559
-7521.580319	6502.865000	1725.885742	-99.105629
-7521.580319	6502.865000	1724.870117	-125.555534
-7521.580319	6502.865000	1723.853516	-36.752491
-7521.580319	6502.865000	1722.837891	-103.282043
-7521.580319	6502.865000	1721.822266	65.365967
-7521.580319	6502.865000	1720.805664	-15.357050
-7521.580319	6502.865000	1719.789063	-23.208771
-7521.580319	6502.865000	1718.772461	74.676765
-7521.580319	6502.865000	1717.754883	36.169342
-7521.580319	6502.865000	1716.738281	-105.748695
-7521.580319	6502.865000	1715.720703	-120.798035
-7521.580319	6502.865000	1714.703125	-84.210228
-7521.580319	6502.865000	1713.685547	-151.005020
-7521.580319	6502.865000	1712.667969	-210.771988
-7521.580319	6502.865000	1711.649414	29.913177
-7521.580319	6502.865000	1710.630859	80.357651
-7521.580319	6502.865000	1709.612305	-103.912872
-7521.580319	6502.865000	1708.593750	23.879263
-7521.580319	6502.865000	1707.575195	-3.230950
-7521.580319	6502.865000	1706.555664	11.838822
-7521.580319	6502.865000	1705.536133	-111.477058
-7521.580319	6502.865000	1704.516602	-68.338409
-7521.580319	6502.865000	1703.497070	-133.072998
-7521.580319	6502.865000	1702.477539	20.116377
-7521.580319	6502.865000	1701.457031	-61.091389
-7521.580319	6502.865000	1700.437500	148.169647
-7521.580319	6502.865000	1699.416992	-50.209442
-7521.580319	6502.865000	1698.395508	34.780403
-7521.580319	6502.865000	1697.375000	117.364731
-7521.580319	6502.865000	1696.354492	150.726288
-7521.580319	6502.865000	1695.333008	102.125320
-7521.580319	6502.865000	1694.311523	156.459061
-7521.580319	6502.865000	1693.290039	58.678093
-7521.580319	6502.865000	1692.267578	103.568977
-7521.580319	6502.865000	1691.246094	54.874763
-7521.580319	6502.865000	1690.223633	36.554348
-7521.580319	6502.865000	1689.201172	53.270760
-7521.580319	6502.865000	1688.178711	-14.187975
-7521.580319	6502.865000	1687.155273	25.827370
-7521.580319	6502.865000	1686.132813	-67.363663
-7521.580319	6502.865000	1685.109375	185.137512
-7521.580319	6502.865000	1684.085938	152.601013
-7521.580319	6502.865000	1683.062500	-15.375540
-7521.580319	6502.865000	1682.039063	57.126305
-7521.580319	6502.865000	1681.014648	115.561783
-7521.580319	6502.865000	1679.990234	225.282196
-7521.580319	6502.865000	1678.965820	99.290977
-7521.580319	6502.865000	1677.941406	187.920624
-7521.580319	6502.865000	1676.916992	-87.330345
-7521.580319	6502.865000	1675.891602	124.820877
-7521.580319	6502.865000	1674.866211	73.429352
-7521.580319	6502.865000	1673.840820	5.715309
-7521.580319	6502.865000	1672.815430	154.725143
-7521.580319	6502.865000	1671.790039	-3.897553
-7521.580319	6502.865000	1670.763672	35.514656
-7521.580319	6502.865000	1669.737305	32.964741
-7521.580319	6502.865000	1668.710938	260.920502
-7521.580319	6502.865000	1667.684570	104.623199
-7521.580319	6502.865000	1666.658203	43.797955
-7521.580319	6502.865000	1665.630859	103.983238
-7521.580319	6502.865000	1664.603516	91.993164
-7521.580319	6502.865000	1663.576172	68.354164
-7521.580319	6502.865000	1662.548828	19.118523
-7521.580319	6502.865000	1661.520508	-104.538628
-7521.580319	6502.865000	1660.493164	222.883682
-7521.580319	6502.865000	1659.464844	166.606247
-7521.580319	6502.865000	1658.436523	26.664986
-7521.580319	6502.865000	1657.408203	12.235272
-7521.580319	6502.865000	1656.378906	-2.212914
-7521.580319	6502.865000	1655.350586	148.246368
-7521.580319	6502.865000	1654.321289	252.179489
-7521.580319	6502.865000	1653.291992	89.045303
-7521.580319	6502.865000	1652.261719	223.089157
-7521.580319	6502.865000	1651.232422	155.150681
-7521.580319	6502.865000	1650.202148	87.217522
-7521.580319	6502.865000	1649.171875	93.538170
-7521.580319	6502.865000	1648.141602	74.326584
-7521.580319	6502.865000	1647.111328	307.896301
-7521.580319	6502.865000	1646.080078	191.234344
-7521.580319	6502.865000	1645.049805	213.706345
-7521.580319	6502.865000	1644.018555	428.529327
-7521.580319	6502.865000	1642.987305	402.253632
-7521.580319	6502.865000	1641.955078	338.902313
-7521.580319	6502.865000	1640.923828	463.204407
-7521.580319	6502.865000	1639.891602	309.522888
-7521.580319	6502.865000	1638.859375	366.607300
-7521.580319	6502.865000	1637.827148	511.635986
-7521.580319	6502.865000	1636.794922	598.734497
-7521.580319	6502.865000	1635.761719	472.880066
-7521.580319	6502.865000	1634.729492	453.507782
-7521.580319	6502.865000	1633.696289	510.468872
-7521.580319	6502.865000	1632.662109	780.180908
-7521.580319	6502.865000	1631.628906	730.677612
-7521.580319	6502.865000	1630.594727	632.631592
-7521.580319	6502.865000	1629.561523	654.825500
-7521.580319	6502.865000	1628.527344	508.295258
-7521.580319	6502.865000	1627.493164	759.244446
-7521.580319	6502.865000	1626.458008	788.313416
-7521.580319	6502.865000	1625.423828	718.058350
-7521.580319	6502.865000	1624.388672	756.360779
-7521.580319	6502.865000	1623.353516	686.133301
-7521.580319	6502.865000	1622.318359	902.171570
-7521.580319	6502.865000	1621.282227	739.623535
-7521.580319	6502.865000	1620.247070	937.110901
-7521.580319	6502.865000	1619.210938	749.246643
-7521.580319	6502.865000	1618.174805	734.452209
-7521.580319	6502.865000	1617.137695	675.844421
-7521.580319	6502.865000	1616.101563	778.666992
-7521.580319	6502.865000	1615.064453	916.027039
-7521.580319	6502.865000	1614.027344	843.605774
-7521.580319	6502.865000	1612.990234	743.565857
-7521.580319	6502.865000	1611.953125	855.529053
-7521.580319	6502.865000	1610.916016	744.023193
-7521.580319	6502.865000	1609.877930	809.892822
-7521.580319	6502.865000	1608.839844	829.695007
-7521.580319	6502.865000	1607.801758	729.790771
-7521.580319	6502.865000	1606.763672	763.429565
-7521.580319	6502.865000	1605.724609	762.541992
-7521.580319	6502.865000	1604.685547	747.861755
-7521.580319	6502.865000	1603.646484	841.312378
-7521.580319	6502.865000	1602.607422	734.652222
-7521.580319	6502.865000	1601.568359	766.009766
-7521.580319	6502.865000	1600.528320	714.601685
-7521.580319	6502.865000	1599.489258	773.560852
-7521.580319	6502.865000	1598.449219	756.669617
-7521.580319	6502.865000	1597.408203	691.545776
-7521.580319	6502.865000	1596.368164	902.126831
-7521.580319	6502.865000	1595.327148	694.635620
-7521.580319	6502.865000	1594.287109	457.397278
-7521.580319	6502.865000	1593.246094	674.832947
-7521.580319	6502.865000	1592.204102	635.116089
-7521.580319	6502.865000	1591.163086	675.760193
-7521.580319	6502.865000	1590.121094	645.274353
-7521.580319	6502.865000	1589.079102	846.515259
-7521.580319	6502.865000	1588.037109	662.378967
-7521.580319	6502.865000	1586.995117	528.783936
-7521.580319	6502.865000	1585.953125	789.600830
-7521.580319	6502.865000	1584.910156	734.006531
-7521.580319	6502.865000	1583.867188	889.298950
-7521.580319	6502.865000	1582.824219	907.075256
-7521.580319	6502.865000	1581.781250	830.941467
-7521.580319	6502.865000	1580.737305	841.892883
-7521.580319	6502.865000	1579.693359	669.666748
-7521.580319	6502.865000	1578.649414	673.827087
-7521.580319	6502.865000	1577.605469	900.051147
-7521.580319	6502.865000	1576.561523	730.280823
-7521.580319	6502.865000	1575.516602	745.941284
-7521.580319	6502.865000	1574.472656	720.448486
-7521.580319	6502.865000	1573.427734	724.723389
-7521.580319	6502.865000	1572.381836	861.656311
-7521.580319	6502.865000	1571.336914	616.743164
-7521.580319	6502.865000	1570.291016	486.246796
-7521.580319	6502.865000	1569.246094	545.533203
-7521.580319	6502.865000	1568.200195	604.820435
-7521.580319	6502.865000	1567.153320	643.550659
-7521.580319	6502.865000	1566.107422	670.880371
-7521.580319	6502.865000	1565.060547	755.319031
-7521.580319	6502.865000	1564.013672	618.282104
-7521.580319	6502.865000	1562.966797	666.238831
-7521.580319	6502.865000	1561.919922	618.350708
-7521.580319	6502.865000	1560.872070	634.404724
-7521.580319	6502.865000	1559.825195	627.676147
-7521.580319	6502.865000	1558.777344	577.642517
-7521.580319	6502.865000	1557.729492	630.288513
-7521.580319	6502.865000	1556.680664	571.219299
-7521.580319	6502.865000	1555.632813	644.434753
-7521.580319	6502.865000	1554.583984	398.563904
-7521.580319	6502.865000	1553.535156	617.694763
-7521.580319	6502.865000	1552.486328	615.780823
-7521.580319	6502.865000	1551.436523	568.343689
-7521.580319	6502.865000	1550.387695	343.329803
-7521.580319	6502.865000	1549.337891	245.948822
-7521.580319	6502.865000	1548.288086	323.938904
-7521.580319	6502.865000	1547.238281	511.189056
-7521.580319	6502.865000	1546.187500	347.955353
-7521.580319	6502.865000	1545.136719	428.271698
-7521.580319	6502.865000	1544.086914	451.732330
-7521.580319	6502.865000	1543.035156	375.148773
-7521.580319	6502.865000	1541.984375	325.928070
-7521.580319	6502.865000	1540.933594	231.300903
-7521.580319	6502.865000	1539.881836	332.222778
-7521.580319	6502.865000	1538.830078	274.073944
-7521.580319	6502.865000	1537.778320	256.888031
-7521.580319	6502.865000	1536.725586	596.390076
-7521.580319	6502.865000	1535.673828	636.014832
-7521.580319	6502.865000	1534.621094	491.737518
-7521.580319	6502.865000	1533.568359	619.992920
-7521.580319	6502.865000	1532.515625	761.862488
-7521.580319	6502.865000	1531.461914	908.256958
-7521.580319	6502.865000	1530.409180	1029.684814
-7521.580319	6502.865000	1529.355469	987.778992
-7521.580319	6502.865000	1528.301758	902.844116
-7521.580319	6502.865000	1527.247070	1135.445557
-7521.580319	6502.865000	1526.193359	975.796326
-7521.580319	6502.865000	1525.138672	1008.920410
-7521.580319	6502.865000	1524.083984	955.962952
-7521.580319	6502.865000	1523.029297	934.796448
-7521.580319	6502.865000	1521.974609	809.482666
-7521.580319	6502.865000	1520.918945	926.605652
-7521.580319	6502.865000	1519.863281	731.240173
-7521.580319	6502.865000	1518.807617	787.304504
-7521.580319	6502.865000	1517.751953	508.394531
-7521.580319	6502.865000	1516.696289	483.110168
-7521.580319	6502.865000	1515.639648	283.660767
-7521.580319	6502.865000	1514.583008	319.608032
-7521.580319	6502.865000	1513.526367	507.130005
-7521.580319	6502.865000	1512.469727	27.548166
-7521.580319	6502.865000	1511.412109	217.414810
-7521.580319	6502.865000	1510.355469	108.888786
-7521.580319	6502.865000	1509.297852	136.052994
-7521.580319	6502.865000	1508.240234	41.246208
-7521.580319	6502.865000	1507.181641	195.021881
-7521.580319	6502.865000	1506.124023	43.882175
-7521.580319	6502.865000	1505.065430	-98.115005
-7521.580319	6502.865000	1504.006836	37.696030
-7521.580319	6502.865000	1502.948242	-27.388630
-7521.580319	6502.865000	1501.888672	122.001091
-7521.580319	6502.865000	1500.830078	-26.451532
-7521.580319	6502.865000	1499.770508	-89.068985
-7521.580319	6502.865000	1498.710938	6.277051
-7521.580319	6502.865000	1497.650391	-117.099808
-7521.580319	6502.865000	1496.590820	-35.204227
-7521.580319	6502.865000	1495.530273	227.043076
-7521.580319	6502.865000	1494.469727	245.843430
-7521.580319	6502.865000	1493.409180	122.738937
-7521.580319	6502.865000	1492.348633	200.236588
-7521.580319	6502.865000	1491.287109	185.411987
-7521.580319	6502.865000	1490.225586	103.093185
-7521.580319	6502.865000	1489.164063	214.486343
-7521.580319	6502.865000	1488.102539	204.338654
-7521.580319	6502.865000	1487.041016	282.023224
-7521.580319	6502.865000	1485.978516	152.723373
-7521.580319	6502.865000	1484.916016	77.520744
-7521.580319	6502.865000	1483.853516	83.380257
-7521.580319	6502.865000	1482.791016	129.768799
-7521.580319	6502.865000	1481.727539	50.295616
-7521.580319	6502.865000	1480.664063	166.461075
-7521.580319	6502.865000	1479.600586	-47.689846
-7521.580319	6502.865000	1478.537109	117.964989
-7521.580319	6502.865000	1477.473633	187.069168
-7521.580319	6502.865000	1476.409180	213.496857
-7521.580319	6502.865000	1475.344727	406.093811
-7521.580319	6502.865000	1474.280273	190.272171
-7521.580319	6502.865000	1473.215820	306.596436
-7521.580319	6502.865000	1472.151367	528.324402
-7521.580319	6502.865000	1471.085938	364.311951
-7521.580319	6502.865000	1470.020508	395.621338
-7521.580319	6502.865000	1468.955078	570.197876
-7521.580319	6502.865000	1467.888672	567.693420
-7521.580319	6502.865000	1466.823242	460.040588
-7521.580319	6502.865000	1465.756836	560.796143
-7521.580319	6502.865000	1464.690430	395.379517
-7521.580319	6502.865000	1463.624023	249.734940
-7521.580319	6502.865000	1462.556641	415.447174
-7521.580319	6502.865000	1461.490234	341.690491
-7521.580319	6502.865000	1460.422852	574.394165
-7521.580319	6502.865000	1459.355469	324.640411
-7521.580319	6502.865000	1458.287109	559.943848
-7521.580319	6502.865000	1457.219727	439.552429
-7521.580319	6502.865000	1456.151367	415.865662
-7521.580319	6502.865000	1455.083008	524.882507
-7521.580319	6502.865000	1454.014648	407.172119
-7521.580319	6502.865000	1452.945313	553.358887
-7521.580319	6502.865000	1451.876953	579.163757
-7521.580319	6502.865000	1450.807617	534.923218
-7521.580319	6502.865000	1449.738281	393.187775
-7521.580319	6502.865000	1448.668945	524.197510
-7521.580319	6502.865000	1447.598633	673.278076
-7521.580319	6502.865000	1446.528320	795.649597
-7521.580319	6502.865000	1445.458008	599.702576
-7521.580319	6502.865000	1444.387695	583.011169
-7521.580319	6502.865000	1443.317383	836.396545
-7521.580319	6502.865000	1442.246094	599.051758
-7521.580319	6502.865000	1441.174805	473.598022
-7521.580319	6502.865000	1440.103516	655.724670
-7521.580319	6502.865000	1439.032227	616.955933
-7521.580319	6502.865000	1437.960938	629.137451
-7521.580319	6502.865000	1436.888672	464.196838
-7521.580319	6502.865000	1435.816406	562.870300
-7521.580319	6502.865000	1434.744141	614.161560
-7521.580319	6502.865000	1433.670898	389.097137
-7521.580319	6502.865000	1432.598633	486.551331
-7521.580319	6502.865000	1431.525391	331.304871
-7521.580319	6502.865000	1430.452148	640.791809
-7521.580319	6502.865000	1429.378906	687.262024
-7521.580319	6502.865000	1428.304688	604.690491
-7521.580319	6502.865000	1427.231445	637.443115
-7521.580319	6502.865000	1426.157227	614.474915
-7521.580319	6502.865000	1425.083008	646.733459
-7521.580319	6502.865000	1424.007813	807.424377
-7521.580319	6502.865000	1422.933594	787.937561
-7521.580319	6502.865000	1421.858398	993.276306
-7521.580319	6502.865000	1420.783203	801.204285
-7521.580319	6502.865000	1419.708008	665.844360
-7521.580319	6502.865000	1418.631836	627.913025
-7521.580319	6502.865000	1417.555664	802.512817
-7521.580319	6502.865000	1416.479492	781.283997
-7521.580319	6502.865000	1415.403320	739.176575
-7521.580319	6502.865000	1414.327148	477.199127
-7521.580319	6502.865000	1413.250000	553.616211
-7521.580319	6502.865000	1412.173828	393.565887
-7521.580319	6502.865000	1411.096680	369.019104
-7521.580319	6502.865000	1410.018555	293.533356
-7521.580319	6502.865000	1408.941406	413.623291
-7521.580319	6502.865000	1407.863281	388.725983
-7521.580319	6502.865000	1406.785156	397.248962
-7521.580319	6502.865000	1405.707031	284.439026
-7521.580319	6502.865000	1404.628906	333.486298
-7521.580319	6502.865000	1403.549805	241.559204
-7521.580319	6502.865000	1402.470703	384.715424
-7521.580319	6502.865000	1401.391602	155.981049
-7521.580319	6502.865000	1400.312500	253.299118
-7521.580319	6502.865000	1399.233398	261.640045
-7521.580319	6502.865000	1398.153320	448.214417
-7521.580319	6502.865000	1397.073242	150.763275
-7521.580319	6502.865000	1395.993164	119.454285
-7521.580319	6502.865000	1394.913086	172.889679
-7521.580319	6502.865000	1393.832031	34.228420
-7521.580319	6502.865000	1392.750977	80.630333
-7521.580319	6502.865000	1391.669922	40.436893
-7521.580319	6502.865000	1390.588867	160.268860
-7521.580319	6502.865000	1389.506836	189.127167
-7521.580319	6502.865000	1388.425781	134.594955
-7521.580319	6502.865000	1387.343750	-22.020889
-7521.580319	6502.865000	1386.261719	46.848373
-7521.580319	6502.865000	1385.178711	34.414757
-7521.580319	6502.865000	1384.096680	21.611629
-7521.580319	6502.865000	1383.013672	-19.700062
-7521.580319	6502.865000	1381.930664	-16.290651
-7521.580319	6502.865000	1380.846680	53.721958
-7521.580319	6502.865000	1379.763672	140.151657
-7521.580319	6502.865000	1378.679688	-2.602212
-7521.580319	6502.865000	1377.595703	7.235744
-7521.580319	6502.865000	1376.511719	-43.445190
-7521.580319	6502.865000	1375.427734	-9.193230
-7521.580319	6502.865000	1374.342773	130.704010
-7521.580319	6502.865000	1373.257813	-2.255576
-7521.580319	6502.865000	1372.172852	161.330948
-7521.580319	6502.865000	1371.087891	190.587234
-7521.580319	6502.865000	1370.001953	278.411346
-7521.580319	6502.865000	1368.916992	142.803909
-7521.580319	6502.865000	1367.831055	190.986267
-7521.580319	6502.865000	1366.744141	92.179840
-7521.580319	6502.865000	1365.658203	122.920135
-7521.580319	6502.865000	1364.571289	213.515671
-7521.580319	6502.865000	1363.484375	195.388763
-7521.580319	6502.865000	1362.397461	248.612259
-7521.580319	6502.865000	1361.310547	157.683807
-7521.580319	6502.865000	1360.222656	7.258640
-7521.580319	6502.865000	1359.135742	-19.596918
-7521.580319	6502.865000	1358.047852	69.877213
-7521.580319	6502.865000	1356.958984	241.001038
-7521.580319	6502.865000	1355.871094	189.744019
-7521.580319	6502.865000	1354.782227	202.574432
-7521.580319	6502.865000	1353.693359	-62.853310
-7521.580319	6502.865000	1352.604492	185.716248
-7521.580319	6502.865000	1351.515625	57.043453
-7521.580319	6502.865000	1350.425781	134.502518
-7521.580319	6502.865000	1349.335938	173.542679
-7521.580319	6502.865000	1348.246094	409.345154
-7521.580319	6502.865000	1347.156250	347.745453
-7521.580319	6502.865000	1346.066406	258.751953
-7521.580319	6502.865000	1344.975586	207.296677
-7521.580319	6502.865000	1343.884766	290.294464
-7521.580319	6502.865000	1342.793945	178.793732
-7521.580319	6502.865000	1341.702148	175.028320
-7521.580319	6502.865000	1340.611328	176.420914
-7521.580319	6502.865000	1339.519531	219.285339
-7521.580319	6502.865000	1338.427734	328.445496
-7521.580319	6502.865000	1337.334961	249.405853
-7521.580319	6502.865000	1336.243164	229.572266
-7521.580319	6502.865000	1335.150391	269.555634
-7521.580319	6502.865000	1334.057617	262.614319
-7521.580319	6502.865000	1332.964844	405.253754
-7521.580319	6502.865000	1331.871094	312.170929
-7521.580319	6502.865000	1330.778320	371.416901
-7521.580319	6502.865000	1329.684570	215.384125
-7521.580319	6502.865000	1328.590820	292.331787
-7521.580319	6502.865000	1327.496094	344.852448
-7521.580319	6502.865000	1326.402344	275.870087
-7521.580319	6502.865000	1325.307617	329.967712
-7521.580319	6502.865000	1324.212891	360.266724
-7521.580319	6502.865000	1323.117188	324.366669
-7521.580319	6502.865000	1322.022461	311.912933
-7521.580319	6502.865000	1320.926758	263.513184
-7521.580319	6502.865000	1319.831055	131.435242
-7521.580319	6502.865000	1318.735352	330.422760
-7521.580319	6502.865000	1317.638672	186.695496
-7521.580319	6502.865000	1316.542969	317.935760
-7521.580319	6502.865000	1315.446289	189.106903
-7521.580319	6502.865000	1314.349609	359.538116
-7521.580319	6502.865000	1313.251953	256.334900
-7521.580319	6502.865000	1312.155273	100.063301
-7521.580319	6502.865000	1311.057617	68.381073
-7521.580319	6502.865000	1309.959961	193.501175
-7521.580319	6502.865000	1308.862305	135.416321
-7521.580319	6502.865000	1307.763672	87.097366
-7521.580319	6502.865000	1306.665039	36.565308
-7521.580319	6502.865000	1305.566406	17.950085
-7521.580319	6502.865000	1304.467773	119.213669
-7521.580319	6502.865000	1303.369141	4.610509
-7521.580319	6502.865000	1302.269531	113.053413
-7521.580319	6502.865000	1301.169922	223.070160
-7521.580319	6502.865000	1300.070313	153.545547
-7521.580319	6502.865000	1298.970703	159.244797
-7521.580319	6502.865000	1297.870117	52.808308
-7521.580319	6502.865000	1296.769531	6.927357
-7521.580319	6502.865000	1295.668945	67.709923
-7521.580319	6502.865000	1294.568359	150.916336
-7521.580319	6502.865000	1293.466797	178.267090
-7521.580319	6502.865000	1292.366211	208.147064
-7521.580319	6502.865000	1291.264648	75.606598
-7521.580319	6502.865000	1290.162109	46.385071
-7521.580319	6502.865000	1289.060547	18.230528
-7521.580319	6502.865000	1287.958008	24.997126
-7521.580319	6502.865000	1286.855469	-12.812417
-7521.580319	6502.865000	1285.752930	32.812714
-7521.580319	6502.865000	1284.650391	-68.844688
-7521.580319	6502.865000	1283.546875	-24.036663
-7521.580319	6502.865000	1282.444336	-52.900017
-7521.580319	6502.865000	1281.339844	-232.164612
-7521.580319	6502.865000	1280.236328	9.936187
-7521.580319	6502.865000	1279.132813	-113.512726
-7521.580319	6502.865000	1278.028320	-84.865387
-7521.580319	6502.865000	1276.923828	-128.121582
-7521.580319	6502.865000	1275.819336	-18.619612
-7521.580319	6502.865000	1274.713867	-27.935658
-7521.580319	6502.865000	1273.608398	-167.198914
-7521.580319	6502.865000	1272.503906	-68.965347
-7521.580319	6502.865000	1271.397461	-54.137981
-7521.580319	6502.865000	1270.291992	-136.704224
-7521.580319	6502.865000	1269.185547	18.714235
-7521.580319	6502.865000	1268.080078	101.017601
-7521.580319	6502.865000	1266.972656	8.711561
-7521.580319	6502.865000	1265.866211	258.676361
-7521.580319	6502.865000	1264.759766	-73.889244
-7521.580319	6502.865000	1263.652344	-11.182505
-7521.580319	6502.865000	1262.544922	-130.593353
-7521.580319	6502.865000	1261.436523	8.183889
-7521.580319	6502.865000	1260.329102	86.968834
-7521.580319	6502.865000	1259.220703	122.444069
-7521.580319	6502.865000	1258.112305	251.811920
-7521.580319	6502.865000	1257.003906	116.229744
-7521.580319	6502.865000	1255.895508	17.297747
-7521.580319	6502.865000	1254.786133	193.672241
-7521.580319	6502.865000	1253.676758	184.604874
-7521.580319	6502.865000	1252.567383	154.149490
-7521.580319	6502.865000	1251.458008	171.441483
-7521.580319	6502.865000	1250.347656	151.337326
-7521.580319	6502.865000	1249.237305	75.153175
-7521.580319	6502.865000	1248.126953	182.913086
-7521.580319	6502.865000	1247.016602	155.340332
-7521.580319	6502.865000	1245.905273	149.223557
-7521.580319	6502.865000	1244.793945	102.034645
-7521.580319	6502.865000	1243.682617	153.390945
-7521.580319	6502.865000	1242.571289	195.599747
-7521.580319	6502.865000	1241.459961	101.565483
-7521.580319	6502.865000	1240.347656	194.649048
-7521.580319	6502.865000	1239.235352	143.122650
-7521.580319	6502.865000	1238.123047	315.125153
-7521.580319	6502.865000	1237.009766	234.986176
-7521.580319	6502.865000	1235.897461	273.413666
-7521.580319	6502.865000	1234.784180	261.355225
-7521.580319	6502.865000	1233.670898	283.711609
-7521.580319	6502.865000	1232.556641	280.651764
-7521.580319	6502.865000	1231.443359	347.741119
-7521.580319	6502.865000	1230.329102	283.856476
-7521.580319	6502.865000	1229.214844	326.751587
-7521.580319	6502.865000	1228.099609	406.879089
-7521.580319	6502.865000	1226.985352	337.997864
-7521.580319	6502.865000	1225.870117	406.528107
-7521.580319	6502.865000	1224.754883	356.719208
-7521.580319	6502.865000	1223.639648	372.887817
-7521.580319	6502.865000	1222.523438	306.695984
-7521.580319	6502.865000	1221.408203	255.170273
-7521.580319	6502.865000	1220.291992	228.746918
-7521.580319	6502.865000	1219.174805	194.649734
-7521.580319	6502.865000	1218.058594	361.513733
-7521.580319	6502.865000	1216.941406	365.534363
-7521.580319	6502.865000	1215.824219	304.852325
-7521.580319	6502.865000	1214.707031	380.800262
-7521.580319	6502.865000	1213.589844	325.740295
-7521.580319	6502.865000	1212.471680	328.209900
-7521.580319	6502.865000	1211.353516	259.002563
-7521.580319	6502.865000	1210.235352	222.740601
-7521.580319	6502.865000	1209.117188	182.005325
-7521.580319	6502.865000	1207.998047	240.168152
-7521.580319	6502.865000	1206.878906	275.400116
-7521.580319	6502.865000	1205.759766	219.786423
-7521.580319	6502.865000	1204.640625	319.727722
-7521.580319	6502.865000	1203.520508	231.866394
-7521.580319	6502.865000	1202.401367	325.379333
-7521.580319	6502.865000	1201.281250	200.391922
-7521.580319	6502.865000	1200.160156	110.312080
-7521.580319	6502.865000	1199.040039	108.465240
-7521.580319	6502.865000	1197.918945	16.875608
-7521.580319	6502.865000	1196.797852	107.334465
-7521.580319	6502.865000	1195.676758	121.650185
-7521.580319	6502.865000	1194.555664	91.726387
-7521.580319	6502.865000	1193.433594	52.577435
-7521.580319	6502.865000	1192.311523	-77.835403
-7521.580319	6502.865000	1191.189453	106.773819
-7521.580319	6502.865000	1190.066406	55.577141
-7521.580319	6502.865000	1188.944336	-29.021589
-7521.580319	6502.865000	1187.821289	60.040180
-7521.580319	6502.865000	1186.698242	31.544119
-7521.580319	6502.865000	1185.574219	49.684208
-7521.580319	6502.865000	1184.451172	38.377117
-7521.580319	6502.865000	1183.327148	-95.437759
-7521.580319	6502.865000	1182.203125	-28.094879
-7521.580319	6502.865000	1181.078125	-7.289483
-7521.580319	6502.865000	1179.954102	-26.322035
-7521.580319	6502.865000	1178.829102	-17.918303
-7521.580319	6502.865000	1177.704102	-21.163641
-7521.580319	6502.865000	1176.579102	-35.593849
-7521.580319	6502.865000	1175.453125	-61.816826
-7521.580319	6502.865000	1174.327148	-45.800682
-7521.580319	6502.865000	1173.201172	-16.193020
-7521.580319	6502.865000	1172.075195	-17.588213
-7521.580319	6502.865000	1170.949219	76.678154
-7521.580319	6502.865000	1169.822266	-77.487732
-7521.580319	6502.865000	1168.695313	-130.575363
-7521.580319	6502.865000	1167.568359	66.979599
-7521.580319	6502.865000	1166.440430	-101.849335
-7521.580319	6502.865000	1165.313477	43.427437
-7521.580319	6502.865000	1164.185547	23.581280
-7521.580319	6502.865000	1163.057617	-82.792709
-7521.580319	6502.865000	1161.928711	-10.474976
-7521.580319	6502.865000	1160.800781	45.710266
-7521.580319	6502.865000	1159.671875	-12.718672
-7521.580319	6502.865000	1158.541992	-2.235579
-7521.580319	6502.865000	1157.413086	-60.233883
-7521.580319	6502.865000	1156.283203	29.241146
-7521.580319	6502.865000	1155.154297	59.084740
-7521.580319	6502.865000	1154.023438	54.188854
-7521.580319	6502.865000	1152.893555	58.155025
-7521.580319	6502.865000	1151.763672	-61.384197
-7521.580319	6502.865000	1150.632813	49.046936
-7521.580319	6502.865000	1149.501953	272.758636
-7521.580319	6502.865000	1148.370117	181.385773
-7521.580319	6502.865000	1147.239258	-0.279621
-7521.580319	6502.865000	1146.107422	9.544491
-7521.580319	6502.865000	1144.975586	-31.439993
-7521.580319	6502.865000	1143.843750	32.309841
-7521.580319	6502.865000	1142.710938	-49.086823
-7521.580319	6502.865000	1141.578125	108.355675
-7521.580319	6502.865000	1140.445313	-62.618576
-7521.580319	6502.865000	1139.312500	93.523598
-7521.580319	6502.865000	1138.178711	41.982841
-7521.580319	6502.865000	1137.045898	21.837698
-7521.580319	6502.865000	1135.912109	5.799072
-7521.580319	6502.865000	1134.777344	-11.339177
-7521.580319	6502.865000	1133.643555	126.849266
-7521.580319	6502.865000	1132.508789	120.998055
-7521.580319	6502.865000	1131.374023	182.857208
-7521.580319	6502.865000	1130.239258	263.473114
-7521.580319	6502.865000	1129.104492	354.776886
-7521.580319	6502.865000	1127.968750	287.963196
-7521.580319	6502.865000	1126.833008	172.619064
-7521.580319	6502.865000	1125.697266	211.076019
-7521.580319	6502.865000	1124.560547	225.571152
-7521.580319	6502.865000	1123.424805	234.595123
-7521.580319	6502.865000	1122.288086	311.820313
-7521.580319	6502.865000	1121.151367	370.631256
-7521.580319	6502.865000	1120.013672	321.525665
-7521.580319	6502.865000	1118.876953	344.892822
-7521.580319	6502.865000	1117.739258	280.249695
-7521.580319	6502.865000	1116.601563	255.915955
-7521.580319	6502.865000	1115.462891	314.109467
-7521.580319	6502.865000	1114.324219	202.434158
-7521.580319	6502.865000	1113.186523	330.069672
-7521.580319	6502.865000	1112.046875	232.504929
-7521.580319	6502.865000	1110.908203	319.723755
-7521.580319	6502.865000	1109.769531	212.978119
-7521.580319	6502.865000	1108.629883	336.314484
-7521.580319	6502.865000	1107.490234	132.126373
-7521.580319	6502.865000	1106.349609	226.537827
-7521.580319	6502.865000	1105.209961	176.082657
-7521.580319	6502.865000	1104.069336	131.872116
-7521.580319	6502.865000	1102.928711	166.487839
-7521.580319	6502.865000	1101.787109	222.106506
-7521.580319	6502.865000	1100.646484	32.432049
-7521.580319	6502.865000	1099.504883	146.441742
-7521.580319	6502.865000	1098.363281	186.363831
-7521.580319	6502.865000	1097.221680	117.673943
-7521.580319	6502.865000	1096.079102	36.089195
-7521.580319	6502.865000	1094.936523	148.093735
-7521.580319	6502.865000	1093.793945	53.395653
-7521.580319	6502.865000	1092.651367	158.448135
-7521.580319	6502.865000	1091.507813	80.420349
-7521.580319	6502.865000	1090.364258	98.904457
-7521.580319	6502.865000	1089.220703	161.128082
-7521.580319	6502.865000	1088.077148	130.848618
-7521.580319	6502.865000	1086.933594	38.542709
-7521.580319	6502.865000	1085.789063	64.184624
-7521.580319	6502.865000	1084.644531	53.977463
-7521.580319	6502.865000	1083.499023	-0.173381
-7521.580319	6502.865000	1082.354492	60.273109
-7521.580319	6502.865000	1081.208984	36.805836
-7521.580319	6502.865000	1080.063477	15.597219
-7521.580319	6502.865000	1078.917969	6.949114
-7521.580319	6502.865000	1077.771484	37.760475
-7521.580319	6502.865000	1076.625977	38.306404
-7521.580319	6502.865000	1075.479492	8.927678
-7521.580319	6502.865000	1074.332031	-5.751149
-7521.580319	6502.865000	1073.185547	-2.580835
-7521.580319	6502.865000	1072.038086	75.101555
-7521.580319	6502.865000	1070.890625	24.082863
-7521.580319	6502.865000	1069.743164	120.753822
-7521.580319	6502.865000	1068.594727	135.988342
-7521.580319	6502.865000	1067.447266	167.328934
-7521.580319	6502.865000	1066.298828	225.878784
-7521.580319	6502.865000	1065.149414	174.242920
-7521.580319	6502.865000	1064.000977	146.056259
-7521.580319	6502.865000	1062.851563	165.294418
-7521.580319	6502.865000	1061.702148	339.690704
-7521.580319	6502.865000	1060.552734	140.172958
-7521.580319	6502.865000	1059.402344	228.383530
-7521.580319	6502.865000	1058.252930	325.660614
-7521.580319	6502.865000	1057.102539	260.505585
-7521.580319	6502.865000	1055.951172	13.872572
-7521.580319	6502.865000	1054.800781	186.190247
-7521.580319	6502.865000	1053.649414	3.588768
-7521.580319	6502.865000	1052.498047	75.942673
-7521.580319	6502.865000	1051.346680	130.254532
-7521.580319	6502.865000	1050.194336	120.661682
-7521.580319	6502.865000	1049.042969	51.531891
-7521.580319	6502.865000	1047.890625	124.242233
-7521.580319	6502.865000	1046.738281	60.919300
-7521.580319	6502.865000	1045.584961	73.554359
-7521.580319	6502.865000	1044.431641	-29.655651
-7521.580319	6502.865000	1043.278320	16.231291
-7521.580319	6502.865000	1042.125000	47.439922
-7521.580319	6502.865000	1040.971680	274.924469
-7521.580319	6502.865000	1039.817383	151.813354
-7521.580319	6502.865000	1038.663086	155.745956
-7521.580319	6502.865000	1037.508789	44.715576
-7521.580319	6502.865000	1036.353516	8.661619
-7521.580319	6502.865000	1035.198242	156.586319
-7521.580319	6502.865000	1034.042969	179.765198
-7521.580319	6502.865000	1032.887695	277.302856
-7521.580319	6502.865000	1031.732422	271.085693
-7521.580319	6502.865000	1030.576172	277.403137
-7521.580319	6502.865000	1029.419922	287.335083
-7521.580319	6502.865000	1028.263672	250.717667
-7521.580319	6502.865000	1027.106445	227.825562
-7521.580319	6502.865000	1025.949219	237.165070
-7521.580319	6502.865000	1024.792969	229.241516
-7521.580319	6502.865000	1023.634766	199.961288
-7521.580319	6502.865000	1022.477539	197.667770
-7521.580319	6502.865000	1021.319336	186.979050
-7521.580319	6502.865000	1020.161133	154.710068
-7521.580319	6502.865000	1019.002930	365.738373
-7521.580319	6502.865000	1017.843750	179.229233
-7521.580319	6502.865000	1016.684570	75.272026
-7521.580319	6502.865000	1015.525391	145.972336
-7521.580319	6502.865000	1014.366211	-20.270761
-7521.580319	6502.865000	1013.207031	-59.167118
-7521.580319	6502.865000	1012.046875	165.821991
-7521.580319	6502.865000	1010.886719	145.424179
-7521.580319	6502.865000	1009.726563	59.007763
-7521.580319	6502.865000	1008.565430	29.802803
-7521.580319	6502.865000	1007.404297	111.149277
-7521.580319	6502.865000	1006.243164	98.762634
-7521.580319	6502.865000	1005.082031	234.779724
-7521.580319	6502.865000	1003.920898	182.603516
-7521.580319	6502.865000	1002.758789	219.660767
-7521.580319	6502.865000	1001.596680	252.622101
-7521.580319	6502.865000	1000.433594	229.786835
-7521.580319	6502.865000	999.271484	447.334503
-7521.580319	6502.865000	998.108398	174.920258
-7521.580319	6502.865000	996.945313	309.150787
-7521.580319	6502.865000	995.782227	252.492966
-7521.580319	6502.865000	994.618164	310.453125
-7521.580319	6502.865000	993.454102	333.821564
-7521.580319	6502.865000	992.290039	202.465088
-7521.580319	6502.865000	991.125977	220.587906
-7521.580319	6502.865000	989.960938	240.802216
-7521.580319	6502.865000	988.796875	461.732086
-7521.580319	6502.865000	987.630859	255.915527
-7521.580319	6502.865000	986.465820	133.372849
-7521.580319	6502.865000	985.300781	292.538513
-7521.580319	6502.865000	984.134766	382.197479
-7521.580319	6502.865000	982.968750	299.063019
-7521.580319	6502.865000	981.801758	124.037285
-7521.580319	6502.865000	980.635742	166.965668
-7521.580319	6502.865000	979.468750	211.480484
-7521.580319	6502.865000	978.301758	192.388763
-7521.580319	6502.865000	977.133789	59.989105
-7521.580319	6502.865000	975.966797	-21.781717
-7521.580319	6502.865000	974.798828	48.435577
-7521.580319	6502.865000	973.630859	163.317688
-7521.580319	6502.865000	972.461914	158.581116
-7521.580319	6502.865000	971.293945	120.223770
-7521.580319	6502.865000	970.125000	22.894381
-7521.580319	6502.865000	968.956055	167.586090
-7521.580319	6502.865000	967.786133	-16.913366
-7521.580319	6502.865000	966.617188	129.045364
-7521.580319	6502.865000	965.447266	-32.348053
-7521.580319	6502.865000	964.276367	-23.723452
-7521.580319	6502.865000	963.106445	-105.864555
-7521.580319	6502.865000	961.935547	-3.357635
-7521.580319	6502.865000	960.764648	-89.200226
-7521.580319	6502.865000	959.593750	-69.339035
-7521.580319	6502.865000	958.422852	-58.297924
-7521.580319	6502.865000	957.250977	-73.490898
-7521.580319	6502.865000	956.079102	87.931206
-7521.580319	6502.865000	954.907227	102.847366
-7521.580319	6502.865000	953.734375	-159.484589
-7521.580319	6502.865000	952.562500	-89.830177
-7521.580319	6502.865000	951.389648	54.163616
-7521.580319	6502.865000	950.215820	-187.210220
-7521.580319	6502.865000	949.042969	-190.937378
-7521.580319	6502.865000	947.869141	-96.114594
-7521.580319	6502.865000	946.695313	83.585846
-7521.580319	6502.865000	945.521484	-33.201725
-7521.580319	6502.865000	944.346680	64.310219
-7521.580319	6502.865000	943.172852	79.469574
-7521.580319	6502.865000	941.998047	47.362579
-7521.580319	6502.865000	940.822266	95.187485
-7521.580319	6502.865000	939.647461	-61.477310
-7521.580319	6502.865000	938.471680	12.078897
-7521.580319	6502.865000	937.295898	78.834290
-7521.580319	6502.865000	936.119141	103.173477
-7521.580319	6502.865000	934.943359	-133.657578
-7521.580319	6502.865000	933.766602	8.475561
-7521.580319	6502.865000	932.589844	256.153137
-7521.580319	6502.865000	931.413086	2.879594
-7521.580319	6502.865000	930.235352	76.515045
-7521.580319	6502.865000	929.057617	140.785294
-7521.580319	6502.865000	927.879883	219.052643
-7521.580319	6502.865000	926.702148	43.471878
-7521.580319	6502.865000	925.523438	164.076447
-7521.580319	6502.865000	924.344727	153.019409
-7521.580319	6502.865000	923.166016	212.435516
-7521.580319	6502.865000	921.987305	154.365768
-7521.580319	6502.865000	920.807617	138.590652
-7521.580319	6502.865000	919.627930	140.612366
-7521.580319	6502.865000	919.497070	5.619135
-7521.580319	6502.865000	918.331055	72.010437
-7521.580319	6502.865000	917.165039	96.112831
-7521.580319	6502.865000	915.999023	188.255386
-7521.580319	6502.865000	914.833008	8.165612
-7521.580319	6502.865000	913.666016	79.156647
-7521.580319	6502.865000	912.499023	-82.092041
-7521.580319	6502.865000	911.332031	-36.926189
-7521.580319	6502.865000	910.165039	24.622925
-7521.580319	6502.865000	908.997070	-84.975861
-7521.580319	6502.865000	907.830078	-159.388870
-7521.580319	6502.865000	906.661133	-58.046944
-7521.580319	6502.865000	905.493164	15.130092
-7521.580319	6502.865000	904.325195	123.399628
-7521.580319	6502.865000	903.156250	-4.891141
-7521.580319	6502.865000	901.987305	227.401688
-7521.580319	6502.865000	900.818359	7.833699
-7521.580319	6502.865000	899.648438	-38.476925
-7521.580319	6502.865000	898.478516	8.810493
-7521.580319	6502.865000	897.308594	-88.966705
-7521.580319	6502.865000	896.138672	-8.966791
-7521.580319	6502.865000	894.968750	35.915146
-7521.580319	6502.865000	893.797852	-57.163239
-7521.580319	6502.865000	892.626953	76.509377
-7521.580319	6502.865000	891.456055	58.219051
-7521.580319	6502.865000	890.284180	121.700546
-7521.580319	6502.865000	889.113281	-111.519333
-7521.580319	6502.865000	887.941406	82.733597
-7521.580319	6502.865000	886.768555	-3.299571
-7521.580319	6502.865000	885.596680	41.420715
-7521.580319	6502.865000	884.423828	-35.256134
-7521.580319	6502.865000	883.250977	-25.572351
-7521.580319	6502.865000	882.078125	103.082314
-7521.580319	6502.865000	880.905273	-76.229729
-7521.580319	6502.865000	879.731445	201.614838
-7521.580319	6502.865000	878.557617	29.327909
-7521.580319	6502.865000	877.383789	-5.362585
-7521.580319	6502.865000	876.209961	15.885528
-7521.580319	6502.865000	875.035156	239.841522
-7521.580319	6502.865000	873.860352	102.584991
-7521.580319	6502.865000	872.685547	-62.579483
-7521.580319	6502.865000	871.510742	-18.099287
-7521.580319	6502.865000	870.334961	138.109741
-7521.580319	6502.865000	869.159180	-96.833221
-7521.580319	6502.865000	867.983398	31.372986
-7521.580319	6502.865000	866.807617	-17.328413
-7521.580319	6502.865000	865.630859	113.109085
-7521.580319	6502.865000	864.454102	31.821806
-7521.580319	6502.865000	863.277344	66.825722
-7521.580319	6502.865000	862.100586	106.450768
-7521.580319	6502.865000	860.922852	46.093994
-7521.580319	6502.865000	859.745117	48.496239
-7521.580319	6502.865000	858.567383	53.206188
-7521.580319	6502.865000	857.389648	127.590881
-7521.580319	6502.865000	856.210938	109.028755
-7521.580319	6502.865000	855.032227	-25.646059
-7521.580319	6502.865000	853.853516	187.962784
-7521.580319	6502.865000	852.674805	-67.403183
-7521.580319	6502.865000	851.495117	-139.345062
-7521.580319	6502.865000	850.315430	-30.298223
-7521.580319	6502.865000	849.135742	43.891979
-7521.580319	6502.865000	847.956055	-14.160851
-7521.580319	6502.865000	846.775391	-46.698524
-7521.580319	6502.865000	845.595703	15.809932
-7521.580319	6502.865000	844.415039	15.695983
-7521.580319	6502.865000	843.233398	-95.665581
-7521.580319	6502.865000	842.052734	-0.798877
-7521.580319	6502.865000	840.871094	29.154318
-7521.580319	6502.865000	839.689453	-116.931175
-7521.580319	6502.865000	838.506836	-91.631256
-7521.580319	6502.865000	837.325195	-6.171609
-7521.580319	6502.865000	836.142578	-68.889915
-7521.580319	6502.865000	834.959961	83.600891
-7521.580319	6502.865000	833.777344	212.875839
-7521.580319	6502.865000	832.593750	177.853561
-7521.580319	6502.865000	831.410156	-5.176960
-7521.580319	6502.865000	830.226563	47.682037
-7521.580319	6502.865000	829.042969	-65.935837
-7521.580319	6502.865000	827.858398	123.234665
-7521.580319	6502.865000	826.673828	-36.603355
-7521.580319	6502.865000	825.489258	64.656845
-7521.580319	6502.865000	824.304688	-28.160707
-7521.580319	6502.865000	823.120117	109.963821
-7521.580319	6502.865000	821.934570	241.085648
-7521.580319	6502.865000	820.749023	252.102264
-7521.580319	6502.865000	819.562500	108.471199
-7521.580319	6502.865000	818.376953	163.308548
-7521.580319	6502.865000	817.190430	86.612053
-7521.580319	6502.865000	816.003906	118.325661
-7521.580319	6502.865000	814.817383	161.534637
-7521.580319	6502.865000	813.629883	61.767673
-7521.580319	6502.865000	812.442383	109.537155
-7521.580319	6502.865000	811.254883	122.697861
-7521.580319	6502.865000	810.067383	78.230553
-7521.580319	6502.865000	808.878906	130.507629
-7521.580319	6502.865000	807.690430	3.103024
-7521.580319	6502.865000	806.501953	161.246536
-7521.580319	6502.865000	805.313477	-7.595223
-7521.580319	6502.865000	804.124023	-15.277494
-7521.580319	6502.865000	802.934570	36.849930
-7521.580319	6502.865000	801.745117	-37.605236
-7521.580319	6502.865000	800.555664	175.470581
-7521.580319	6502.865000	799.365234	195.258209
-7521.580319	6502.865000	798.175781	263.297211
-7521.580319	6502.865000	796.985352	119.797134
-7521.580319	6502.865000	795.793945	219.950562
-7521.580319	6502.865000	794.603516	177.572586
-7521.580319	6502.865000	793.412109	89.240746
-7521.580319	6502.865000	792.220703	23.888145
-7521.580319	6502.865000	791.028320	27.428873
-7521.580319	6502.865000	789.836914	76.860321
-7521.580319	6502.865000	788.644531	-16.071688
-7521.580319	6502.865000	787.452148	51.655396
-7521.580319	6502.865000	786.258789	172.100586
-7521.580319	6502.865000	785.066406	44.717026
-7521.580319	6502.865000	783.873047	169.646851
-7521.580319	6502.865000	782.679688	129.398056
-7521.580319	6502.865000	781.485352	171.671661
-7521.580319	6502.865000	780.291992	234.528381
-7521.580319	6502.865000	779.097656	59.002808
-7521.580319	6502.865000	777.903320	192.826614
-7521.580319	6502.865000	776.708008	115.825279
-7521.580319	6502.865000	775.512695	144.175858
-7521.580319	6502.865000	774.318359	23.654608
-7521.580319	6502.865000	773.122070	136.657104
-7521.580319	6502.865000	771.926758	222.117996
-7521.580319	6502.865000	770.730469	140.468994
-7521.580319	6502.865000	769.534180	154.913162
-7521.580319	6502.865000	768.337891	176.183243
-7521.580319	6502.865000	767.141602	71.636963
-7521.580319	6502.865000	765.944336	168.306137
-7521.580319	6502.865000	764.747070	200.899307
-7521.580319	6502.865000	763.549805	174.027130
-7521.580319	6502.865000	762.351563	55.736504
-7521.580319	6502.865000	761.154297	79.103081
-7521.580319	6502.865000	759.956055	207.493210
-7521.580319	6502.865000	758.757813	198.785980
-7521.580319	6502.865000	757.558594	82.747414
-7521.580319	6502.865000	756.359375	190.418747
-7521.580319	6502.865000	755.160156	183.907745
-7521.580319	6502.865000	753.960938	223.000397
-7521.580319	6502.865000	752.761719	218.702911
-7521.580319	6502.865000	751.561523	77.533142
-7521.580319	6502.865000	750.361328	48.120373
-7521.580319	6502.865000	749.160156	100.757317
-7521.580319	6502.865000	747.959961	41.655960
-7521.580319	6502.865000	746.758789	162.569839
-7521.580319	6502.865000	745.557617	148.980362
-7521.580319	6502.865000	744.356445	123.974350
-7521.580319	6502.865000	743.154297	44.287758
-7521.580319	6502.865000	741.952148	230.996353
-7521.580319	6502.865000	740.750000	14.669831
-7521.580319	6502.865000	739.547852	121.581543
-7521.580319	6502.865000	738.344727	82.785217
-7521.580319	6502.865000	737.142578	276.019714
-7521.580319	6502.865000	735.939453	68.826225
-7521.580319	6502.865000	734.735352	89.086861
-7521.580319	6502.865000	733.532227	2.448391
-7521.580319	6502.865000	732.328125	-4.631675
-7521.580319	6502.865000	731.124023	151.884613
-7521.580319	6502.865000	729.918945	-32.519474
-7521.580319	6502.865000	728.714844	14.828434
-7521.580319	6502.865000	727.509766	100.730377
-7521.580319	6502.865000	726.303711	93.461594
-7521.580319	6502.865000	725.098633	70.270813
-7521.580319	6502.865000	723.892578	-11.960486
-7521.580319	6502.865000	722.686523	-23.845018
-7521.580319	6502.865000	721.480469	73.142563
-7521.580319	6502.865000	720.274414	27.150160
-7521.580319	6502.865000	719.067383	1.550486
-7521.580319	6502.865000	717.860352	-132.908203
-7521.580319	6502.865000	716.653320	-90.527206
-7521.580319	6502.865000	715.445313	114.982132
-7521.580319	6502.865000	714.238281	-17.256418
-7521.580319	6502.865000	713.030273	-20.344257
-7521.580319	6502.865000	711.821289	5.977311
-7521.580319	6502.865000	710.613281	-112.676552
-7521.580319	6502.865000	709.404297	1.879719
-7521.580319	6502.865000	708.195313	64.290146
-7521.580319	6502.865000	706.986328	-79.304146
-7521.580319	6502.865000	705.776367	-118.794861
-7521.580319	6502.865000	704.566406	-51.983177
-7521.580319	6502.865000	703.356445	-107.366150
-7521.580319	6502.865000	702.146484	-122.059952
-7521.580319	6502.865000	700.935547	37.291183
-7521.580319	6502.865000	699.724609	-67.910675
-7521.580319	6502.865000	698.513672	-82.712845
-7521.580319	6502.865000	697.302734	-29.765165
-7521.580319	6502.865000	696.090820	11.828558
-7521.580319	6502.865000	694.878906	-3.089523
-7521.580319	6502.865000	693.666992	36.151562
-7521.580319	6502.865000	692.455078	-3.668330
-7521.580319	6502.865000	691.242188	58.052975
-7521.580319	6502.865000	690.029297	194.176315
-7521.580319	6502.865000	688.816406	203.871216
-7521.580319	6502.865000	687.602539	30.828644
-7521.580319	6502.865000	686.389648	171.275833
-7521.580319	6502.865000	685.175781	268.789917
-7521.580319	6502.865000	683.960938	134.054520
-7521.580319	6502.865000	682.747070	139.067078
-7521.580319	6502.865000	681.532227	211.634552
-7521.580319	6502.865000	680.317383	128.702530
-7521.580319	6502.865000	679.102539	-64.586266
-7521.580319	6502.865000	677.886719	136.219711
-7521.580319	6502.865000	676.670898	21.733118
-7521.580319	6502.865000	675.455078	107.578636
-7521.580319	6502.865000	674.239258	-65.430092
-7521.580319	6502.865000	673.022461	126.068550
-7521.580319	6502.865000	671.805664	258.969604
-7521.580319	6502.865000	670.588867	151.151657
-7521.580319	6502.865000	669.372070	7.371247
-7521.580319	6502.865000	668.154297	41.201359
-7521.580319	6502.865000	666.936523	117.686066
-7521.580319	6502.865000	665.718750	180.623428
-7521.580319	6502.865000	664.500977	12.111326
-7521.580319	6502.865000	663.282227	-48.554695
-7521.580319	6502.865000	662.063477	126.554832
-7521.580319	6502.865000	660.844727	157.873230
-7521.580319	6502.865000	659.625000	-98.165298
-7521.580319	6502.865000	658.405273	11.665650
-7521.580319	6502.865000	657.185547	2.505008
-7521.580319	6502.865000	655.965820	-8.926749
-7521.580319	6502.865000	654.745117	78.292274
-7521.580319	6502.865000	653.525391	69.030014
-7521.580319	6502.865000	652.303711	32.834763
-7521.580319	6502.865000	651.083008	193.859955
-7521.580319	6502.865000	649.861328	43.311348
-7521.580319	6502.865000	648.640625	197.486267
-7521.580319	6502.865000	647.417969	246.286270
-7521.580319	6502.865000	646.196289	57.663940
-7521.580319	6502.865000	644.973633	357.174469
-7521.580319	6502.865000	643.750977	267.039246
-7521.580319	6502.865000	642.528320	138.868958
-7521.580319	6502.865000	641.305664	95.749397
-7521.580319	6502.865000	640.082031	242.764877
-7521.580319	6502.865000	638.858398	204.056808
-7521.580319	6502.865000	637.634766	303.975189
-7521.580319	6502.865000	636.410156	506.659424
-7521.580319	6502.865000	635.185547	306.907288
-7521.580319	6502.865000	633.960938	417.831451
-7521.580319	6502.865000	632.736328	533.151550
-7521.580319	6502.865000	631.510742	735.508911
-7521.580319	6502.865000	630.285156	680.933289
-7521.580319	6502.865000	629.059570	621.890503
-7521.580319	6502.865000	627.833984	489.182617
-7521.580319	6502.865000	626.607422	432.386017
-7521.580319	6502.865000	625.380859	326.500793
-7521.580319	6502.865000	624.154297	332.180725
-7521.580319	6502.865000	622.927734	353.448639
-7521.580319	6502.865000	621.700195	194.057617
-7521.580319	6502.865000	620.472656	126.120148
-7521.580319	6502.865000	619.245117	205.303177
-7521.580319	6502.865000	618.016602	206.430038
-7521.580319	6502.865000	616.788086	185.255890
-7521.580319	6502.865000	615.559570	50.464737
-7521.580319	6502.865000	614.331055	58.245033
-7521.580319	6502.865000	613.101563	63.772625
-7521.580319	6502.865000	611.872070	196.168930
-7521.580319	6502.865000	610.642578	206.079422
-7521.580319	6502.865000	609.413086	342.803406
-7521.580319	6502.865000	608.182617	357.088959
-7521.580319	6502.865000	606.952148	228.998947
-7521.580319	6502.865000	605.721680	174.331711
-7521.580319	6502.865000	604.491211	237.506699
-7521.580319	6502.865000	603.259766	60.570251
-7521.580319	6502.865000	602.028320	-56.302830
-7521.580319	6502.865000	600.796875	151.254623
-7521.580319	6502.865000	599.564453	5.501382
-7521.580319	6502.865000	598.332031	55.239208
-7521.580319	6502.865000	597.099609	27.226402
-7521.580319	6502.865000	595.867188	-42.967205
-7521.580319	6502.865000	594.633789	-93.171249
-7521.580319	6502.865000	593.400391	-158.898880
-7521.580319	6502.865000	592.166992	-9.407874
-7521.580319	6502.865000	590.933594	122.264160
-7521.580319	6502.865000	589.699219	187.336884
-7521.580319	6502.865000	588.464844	223.549133
-7521.580319	6502.865000	587.230469	248.652908
-7521.580319	6502.865000	585.995117	287.031403
-7521.580319	6502.865000	584.760742	188.011948
-7521.580319	6502.865000	583.525391	75.732079
-7521.580319	6502.865000	582.289063	80.873428
-7521.580319	6502.865000	581.053711	125.867378
-7521.580319	6502.865000	579.817383	84.491547
-7521.580319	6502.865000	578.581055	74.114700
-7521.580319	6502.865000	577.343750	39.391518
-7521.580319	6502.865000	576.107422	104.241669
-7521.580319	6502.865000	574.870117	-45.504520
-7521.580319	6502.865000	573.631836	147.587036
-7521.580319	6502.865000	572.394531	-55.176289
-7521.580319	6502.865000	571.156250	-116.385086
-7521.580319	6502.865000	569.917969	136.262039
-7521.580319	6502.865000	568.679688	-70.799873
-7521.580319	6502.865000	567.440430	58.010586
-7521.580319	6502.865000	566.202148	173.516388
-7521.580319	6502.865000	564.961914	158.681519
-7521.580319	6502.865000	563.722656	240.996521
-7521.580319	6502.865000	562.482422	215.117889
-7521.580319	6502.865000	561.243164	284.145905
-7521.580319	6502.865000	560.001953	194.284256
-7521.580319	6502.865000	558.761719	278.727600
-7521.580319	6502.865000	557.520508	193.319916
-7521.580319	6502.865000	556.279297	200.557297
-7521.580319	6502.865000	555.038086	84.346436
-7521.580319	6502.865000	553.795898	129.073380
-7521.580319	6502.865000	552.554688	162.771439
-7521.580319	6502.865000	551.311523	117.143387
-7521.580319	6502.865000	550.069336	-51.798435
-7521.580319	6502.865000	548.826172	111.844643
-7521.580319	6502.865000	547.583984	145.532593
-7521.580319	6502.865000	546.339844	-113.543999
-7521.580319	6502.865000	545.096680	-46.804508
-7521.580319	6502.865000	543.852539	50.711735
-7521.580319	6502.865000	542.608398	93.200417
-7521.580319	6502.865000	541.364258	-51.257107
-7521.580319	6502.865000	540.119141	-134.083893
-7521.580319	6502.865000	538.875000	-25.612629
-7521.580319	6502.865000	537.628906	-55.649223
-7521.580319	6502.865000	536.383789	-10.951697
-7521.580319	6502.865000	535.137695	-122.247345
-7521.580319	6502.865000	533.892578	-16.038401
-7521.580319	6502.865000	532.645508	59.383904
-7521.580319	6502.865000	531.399414	18.426435
-7521.580319	6502.865000	530.152344	-143.232819
-7521.580319	6502.865000	528.905273	-12.940915
-7521.580319	6502.865000	527.658203	18.571835
-7521.580319	6502.865000	526.410156	-162.700714
-7521.580319	6502.865000	525.163086	4.823409
-7521.580319	6502.865000	523.914063	29.756386
-7521.580319	6502.865000	522.666016	-35.186657
-7521.580319	6502.865000	521.416992	53.323635
-7521.580319	6502.865000	520.167969	168.100662
-7521.580319	6502.865000	518.918945	30.900770
-7521.580319	6502.865000	517.669922	12.045719
-7521.580319	6502.865000	516.419922	170.581024
-7521.580319	6502.865000	515.169922	-19.048679
-7521.580319	6502.865000	513.919922	-18.154533
-7521.580319	6502.865000	512.668945	-93.848770
-7521.580319	6502.865000	511.417969	55.857063
-7521.580319	6502.865000	510.166992	-0.114340
-7521.580319	6502.865000	508.916016	18.305666
-7521.580319	6502.865000	507.664063	183.220596
-7521.580319	6502.865000	506.412109	-8.253804
-7521.580319	6502.865000	505.160156	292.119995
-7521.580319	6502.865000	503.907227	240.565521
-7521.580319	6502.865000	502.655273	293.907196
-7521.580319	6502.865000	501.402344	321.020599
-7521.580319	6502.865000	500.148438	411.453186
-7521.580319	6502.865000	498.895508	242.051682
-7521.580319	6502.865000	497.641602	238.616425
-7521.580319	6502.865000	496.387695	239.552902
-7521.580319	6502.865000	495.132813	192.490723
-7521.580319	6502.865000	493.878906	208.715851
-7521.580319	6502.865000	492.624023	26.473389
-7521.580319	6502.865000	491.368164	-7.420921
-7521.580319	6502.865000	490.113281	54.622452
-7521.580319	6502.865000	488.857422	-1.054331
-7521.580319	6502.865000	487.601563	104.541306
-7521.580319	6502.865000	486.344727	72.840508
-7521.580319	6502.865000	485.088867	163.127914
-7521.580319	6502.865000	483.832031	68.275322
-7521.580319	6502.865000	482.575195	-52.664322
-7521.580319	6502.865000	481.317383	-32.074997
-7521.580319	6502.865000	480.059570	62.491653
-7521.580319	6502.865000	478.801758	120.024773
-7521.580319	6502.865000	477.543945	73.114059
-7521.580319	6502.865000	476.285156	145.826004
-7521.580319	6502.865000	475.027344	225.023544
-7521.580319	6502.865000	473.767578	60.698925
-7521.580319	6502.865000	472.508789	168.109222
-7521.580319	6502.865000	471.249023	77.722374
-7521.580319	6502.865000	469.989258	172.017593
-7521.580319	6502.865000	468.729492	172.860580
-7521.580319	6502.865000	467.469727	158.485641
-7521.580319	6502.865000	466.208984	241.791260
-7521.580319	6502.865000	464.948242	366.280426
-7521.580319	6502.865000	463.686523	236.788025
-7521.580319	6502.865000	462.425781	441.453949
-7521.580319	6502.865000	461.164063	285.920807
-7521.580319	6502.865000	459.901367	412.353546
-7521.580319	6502.865000	458.639648	295.863251
-7521.580319	6502.865000	457.376953	402.666809
-7521.580319	6502.865000	456.114258	336.006683
-7521.580319	6502.865000	454.851563	293.173584
-7521.580319	6502.865000	453.587891	202.656570
-7521.580319	6502.865000	452.324219	237.759354
-7521.580319	6502.865000	451.060547	318.276459
-7521.580319	6502.865000	449.796875	448.506195
-7521.580319	6502.865000	448.532227	191.186127
-7521.580319	6502.865000	447.267578	273.675079
-7521.580319	6502.865000	446.002930	276.023529
-7521.580319	6502.865000	444.737305	269.657715
-7521.580319	6502.865000	443.471680	178.893311
-7521.580319	6502.865000	442.206055	382.156097
-7521.580319	6502.865000	440.940430	423.139832
-7521.580319	6502.865000	439.673828	310.587616
-7521.580319	6502.865000	438.407227	319.013184
-7521.580319	6502.865000	437.140625	498.020233
-7521.580319	6502.865000	435.873047	281.623871
-7521.580319	6502.865000	434.605469	311.402161
-7521.580319	6502.865000	433.337891	481.408264
-7521.580319	6502.865000	432.070313	681.468140
-7521.580319	6502.865000	430.801758	482.127045
-7521.580319	6502.865000	429.533203	464.001007
-7521.580319	6502.865000	428.264648	506.177948
-7521.580319	6502.865000	426.996094	405.899963
-7521.580319	6502.865000	425.726563	674.237488
-7521.580319	6502.865000	424.457031	437.936310
-7521.580319	6502.865000	423.186523	430.057220
-7521.580319	6502.865000	421.916992	521.178528
-7521.580319	6502.865000	420.646484	493.646942
-7521.580319	6502.865000	419.375977	530.607117
-7521.580319	6502.865000	418.104492	526.496948
-7521.580319	6502.865000	416.833008	580.372192
-7521.580319	6502.865000	415.561523	444.672241
-7521.580319	6502.865000	414.290039	330.397949
-7521.580319	6502.865000	413.017578	495.690796
-7521.580319	6502.865000	411.746094	271.437042
-7521.580319	6502.865000	410.472656	216.987061
-7521.580319	6502.865000	409.200195	196.792526
-7521.580319	6502.865000	407.926758	294.643982
-7521.580319	6502.865000	406.653320	368.627960
-7521.580319	6502.865000	405.379883	343.552521
-7521.580319	6502.865000	404.105469	185.099396
-7521.580319	6502.865000	402.831055	236.981110
-7521.580319	6502.865000	401.556641	267.157684
-7521.580319	6502.865000	400.282227	159.713013
-7521.580319	6502.865000	399.006836	178.712906
-7521.580319	6502.865000	397.731445	103.058922
-7521.580319	6502.865000	396.456055	250.313095
-7521.580319	6502.865000	395.179688	161.315628
-7521.580319	6502.865000	393.903320	185.757233
-7521.580319	6502.865000	392.626953	231.367004
-7521.580319	6502.865000	391.350586	109.499344
-7521.580319	6502.865000	390.073242	66.691307
-7521.580319	6502.865000	388.795898	143.600098
-7521.580319	6502.865000	387.518555	136.643173
-7521.580319	6502.865000	386.240234	60.849121
-7521.580319	6502.865000	384.961914	147.505219
-7521.580319	6502.865000	383.683594	261.635834
-7521.580319	6502.865000	382.405273	148.529831
-7521.580319	6502.865000	381.125977	268.359222
-7521.580319	6502.865000	379.846680	30.534130
-7521.580319	6502.865000	378.567383	17.034313
-7521.580319	6502.865000	377.287109	22.412310
-7521.580319	6502.865000	376.006836	-13.204244
-7521.580319	6502.865000	374.726563	83.331879
-7521.580319	6502.865000	373.446289	138.832291
-7521.580319	6502.865000	372.165039	153.301254
-7521.580319	6502.865000	370.883789	171.622681
-7521.580319	6502.865000	369.602539	-75.294724
-7521.580319	6502.865000	368.320313	-4.424257
-7521.580319	6502.865000	367.039063	-123.997536
-7521.580319	6502.865000	365.755859	29.169886
-7521.580319	6502.865000	364.473633	-42.220501
-7521.580319	6502.865000	363.190430	-50.076656
-7521.580319	6502.865000	361.907227	-5.101648
-7521.580319	6502.865000	360.624023	-31.014580
-7521.580319	6502.865000	359.340820	44.896896
-7521.580319	6502.865000	358.056641	-50.277660
-7521.580319	6502.865000	356.772461	-7.442324
-7521.580319	6502.865000	355.487305	128.543945
-7521.580319	6502.865000	354.202148	89.246185
-7521.580319	6502.865000	352.916992	74.940117
-7521.580319	6502.865000	351.631836	21.724018
-7521.580319	6502.865000	350.346680	72.225250
-7521.580319	6502.865000	349.060547	-12.005857
-7521.580319	6502.865000	347.774414	41.461514
-7521.580319	6502.865000	346.487305	213.358871
-7521.580319	6502.865000	345.200195	42.113098
-7521.580319	6502.865000	343.913086	25.479301
-7521.580319	6502.865000	342.625977	116.574669
-7521.580319	6502.865000	341.338867	-143.760712
-7521.580319	6502.865000	340.050781	5.370342
-7521.580319	6502.865000	338.762695	43.225605
-7521.580319	6502.865000	337.473633	1.695724
-7521.580319	6502.865000	336.184570	18.866693
-7521.580319	6502.865000	334.895508	-147.341095
-7521.580319	6502.865000	333.606445	103.858704
-7521.580319	6502.865000	332.317383	-59.684322
-7521.580319	6502.865000	331.027344	-58.539402
-7521.580319	6502.865000	329.736328	47.775364
-7521.580319	6502.865000	328.446289	151.069565
-7521.580319	6502.865000	327.155273	-20.118088
-7521.580319	6502.865000	325.864258	-54.361958
-7521.580319	6502.865000	324.573242	16.438843
-7521.580319	6502.865000	323.281250	274.800171
-7521.580319	6502.865000	321.989258	-73.784744
-7521.580319	6502.865000	320.697266	87.206963
-7521.580319	6502.865000	319.405273	3.605529
-7521.580319	6502.865000	318.112305	-30.219915
-7521.580319	6502.865000	316.819336	55.555660
-7521.580319	6502.865000	315.526367	-136.990356
-7521.580319	6502.865000	314.232422	-30.169901
-7521.580319	6502.865000	312.938477	-32.389912
-7521.580319	6502.865000	311.644531	105.931931
-7521.580319	6502.865000	310.349609	-8.603769
-7521.580319	6502.865000	309.054688	-39.728615
-7521.580319	6502.865000	307.759766	86.446388
-7521.580319	6502.865000	306.464844	16.949568
-7521.580319	6502.865000	305.168945	-89.727882
-7521.580319	6502.865000	303.873047	60.010845
-7521.580319	6502.865000	302.577148	-21.771755
-7521.580319	6502.865000	301.281250	161.134949
-7521.580319	6502.865000	299.984375	196.930725
