#X		#Y		#Wave		#Intensity
31429.065160	1099.663833	1999.980469	50.531067
31429.065160	1099.663833	1999.016602	42.237446
31429.065160	1099.663833	1998.052734	-24.299753
31429.065160	1099.663833	1997.087891	-86.039864
31429.065160	1099.663833	1996.123047	129.558731
31429.065160	1099.663833	1995.158203	-9.340219
31429.065160	1099.663833	1994.193359	-61.673687
31429.065160	1099.663833	1993.228516	-20.055004
31429.065160	1099.663833	1992.262695	-47.933674
31429.065160	1099.663833	1991.297852	77.511902
31429.065160	1099.663833	1990.332031	-32.355267
31429.065160	1099.663833	1989.366211	33.358532
31429.065160	1099.663833	1988.399414	-24.792316
31429.065160	1099.663833	1987.433594	171.712845
31429.065160	1099.663833	1986.466797	86.083618
31429.065160	1099.663833	1985.500977	64.643745
31429.065160	1099.663833	1984.534180	-18.714302
31429.065160	1099.663833	1983.567383	-5.765471
31429.065160	1099.663833	1982.599609	-32.475735
31429.065160	1099.663833	1981.632813	79.074974
31429.065160	1099.663833	1980.665039	2.732903
31429.065160	1099.663833	1979.697266	96.736412
31429.065160	1099.663833	1978.729492	-31.642050
31429.065160	1099.663833	1977.761719	30.039814
31429.065160	1099.663833	1976.792969	-7.132372
31429.065160	1099.663833	1975.825195	145.658188
31429.065160	1099.663833	1974.856445	49.081699
31429.065160	1099.663833	1973.887695	-109.218567
31429.065160	1099.663833	1972.918945	-77.606895
31429.065160	1099.663833	1971.949219	0.776435
31429.065160	1099.663833	1970.980469	-83.681526
31429.065160	1099.663833	1970.010742	-54.773659
31429.065160	1099.663833	1969.041016	87.439194
31429.065160	1099.663833	1968.071289	121.103622
31429.065160	1099.663833	1967.101563	85.705948
31429.065160	1099.663833	1966.130859	20.702246
31429.065160	1099.663833	1965.161133	68.965729
31429.065160	1099.663833	1964.190430	136.859543
31429.065160	1099.663833	1963.219727	184.981995
31429.065160	1099.663833	1962.249023	-82.047623
31429.065160	1099.663833	1961.277344	42.302326
31429.065160	1099.663833	1960.306641	-10.606503
31429.065160	1099.663833	1959.334961	79.158546
31429.065160	1099.663833	1958.363281	48.323612
31429.065160	1099.663833	1957.391602	44.517422
31429.065160	1099.663833	1956.419922	116.904770
31429.065160	1099.663833	1955.447266	-27.106838
31429.065160	1099.663833	1954.474609	-58.027203
31429.065160	1099.663833	1953.501953	-12.780086
31429.065160	1099.663833	1952.529297	44.710197
31429.065160	1099.663833	1951.556641	-20.673113
31429.065160	1099.663833	1950.583984	-142.544388
31429.065160	1099.663833	1949.610352	-50.746605
31429.065160	1099.663833	1948.636719	-10.559779
31429.065160	1099.663833	1947.663086	-19.499815
31429.065160	1099.663833	1946.689453	-82.444977
31429.065160	1099.663833	1945.715820	21.481781
31429.065160	1099.663833	1944.741211	-117.527695
31429.065160	1099.663833	1943.767578	-40.636303
31429.065160	1099.663833	1942.792969	19.049728
31429.065160	1099.663833	1941.818359	76.254517
31429.065160	1099.663833	1940.842773	-47.984127
31429.065160	1099.663833	1939.868164	-81.489891
31429.065160	1099.663833	1938.892578	71.263084
31429.065160	1099.663833	1937.916992	118.598358
31429.065160	1099.663833	1936.941406	9.131324
31429.065160	1099.663833	1935.965820	51.560799
31429.065160	1099.663833	1934.990234	204.172485
31429.065160	1099.663833	1934.013672	-8.078156
31429.065160	1099.663833	1933.037109	-24.413692
31429.065160	1099.663833	1932.060547	-119.058311
31429.065160	1099.663833	1931.083984	-0.773356
31429.065160	1099.663833	1930.107422	46.523537
31429.065160	1099.663833	1929.129883	62.008827
31429.065160	1099.663833	1928.153320	-71.687630
31429.065160	1099.663833	1927.175781	-39.054573
31429.065160	1099.663833	1926.198242	5.798404
31429.065160	1099.663833	1925.219727	31.089151
31429.065160	1099.663833	1924.242188	-24.265581
31429.065160	1099.663833	1923.263672	96.332298
31429.065160	1099.663833	1922.285156	14.134843
31429.065160	1099.663833	1921.306641	-21.613810
31429.065160	1099.663833	1920.328125	-50.011349
31429.065160	1099.663833	1919.349609	87.637955
31429.065160	1099.663833	1918.370117	147.133331
31429.065160	1099.663833	1917.391602	94.351593
31429.065160	1099.663833	1916.412109	7.440069
31429.065160	1099.663833	1915.431641	42.559258
31429.065160	1099.663833	1914.452148	-54.039711
31429.065160	1099.663833	1913.472656	61.586811
31429.065160	1099.663833	1912.492188	50.390297
31429.065160	1099.663833	1911.511719	92.845947
31429.065160	1099.663833	1910.531250	-40.194515
31429.065160	1099.663833	1909.550781	7.165502
31429.065160	1099.663833	1908.569336	42.340328
31429.065160	1099.663833	1907.588867	109.185684
31429.065160	1099.663833	1906.607422	151.664841
31429.065160	1099.663833	1905.625977	9.071107
31429.065160	1099.663833	1904.644531	29.671093
31429.065160	1099.663833	1903.662109	-88.474449
31429.065160	1099.663833	1902.680664	2.746278
31429.065160	1099.663833	1901.698242	-25.285940
31429.065160	1099.663833	1900.715820	-48.427391
31429.065160	1099.663833	1899.733398	30.616728
31429.065160	1099.663833	1898.750000	82.893967
31429.065160	1099.663833	1897.767578	35.474339
31429.065160	1099.663833	1896.784180	26.983324
31429.065160	1099.663833	1895.800781	-39.824711
31429.065160	1099.663833	1894.817383	-11.818146
31429.065160	1099.663833	1893.833984	52.637550
31429.065160	1099.663833	1892.850586	-84.544785
31429.065160	1099.663833	1891.866211	-56.505146
31429.065160	1099.663833	1890.881836	17.675718
31429.065160	1099.663833	1889.897461	82.129829
31429.065160	1099.663833	1888.913086	-159.284256
31429.065160	1099.663833	1887.927734	-70.526833
31429.065160	1099.663833	1886.943359	49.753841
31429.065160	1099.663833	1885.958008	92.366455
31429.065160	1099.663833	1884.972656	79.185158
31429.065160	1099.663833	1883.987305	-94.041893
31429.065160	1099.663833	1883.001953	-128.985031
31429.065160	1099.663833	1882.015625	80.944237
31429.065160	1099.663833	1881.029297	-33.985016
31429.065160	1099.663833	1880.042969	18.348843
31429.065160	1099.663833	1879.056641	-9.284134
31429.065160	1099.663833	1878.070313	40.619007
31429.065160	1099.663833	1877.083984	-33.009594
31429.065160	1099.663833	1876.096680	-125.975990
31429.065160	1099.663833	1875.109375	120.049309
31429.065160	1099.663833	1874.122070	-93.929298
31429.065160	1099.663833	1873.134766	-160.192139
31429.065160	1099.663833	1872.146484	37.324371
31429.065160	1099.663833	1871.159180	58.164867
31429.065160	1099.663833	1870.170898	76.582466
31429.065160	1099.663833	1869.182617	-1.736980
31429.065160	1099.663833	1868.194336	57.795826
31429.065160	1099.663833	1867.205078	47.202419
31429.065160	1099.663833	1866.216797	75.287148
31429.065160	1099.663833	1865.227539	62.281151
31429.065160	1099.663833	1864.238281	148.339951
31429.065160	1099.663833	1863.249023	58.025475
31429.065160	1099.663833	1862.259766	105.409386
31429.065160	1099.663833	1861.269531	12.720225
31429.065160	1099.663833	1860.279297	-94.421654
31429.065160	1099.663833	1859.290039	-66.351456
31429.065160	1099.663833	1858.298828	-96.215897
31429.065160	1099.663833	1857.308594	52.483051
31429.065160	1099.663833	1856.318359	104.623314
31429.065160	1099.663833	1855.327148	31.315218
31429.065160	1099.663833	1854.335938	-29.913656
31429.065160	1099.663833	1853.344727	7.729516
31429.065160	1099.663833	1852.353516	18.834929
31429.065160	1099.663833	1851.362305	27.518644
31429.065160	1099.663833	1850.370117	-144.540192
31429.065160	1099.663833	1849.377930	83.399368
31429.065160	1099.663833	1848.385742	-9.131071
31429.065160	1099.663833	1847.393555	30.823908
31429.065160	1099.663833	1846.401367	77.977043
31429.065160	1099.663833	1845.408203	137.138763
31429.065160	1099.663833	1844.415039	54.251728
31429.065160	1099.663833	1843.421875	101.338257
31429.065160	1099.663833	1842.428711	28.087654
31429.065160	1099.663833	1841.435547	156.927002
31429.065160	1099.663833	1840.441406	102.906921
31429.065160	1099.663833	1839.448242	142.677689
31429.065160	1099.663833	1838.454102	192.034988
31429.065160	1099.663833	1837.459961	159.625671
31429.065160	1099.663833	1836.464844	76.740028
31429.065160	1099.663833	1835.470703	133.239426
31429.065160	1099.663833	1834.475586	31.133751
31429.065160	1099.663833	1833.480469	135.623657
31429.065160	1099.663833	1832.485352	43.124062
31429.065160	1099.663833	1831.490234	49.085495
31429.065160	1099.663833	1830.495117	-21.798801
31429.065160	1099.663833	1829.499023	116.143173
31429.065160	1099.663833	1828.502930	-33.963512
31429.065160	1099.663833	1827.506836	235.846848
31429.065160	1099.663833	1826.510742	61.739162
31429.065160	1099.663833	1825.513672	127.515259
31429.065160	1099.663833	1824.517578	118.905136
31429.065160	1099.663833	1823.520508	-0.013369
31429.065160	1099.663833	1822.523438	46.485069
31429.065160	1099.663833	1821.526367	92.938934
31429.065160	1099.663833	1820.529297	55.482891
31429.065160	1099.663833	1819.531250	-8.340159
31429.065160	1099.663833	1818.533203	-88.934662
31429.065160	1099.663833	1817.535156	-88.103424
31429.065160	1099.663833	1816.537109	-56.175617
31429.065160	1099.663833	1815.539063	23.587952
31429.065160	1099.663833	1814.540039	72.175858
31429.065160	1099.663833	1813.541992	-3.721774
31429.065160	1099.663833	1812.542969	-105.940735
31429.065160	1099.663833	1811.543945	-28.746071
31429.065160	1099.663833	1810.543945	19.685658
31429.065160	1099.663833	1809.544922	-37.145588
31429.065160	1099.663833	1808.544922	-48.566055
31429.065160	1099.663833	1807.544922	-24.162426
31429.065160	1099.663833	1806.544922	-11.752089
31429.065160	1099.663833	1805.544922	179.822174
31429.065160	1099.663833	1804.544922	196.895828
31429.065160	1099.663833	1803.543945	-5.815301
31429.065160	1099.663833	1802.542969	-55.652580
31429.065160	1099.663833	1801.541992	71.172592
31429.065160	1099.663833	1800.541016	-78.995026
31429.065160	1099.663833	1799.539063	69.189186
31429.065160	1099.663833	1798.538086	55.016068
31429.065160	1099.663833	1797.536133	19.335913
31429.065160	1099.663833	1796.534180	24.179699
31429.065160	1099.663833	1795.532227	-80.722519
31429.065160	1099.663833	1794.529297	19.433184
31429.065160	1099.663833	1793.527344	-61.670815
31429.065160	1099.663833	1792.524414	55.044930
31429.065160	1099.663833	1791.521484	104.948540
31429.065160	1099.663833	1790.518555	-14.374429
31429.065160	1099.663833	1789.514648	137.870026
31429.065160	1099.663833	1788.511719	106.623032
31429.065160	1099.663833	1787.507813	232.506149
31429.065160	1099.663833	1786.503906	22.603052
31429.065160	1099.663833	1785.500000	-106.332672
31429.065160	1099.663833	1784.496094	147.901276
31429.065160	1099.663833	1783.491211	135.492752
31429.065160	1099.663833	1782.486328	149.212662
31429.065160	1099.663833	1781.481445	-44.053078
31429.065160	1099.663833	1780.476563	-35.152412
31429.065160	1099.663833	1779.471680	218.596497
31429.065160	1099.663833	1778.465820	25.286608
31429.065160	1099.663833	1777.460938	81.563667
31429.065160	1099.663833	1776.455078	147.275452
31429.065160	1099.663833	1775.449219	108.377296
31429.065160	1099.663833	1774.442383	100.324326
31429.065160	1099.663833	1773.436523	13.854476
31429.065160	1099.663833	1772.429688	31.845470
31429.065160	1099.663833	1771.422852	102.009224
31429.065160	1099.663833	1770.416016	58.165344
31429.065160	1099.663833	1769.409180	28.527515
31429.065160	1099.663833	1768.402344	134.095062
31429.065160	1099.663833	1767.394531	-21.375921
31429.065160	1099.663833	1766.386719	-32.158085
31429.065160	1099.663833	1765.378906	-9.787728
31429.065160	1099.663833	1764.371094	38.603649
31429.065160	1099.663833	1763.362305	-17.375938
31429.065160	1099.663833	1762.354492	-142.110947
31429.065160	1099.663833	1761.345703	22.230959
31429.065160	1099.663833	1760.336914	44.314472
31429.065160	1099.663833	1759.328125	-16.563643
31429.065160	1099.663833	1758.318359	164.081879
31429.065160	1099.663833	1757.308594	-38.964977
31429.065160	1099.663833	1756.299805	-90.476662
31429.065160	1099.663833	1755.290039	-26.049070
31429.065160	1099.663833	1754.279297	12.269733
31429.065160	1099.663833	1753.269531	-72.503372
31429.065160	1099.663833	1752.258789	-88.700394
31429.065160	1099.663833	1751.249023	51.152302
31429.065160	1099.663833	1750.238281	-47.925419
31429.065160	1099.663833	1749.226563	32.652710
31429.065160	1099.663833	1748.215820	-28.669634
31429.065160	1099.663833	1747.204102	16.321980
31429.065160	1099.663833	1746.193359	217.190582
31429.065160	1099.663833	1745.181641	124.999046
31429.065160	1099.663833	1744.168945	-7.365036
31429.065160	1099.663833	1743.157227	138.920959
31429.065160	1099.663833	1742.144531	39.553932
31429.065160	1099.663833	1741.132813	39.318634
31429.065160	1099.663833	1740.120117	36.667641
31429.065160	1099.663833	1739.106445	-50.984562
31429.065160	1099.663833	1738.093750	47.723270
31429.065160	1099.663833	1737.080078	47.271282
31429.065160	1099.663833	1736.067383	96.295341
31429.065160	1099.663833	1735.053711	-111.757782
31429.065160	1099.663833	1734.040039	50.324474
31429.065160	1099.663833	1733.025391	-61.113754
31429.065160	1099.663833	1732.011719	13.604347
31429.065160	1099.663833	1730.997070	81.170319
31429.065160	1099.663833	1729.982422	23.814030
31429.065160	1099.663833	1728.967773	27.662115
31429.065160	1099.663833	1727.952148	40.871506
31429.065160	1099.663833	1726.937500	-139.016693
31429.065160	1099.663833	1725.921875	-55.268906
31429.065160	1099.663833	1724.906250	-16.316587
31429.065160	1099.663833	1723.890625	-64.485710
31429.065160	1099.663833	1722.875000	14.344063
31429.065160	1099.663833	1721.858398	-66.844887
31429.065160	1099.663833	1720.841797	-91.616608
31429.065160	1099.663833	1719.825195	10.530098
31429.065160	1099.663833	1718.808594	74.977814
31429.065160	1099.663833	1717.791992	24.193583
31429.065160	1099.663833	1716.774414	-47.772514
31429.065160	1099.663833	1715.756836	180.946884
31429.065160	1099.663833	1714.739258	87.741203
31429.065160	1099.663833	1713.721680	-87.669525
31429.065160	1099.663833	1712.704102	91.475227
31429.065160	1099.663833	1711.685547	115.565216
31429.065160	1099.663833	1710.667969	-43.463829
31429.065160	1099.663833	1709.649414	-94.542221
31429.065160	1099.663833	1708.630859	9.196288
31429.065160	1099.663833	1707.611328	21.362009
31429.065160	1099.663833	1706.592773	-4.041566
31429.065160	1099.663833	1705.573242	59.614506
31429.065160	1099.663833	1704.553711	207.596085
31429.065160	1099.663833	1703.534180	6.238999
31429.065160	1099.663833	1702.513672	-5.274370
31429.065160	1099.663833	1701.494141	-68.367805
31429.065160	1099.663833	1700.473633	-21.388327
31429.065160	1099.663833	1699.453125	-42.391113
31429.065160	1099.663833	1698.432617	-18.938272
31429.065160	1099.663833	1697.412109	13.827044
31429.065160	1099.663833	1696.390625	-84.549187
31429.065160	1099.663833	1695.369141	27.694441
31429.065160	1099.663833	1694.347656	15.842044
31429.065160	1099.663833	1693.326172	146.654312
31429.065160	1099.663833	1692.304688	6.059880
31429.065160	1099.663833	1691.282227	115.689552
31429.065160	1099.663833	1690.260742	80.284996
31429.065160	1099.663833	1689.238281	182.765030
31429.065160	1099.663833	1688.214844	130.909790
31429.065160	1099.663833	1687.192383	165.498306
31429.065160	1099.663833	1686.168945	10.794401
31429.065160	1099.663833	1685.146484	138.746689
31429.065160	1099.663833	1684.123047	75.109116
31429.065160	1099.663833	1683.099609	74.500534
31429.065160	1099.663833	1682.075195	76.183311
31429.065160	1099.663833	1681.051758	213.206436
31429.065160	1099.663833	1680.027344	102.779663
31429.065160	1099.663833	1679.002930	151.009811
31429.065160	1099.663833	1677.978516	154.866623
31429.065160	1099.663833	1676.953125	202.992218
31429.065160	1099.663833	1675.928711	38.884163
31429.065160	1099.663833	1674.903320	175.535156
31429.065160	1099.663833	1673.877930	204.881744
31429.065160	1099.663833	1672.852539	143.299988
31429.065160	1099.663833	1671.826172	139.951401
31429.065160	1099.663833	1670.800781	157.544800
31429.065160	1099.663833	1669.774414	165.778198
31429.065160	1099.663833	1668.748047	146.034592
31429.065160	1099.663833	1667.721680	184.472290
31429.065160	1099.663833	1666.694336	80.870369
31429.065160	1099.663833	1665.667969	147.174759
31429.065160	1099.663833	1664.640625	73.811241
31429.065160	1099.663833	1663.613281	79.544342
31429.065160	1099.663833	1662.585938	3.841938
31429.065160	1099.663833	1661.557617	174.632446
31429.065160	1099.663833	1660.530273	354.637421
31429.065160	1099.663833	1659.501953	204.455795
31429.065160	1099.663833	1658.473633	168.188141
31429.065160	1099.663833	1657.444336	169.081696
31429.065160	1099.663833	1656.416016	258.239990
31429.065160	1099.663833	1655.386719	233.519165
31429.065160	1099.663833	1654.358398	225.048248
31429.065160	1099.663833	1653.328125	244.407349
31429.065160	1099.663833	1652.298828	282.315918
31429.065160	1099.663833	1651.269531	352.682281
31429.065160	1099.663833	1650.239258	225.752075
31429.065160	1099.663833	1649.208984	235.734970
31429.065160	1099.663833	1648.178711	208.581314
31429.065160	1099.663833	1647.148438	329.845947
31429.065160	1099.663833	1646.117188	140.332535
31429.065160	1099.663833	1645.086914	212.845764
31429.065160	1099.663833	1644.055664	248.222839
31429.065160	1099.663833	1643.024414	274.300995
31429.065160	1099.663833	1641.992188	353.635864
31429.065160	1099.663833	1640.960938	293.944763
31429.065160	1099.663833	1639.928711	417.221619
31429.065160	1099.663833	1638.896484	362.138641
31429.065160	1099.663833	1637.864258	369.572968
31429.065160	1099.663833	1636.832031	453.376801
31429.065160	1099.663833	1635.798828	368.191650
31429.065160	1099.663833	1634.766602	491.275543
31429.065160	1099.663833	1633.733398	438.482605
31429.065160	1099.663833	1632.699219	394.944824
31429.065160	1099.663833	1631.666016	617.351379
31429.065160	1099.663833	1630.632813	418.884827
31429.065160	1099.663833	1629.598633	386.910278
31429.065160	1099.663833	1628.564453	308.720184
31429.065160	1099.663833	1627.530273	364.571075
31429.065160	1099.663833	1626.495117	519.725525
31429.065160	1099.663833	1625.460938	563.955322
31429.065160	1099.663833	1624.425781	393.393768
31429.065160	1099.663833	1623.390625	553.058044
31429.065160	1099.663833	1622.355469	613.397461
31429.065160	1099.663833	1621.319336	712.938843
31429.065160	1099.663833	1620.284180	507.860168
31429.065160	1099.663833	1619.248047	648.908081
31429.065160	1099.663833	1618.211914	612.294556
31429.065160	1099.663833	1617.174805	732.506287
31429.065160	1099.663833	1616.138672	781.203613
31429.065160	1099.663833	1615.101563	836.792480
31429.065160	1099.663833	1614.065430	767.910889
31429.065160	1099.663833	1613.027344	761.262695
31429.065160	1099.663833	1611.990234	814.529602
31429.065160	1099.663833	1610.953125	828.622192
31429.065160	1099.663833	1609.915039	812.768433
31429.065160	1099.663833	1608.876953	760.086365
31429.065160	1099.663833	1607.838867	539.378479
31429.065160	1099.663833	1606.800781	811.317322
31429.065160	1099.663833	1605.761719	698.850647
31429.065160	1099.663833	1604.723633	926.955078
31429.065160	1099.663833	1603.684570	632.804199
31429.065160	1099.663833	1602.644531	821.741089
31429.065160	1099.663833	1601.605469	897.950806
31429.065160	1099.663833	1600.566406	820.112488
31429.065160	1099.663833	1599.526367	1059.504028
31429.065160	1099.663833	1598.486328	873.673706
31429.065160	1099.663833	1597.446289	931.476563
31429.065160	1099.663833	1596.405273	895.080261
31429.065160	1099.663833	1595.365234	939.105164
31429.065160	1099.663833	1594.324219	964.751587
31429.065160	1099.663833	1593.283203	953.671082
31429.065160	1099.663833	1592.242188	898.999512
31429.065160	1099.663833	1591.200195	1080.737183
31429.065160	1099.663833	1590.159180	1014.625793
31429.065160	1099.663833	1589.117188	705.385925
31429.065160	1099.663833	1588.075195	783.900879
31429.065160	1099.663833	1587.032227	961.003052
31429.065160	1099.663833	1585.990234	860.648865
31429.065160	1099.663833	1584.947266	872.668823
31429.065160	1099.663833	1583.904297	889.289551
31429.065160	1099.663833	1582.861328	1009.036499
31429.065160	1099.663833	1581.818359	732.437256
31429.065160	1099.663833	1580.775391	907.186218
31429.065160	1099.663833	1579.731445	878.075867
31429.065160	1099.663833	1578.687500	901.662170
31429.065160	1099.663833	1577.643555	856.592285
31429.065160	1099.663833	1576.598633	806.982910
31429.065160	1099.663833	1575.554688	864.972168
31429.065160	1099.663833	1574.509766	678.171265
31429.065160	1099.663833	1573.464844	868.876282
31429.065160	1099.663833	1572.419922	897.169495
31429.065160	1099.663833	1571.374023	772.286316
31429.065160	1099.663833	1570.329102	802.933838
31429.065160	1099.663833	1569.283203	614.185486
31429.065160	1099.663833	1568.237305	921.399841
31429.065160	1099.663833	1567.191406	474.606232
31429.065160	1099.663833	1566.144531	619.611084
31429.065160	1099.663833	1565.098633	597.888306
31429.065160	1099.663833	1564.051758	498.571167
31429.065160	1099.663833	1563.004883	648.154663
31429.065160	1099.663833	1561.957031	642.507507
31429.065160	1099.663833	1560.910156	616.367737
31429.065160	1099.663833	1559.862305	576.579468
31429.065160	1099.663833	1558.814453	518.596130
31429.065160	1099.663833	1557.766602	649.961121
31429.065160	1099.663833	1556.718750	587.501648
31429.065160	1099.663833	1555.669922	643.643250
31429.065160	1099.663833	1554.621094	629.146179
31429.065160	1099.663833	1553.573242	427.840363
31429.065160	1099.663833	1552.523438	470.424652
31429.065160	1099.663833	1551.474609	501.649506
31429.065160	1099.663833	1550.424805	444.077942
31429.065160	1099.663833	1549.375000	448.050110
31429.065160	1099.663833	1548.325195	449.787231
31429.065160	1099.663833	1547.275391	619.997803
31429.065160	1099.663833	1546.225586	407.876709
31429.065160	1099.663833	1545.174805	430.223785
31429.065160	1099.663833	1544.124023	441.233398
31429.065160	1099.663833	1543.073242	436.363586
31429.065160	1099.663833	1542.022461	452.006470
31429.065160	1099.663833	1540.970703	490.419037
31429.065160	1099.663833	1539.919922	431.131195
31429.065160	1099.663833	1538.868164	378.726898
31429.065160	1099.663833	1537.815430	315.025604
31429.065160	1099.663833	1536.763672	328.638428
31429.065160	1099.663833	1535.710938	414.966492
31429.065160	1099.663833	1534.659180	340.094879
31429.065160	1099.663833	1533.606445	258.486847
31429.065160	1099.663833	1532.552734	260.939911
31429.065160	1099.663833	1531.500000	231.676956
31429.065160	1099.663833	1530.446289	179.783173
31429.065160	1099.663833	1529.393555	230.047684
31429.065160	1099.663833	1528.338867	309.819824
31429.065160	1099.663833	1527.285156	267.169067
31429.065160	1099.663833	1526.231445	433.163940
31429.065160	1099.663833	1525.176758	315.807281
31429.065160	1099.663833	1524.122070	329.993164
31429.065160	1099.663833	1523.067383	260.393860
31429.065160	1099.663833	1522.012695	227.122559
31429.065160	1099.663833	1520.957031	250.538208
31429.065160	1099.663833	1519.901367	201.538086
31429.065160	1099.663833	1518.845703	220.533707
31429.065160	1099.663833	1517.790039	167.145065
31429.065160	1099.663833	1516.734375	208.885208
31429.065160	1099.663833	1515.677734	44.760803
31429.065160	1099.663833	1514.621094	242.711807
31429.065160	1099.663833	1513.564453	90.071075
31429.065160	1099.663833	1512.507813	184.031815
31429.065160	1099.663833	1511.450195	112.968094
31429.065160	1099.663833	1510.393555	105.287621
31429.065160	1099.663833	1509.335938	228.743591
31429.065160	1099.663833	1508.278320	85.588562
31429.065160	1099.663833	1507.219727	-43.898403
31429.065160	1099.663833	1506.162109	-28.717791
31429.065160	1099.663833	1505.103516	-13.485597
31429.065160	1099.663833	1504.044922	-77.218063
31429.065160	1099.663833	1502.986328	-52.829456
31429.065160	1099.663833	1501.926758	-157.030212
31429.065160	1099.663833	1500.868164	-37.742821
31429.065160	1099.663833	1499.808594	22.903131
31429.065160	1099.663833	1498.749023	-33.696819
31429.065160	1099.663833	1497.688477	-151.100052
31429.065160	1099.663833	1496.628906	56.270916
31429.065160	1099.663833	1495.568359	31.444677
31429.065160	1099.663833	1494.507813	-85.708885
31429.065160	1099.663833	1493.447266	-40.517677
31429.065160	1099.663833	1492.386719	-89.896515
31429.065160	1099.663833	1491.325195	70.274803
31429.065160	1099.663833	1490.263672	-62.298672
31429.065160	1099.663833	1489.202148	-7.883332
31429.065160	1099.663833	1488.140625	91.596703
31429.065160	1099.663833	1487.079102	62.821304
31429.065160	1099.663833	1486.016602	-89.634460
31429.065160	1099.663833	1484.954102	-1.248495
31429.065160	1099.663833	1483.891602	-9.547474
31429.065160	1099.663833	1482.829102	-38.014637
31429.065160	1099.663833	1481.765625	-46.171860
31429.065160	1099.663833	1480.702148	-90.216560
31429.065160	1099.663833	1479.638672	32.121437
31429.065160	1099.663833	1478.575195	69.090309
31429.065160	1099.663833	1477.511719	-116.266838
31429.065160	1099.663833	1476.447266	42.161701
31429.065160	1099.663833	1475.382813	157.836380
31429.065160	1099.663833	1474.318359	-27.196812
31429.065160	1099.663833	1473.253906	-3.398685
31429.065160	1099.663833	1472.189453	202.232803
31429.065160	1099.663833	1471.124023	129.712494
31429.065160	1099.663833	1470.058594	-39.146011
31429.065160	1099.663833	1468.993164	-19.447617
31429.065160	1099.663833	1467.927734	116.596817
31429.065160	1099.663833	1466.861328	17.614662
31429.065160	1099.663833	1465.794922	124.744431
31429.065160	1099.663833	1464.728516	122.088234
31429.065160	1099.663833	1463.662109	-30.111692
31429.065160	1099.663833	1462.594727	252.036407
31429.065160	1099.663833	1461.528320	92.696968
31429.065160	1099.663833	1460.460938	63.644226
31429.065160	1099.663833	1459.393555	77.047043
31429.065160	1099.663833	1458.326172	101.986977
31429.065160	1099.663833	1457.257813	173.833633
31429.065160	1099.663833	1456.189453	142.749771
31429.065160	1099.663833	1455.121094	133.731979
31429.065160	1099.663833	1454.052734	127.621078
31429.065160	1099.663833	1452.984375	130.140671
31429.065160	1099.663833	1451.915039	206.066910
31429.065160	1099.663833	1450.845703	100.438194
31429.065160	1099.663833	1449.776367	369.957123
31429.065160	1099.663833	1448.707031	186.091415
31429.065160	1099.663833	1447.636719	362.777130
31429.065160	1099.663833	1446.567383	320.896027
31429.065160	1099.663833	1445.497070	295.704041
31429.065160	1099.663833	1444.425781	320.906403
31429.065160	1099.663833	1443.355469	412.875641
31429.065160	1099.663833	1442.285156	403.675385
31429.065160	1099.663833	1441.213867	388.679962
31429.065160	1099.663833	1440.142578	238.852875
31429.065160	1099.663833	1439.070313	300.636963
31429.065160	1099.663833	1437.999023	380.509064
31429.065160	1099.663833	1436.926758	247.562592
31429.065160	1099.663833	1435.854492	126.829575
31429.065160	1099.663833	1434.782227	-55.887882
31429.065160	1099.663833	1433.709961	178.536575
31429.065160	1099.663833	1432.636719	67.934334
31429.065160	1099.663833	1431.563477	-64.099380
31429.065160	1099.663833	1430.490234	43.179432
31429.065160	1099.663833	1429.416992	94.203728
31429.065160	1099.663833	1428.343750	-14.560836
31429.065160	1099.663833	1427.269531	-38.295750
31429.065160	1099.663833	1426.195313	-54.271862
31429.065160	1099.663833	1425.121094	-43.437595
31429.065160	1099.663833	1424.046875	-37.574375
31429.065160	1099.663833	1422.971680	-121.540230
31429.065160	1099.663833	1421.896484	6.866374
31429.065160	1099.663833	1420.821289	-124.355743
31429.065160	1099.663833	1419.746094	37.634537
31429.065160	1099.663833	1418.669922	124.776276
31429.065160	1099.663833	1417.594727	51.581882
31429.065160	1099.663833	1416.518555	13.672437
31429.065160	1099.663833	1415.442383	-33.983364
31429.065160	1099.663833	1414.365234	30.973700
31429.065160	1099.663833	1413.289063	78.841156
31429.065160	1099.663833	1412.211914	-25.253090
31429.065160	1099.663833	1411.134766	-38.217079
31429.065160	1099.663833	1410.057617	152.945038
31429.065160	1099.663833	1408.979492	75.141083
31429.065160	1099.663833	1407.902344	-135.997070
31429.065160	1099.663833	1406.824219	158.015488
31429.065160	1099.663833	1405.746094	89.911026
31429.065160	1099.663833	1404.666992	190.547302
31429.065160	1099.663833	1403.588867	12.994635
31429.065160	1099.663833	1402.509766	111.718384
31429.065160	1099.663833	1401.430664	96.721558
31429.065160	1099.663833	1400.351563	95.163017
31429.065160	1099.663833	1399.271484	133.226486
31429.065160	1099.663833	1398.192383	120.489487
31429.065160	1099.663833	1397.112305	247.496063
31429.065160	1099.663833	1396.031250	291.027313
31429.065160	1099.663833	1394.951172	82.596443
31429.065160	1099.663833	1393.871094	79.549835
31429.065160	1099.663833	1392.790039	201.203369
31429.065160	1099.663833	1391.708984	67.598534
31429.065160	1099.663833	1390.626953	182.364273
31429.065160	1099.663833	1389.545898	213.069839
31429.065160	1099.663833	1388.463867	249.395401
31429.065160	1099.663833	1387.381836	387.697144
31429.065160	1099.663833	1386.299805	194.865326
31429.065160	1099.663833	1385.217773	219.920105
31429.065160	1099.663833	1384.134766	331.217285
31429.065160	1099.663833	1383.051758	281.182648
31429.065160	1099.663833	1381.968750	153.966217
31429.065160	1099.663833	1380.885742	287.341034
31429.065160	1099.663833	1379.802734	199.056686
31429.065160	1099.663833	1378.718750	287.050812
31429.065160	1099.663833	1377.634766	405.067261
31429.065160	1099.663833	1376.550781	390.984528
31429.065160	1099.663833	1375.465820	380.382935
31429.065160	1099.663833	1374.381836	483.128021
31429.065160	1099.663833	1373.296875	347.859894
31429.065160	1099.663833	1372.211914	411.159973
31429.065160	1099.663833	1371.126953	409.733917
31429.065160	1099.663833	1370.041016	369.469879
31429.065160	1099.663833	1368.955078	342.703094
31429.065160	1099.663833	1367.869141	439.244171
31429.065160	1099.663833	1366.783203	392.989594
31429.065160	1099.663833	1365.697266	247.468262
31429.065160	1099.663833	1364.610352	197.322968
31429.065160	1099.663833	1363.523438	272.703064
31429.065160	1099.663833	1362.436523	193.682861
31429.065160	1099.663833	1361.349609	285.307281
31429.065160	1099.663833	1360.261719	342.487854
31429.065160	1099.663833	1359.174805	319.402649
31429.065160	1099.663833	1358.086914	333.896210
31429.065160	1099.663833	1356.998047	215.248474
31429.065160	1099.663833	1355.910156	97.925812
31429.065160	1099.663833	1354.821289	340.874084
31429.065160	1099.663833	1353.732422	308.683655
31429.065160	1099.663833	1352.643555	244.401398
31429.065160	1099.663833	1351.554688	141.393036
31429.065160	1099.663833	1350.464844	204.255539
31429.065160	1099.663833	1349.375000	217.833908
31429.065160	1099.663833	1348.285156	333.474854
31429.065160	1099.663833	1347.195313	332.560699
31429.065160	1099.663833	1346.105469	361.808685
31429.065160	1099.663833	1345.014648	282.535736
31429.065160	1099.663833	1343.923828	264.780457
31429.065160	1099.663833	1342.833008	261.605865
31429.065160	1099.663833	1341.741211	136.335266
31429.065160	1099.663833	1340.650391	308.281006
31429.065160	1099.663833	1339.558594	139.106354
31429.065160	1099.663833	1338.466797	172.885406
31429.065160	1099.663833	1337.374023	252.155533
31429.065160	1099.663833	1336.282227	203.215042
31429.065160	1099.663833	1335.189453	278.096191
31429.065160	1099.663833	1334.096680	165.279160
31429.065160	1099.663833	1333.003906	251.162842
31429.065160	1099.663833	1331.910156	231.079178
31429.065160	1099.663833	1330.817383	240.098099
31429.065160	1099.663833	1329.723633	271.458740
31429.065160	1099.663833	1328.629883	220.738297
31429.065160	1099.663833	1327.535156	184.770752
31429.065160	1099.663833	1326.441406	313.337677
31429.065160	1099.663833	1325.346680	433.922638
31429.065160	1099.663833	1324.251953	296.931763
31429.065160	1099.663833	1323.156250	334.883240
31429.065160	1099.663833	1322.061523	265.705353
31429.065160	1099.663833	1320.965820	217.896088
31429.065160	1099.663833	1319.870117	223.941971
31429.065160	1099.663833	1318.774414	325.716003
31429.065160	1099.663833	1317.678711	298.489105
31429.065160	1099.663833	1316.582031	195.793884
31429.065160	1099.663833	1315.485352	339.736328
31429.065160	1099.663833	1314.388672	285.499542
31429.065160	1099.663833	1313.291016	245.770447
31429.065160	1099.663833	1312.194336	377.485565
31429.065160	1099.663833	1311.096680	318.226349
31429.065160	1099.663833	1309.999023	334.315033
31429.065160	1099.663833	1308.901367	313.513275
31429.065160	1099.663833	1307.802734	428.003723
31429.065160	1099.663833	1306.705078	306.251465
31429.065160	1099.663833	1305.606445	402.937836
31429.065160	1099.663833	1304.506836	419.257660
31429.065160	1099.663833	1303.408203	355.960052
31429.065160	1099.663833	1302.308594	218.040909
31429.065160	1099.663833	1301.208984	284.861328
31429.065160	1099.663833	1300.109375	284.397827
31429.065160	1099.663833	1299.009766	154.553619
31429.065160	1099.663833	1297.909180	289.646851
31429.065160	1099.663833	1296.808594	291.572662
31429.065160	1099.663833	1295.708008	232.289978
31429.065160	1099.663833	1294.607422	132.609314
31429.065160	1099.663833	1293.506836	227.788864
31429.065160	1099.663833	1292.405273	64.603386
31429.065160	1099.663833	1291.303711	-9.411905
31429.065160	1099.663833	1290.202148	29.235115
31429.065160	1099.663833	1289.099609	82.328018
31429.065160	1099.663833	1287.998047	165.228195
31429.065160	1099.663833	1286.895508	144.364670
31429.065160	1099.663833	1285.792969	83.580711
31429.065160	1099.663833	1284.689453	65.714630
31429.065160	1099.663833	1283.586914	61.120377
31429.065160	1099.663833	1282.483398	45.830132
31429.065160	1099.663833	1281.379883	118.281815
31429.065160	1099.663833	1280.276367	84.699982
31429.065160	1099.663833	1279.171875	43.479164
31429.065160	1099.663833	1278.067383	117.998657
31429.065160	1099.663833	1276.962891	87.979584
31429.065160	1099.663833	1275.858398	26.426777
31429.065160	1099.663833	1274.753906	-23.289217
31429.065160	1099.663833	1273.648438	-111.732307
31429.065160	1099.663833	1272.542969	132.802444
31429.065160	1099.663833	1271.437500	97.630402
31429.065160	1099.663833	1270.331055	-14.001762
31429.065160	1099.663833	1269.225586	141.481796
31429.065160	1099.663833	1268.119141	194.869904
31429.065160	1099.663833	1267.012695	128.535416
31429.065160	1099.663833	1265.906250	103.733147
31429.065160	1099.663833	1264.798828	83.036003
31429.065160	1099.663833	1263.691406	57.935951
31429.065160	1099.663833	1262.583984	122.112152
31429.065160	1099.663833	1261.476563	111.052368
31429.065160	1099.663833	1260.368164	114.005753
31429.065160	1099.663833	1259.260742	170.754623
31429.065160	1099.663833	1258.152344	69.042007
31429.065160	1099.663833	1257.043945	-59.621586
31429.065160	1099.663833	1255.934570	82.165871
31429.065160	1099.663833	1254.825195	53.117523
31429.065160	1099.663833	1253.716797	43.235107
31429.065160	1099.663833	1252.606445	70.324364
31429.065160	1099.663833	1251.497070	84.436440
31429.065160	1099.663833	1250.387695	128.378159
31429.065160	1099.663833	1249.277344	11.874771
31429.065160	1099.663833	1248.166992	21.130186
31429.065160	1099.663833	1247.055664	-42.654251
31429.065160	1099.663833	1245.945313	-47.753353
31429.065160	1099.663833	1244.833984	8.772706
31429.065160	1099.663833	1243.722656	54.123920
31429.065160	1099.663833	1242.611328	162.906250
31429.065160	1099.663833	1241.499023	5.351788
31429.065160	1099.663833	1240.387695	50.957260
31429.065160	1099.663833	1239.275391	17.447630
31429.065160	1099.663833	1238.162109	-22.351435
31429.065160	1099.663833	1237.049805	69.716492
31429.065160	1099.663833	1235.936523	-20.345831
31429.065160	1099.663833	1234.823242	2.418003
31429.065160	1099.663833	1233.709961	40.840527
31429.065160	1099.663833	1232.596680	15.035041
31429.065160	1099.663833	1231.482422	3.026106
31429.065160	1099.663833	1230.369141	10.849143
31429.065160	1099.663833	1229.253906	92.015747
31429.065160	1099.663833	1228.139648	-98.943130
31429.065160	1099.663833	1227.025391	9.471678
31429.065160	1099.663833	1225.910156	8.854525
31429.065160	1099.663833	1224.794922	-3.176477
31429.065160	1099.663833	1223.679688	58.556450
31429.065160	1099.663833	1222.563477	-121.576477
31429.065160	1099.663833	1221.447266	-56.259365
31429.065160	1099.663833	1220.331055	-73.768524
31429.065160	1099.663833	1219.214844	-95.914429
31429.065160	1099.663833	1218.098633	-26.769787
31429.065160	1099.663833	1216.981445	-63.883373
31429.065160	1099.663833	1215.864258	81.254646
31429.065160	1099.663833	1214.747070	-58.111038
31429.065160	1099.663833	1213.629883	-65.732780
31429.065160	1099.663833	1212.511719	17.874769
31429.065160	1099.663833	1211.393555	-22.101244
31429.065160	1099.663833	1210.275391	26.850496
31429.065160	1099.663833	1209.157227	-20.149315
31429.065160	1099.663833	1208.038086	6.686885
31429.065160	1099.663833	1206.918945	-43.448322
31429.065160	1099.663833	1205.799805	-6.840967
31429.065160	1099.663833	1204.680664	67.423607
31429.065160	1099.663833	1203.560547	-60.578514
31429.065160	1099.663833	1202.441406	-20.692049
31429.065160	1099.663833	1201.321289	34.434261
31429.065160	1099.663833	1200.200195	12.052934
31429.065160	1099.663833	1199.080078	-110.080048
31429.065160	1099.663833	1197.958984	-49.369869
31429.065160	1099.663833	1196.837891	-10.772678
31429.065160	1099.663833	1195.716797	-11.179452
31429.065160	1099.663833	1194.594727	-0.206120
31429.065160	1099.663833	1193.473633	-70.598434
31429.065160	1099.663833	1192.351563	-88.091347
31429.065160	1099.663833	1191.229492	53.348370
31429.065160	1099.663833	1190.106445	-30.560320
31429.065160	1099.663833	1188.984375	43.119137
31429.065160	1099.663833	1187.861328	-33.957722
31429.065160	1099.663833	1186.738281	-2.040789
31429.065160	1099.663833	1185.614258	-46.647976
31429.065160	1099.663833	1184.491211	-1.003189
31429.065160	1099.663833	1183.367188	-3.344604
31429.065160	1099.663833	1182.243164	-29.508429
31429.065160	1099.663833	1181.119141	-64.771812
31429.065160	1099.663833	1179.994141	45.497143
31429.065160	1099.663833	1178.869141	46.957420
31429.065160	1099.663833	1177.744141	-130.130997
31429.065160	1099.663833	1176.619141	-63.977386
31429.065160	1099.663833	1175.493164	-92.479706
31429.065160	1099.663833	1174.368164	-6.137766
31429.065160	1099.663833	1173.242188	-108.350777
31429.065160	1099.663833	1172.115234	-109.265549
31429.065160	1099.663833	1170.989258	-5.451562
31429.065160	1099.663833	1169.862305	-17.822800
31429.065160	1099.663833	1168.735352	-12.523238
31429.065160	1099.663833	1167.608398	-27.747940
31429.065160	1099.663833	1166.481445	-107.622627
31429.065160	1099.663833	1165.353516	-42.310104
31429.065160	1099.663833	1164.225586	-80.624146
31429.065160	1099.663833	1163.097656	-134.346725
31429.065160	1099.663833	1161.968750	-49.325256
31429.065160	1099.663833	1160.840820	-16.884102
31429.065160	1099.663833	1159.711914	-71.351730
31429.065160	1099.663833	1158.583008	57.836658
31429.065160	1099.663833	1157.453125	-4.476529
31429.065160	1099.663833	1156.324219	-60.907875
31429.065160	1099.663833	1155.194336	49.397049
31429.065160	1099.663833	1154.064453	-67.536377
31429.065160	1099.663833	1152.933594	-111.891724
31429.065160	1099.663833	1151.803711	19.426104
31429.065160	1099.663833	1150.672852	-39.917152
31429.065160	1099.663833	1149.541992	-46.926258
31429.065160	1099.663833	1148.411133	-46.033993
31429.065160	1099.663833	1147.279297	-40.979694
31429.065160	1099.663833	1146.147461	3.701690
31429.065160	1099.663833	1145.015625	-105.717522
31429.065160	1099.663833	1143.883789	4.158042
31429.065160	1099.663833	1142.750977	26.787178
31429.065160	1099.663833	1141.619141	-88.716888
31429.065160	1099.663833	1140.486328	77.444893
31429.065160	1099.663833	1139.352539	127.621452
31429.065160	1099.663833	1138.219727	116.262131
31429.065160	1099.663833	1137.085938	105.035942
31429.065160	1099.663833	1135.952148	75.717339
31429.065160	1099.663833	1134.818359	48.538635
31429.065160	1099.663833	1133.683594	26.018984
31429.065160	1099.663833	1132.549805	201.002594
31429.065160	1099.663833	1131.415039	55.850567
31429.065160	1099.663833	1130.279297	198.486099
31429.065160	1099.663833	1129.144531	239.099762
31429.065160	1099.663833	1128.008789	201.332306
31429.065160	1099.663833	1126.873047	264.155701
31429.065160	1099.663833	1125.737305	225.301865
31429.065160	1099.663833	1124.601563	270.220886
31429.065160	1099.663833	1123.464844	187.475159
31429.065160	1099.663833	1122.328125	298.808777
31429.065160	1099.663833	1121.191406	278.462433
31429.065160	1099.663833	1120.054688	301.856018
31429.065160	1099.663833	1118.916992	130.434586
31429.065160	1099.663833	1117.779297	183.586914
31429.065160	1099.663833	1116.641602	132.098160
31429.065160	1099.663833	1115.503906	144.117706
31429.065160	1099.663833	1114.365234	225.581726
31429.065160	1099.663833	1113.226563	160.597900
31429.065160	1099.663833	1112.087891	63.780960
31429.065160	1099.663833	1110.949219	167.587463
31429.065160	1099.663833	1109.809570	68.989601
31429.065160	1099.663833	1108.669922	136.838364
31429.065160	1099.663833	1107.530273	111.945274
31429.065160	1099.663833	1106.390625	184.275208
31429.065160	1099.663833	1105.250000	192.501434
31429.065160	1099.663833	1104.109375	185.141098
31429.065160	1099.663833	1102.968750	298.220093
31429.065160	1099.663833	1101.828125	228.441086
31429.065160	1099.663833	1100.686523	280.009491
31429.065160	1099.663833	1099.544922	246.460632
31429.065160	1099.663833	1098.403320	244.130508
31429.065160	1099.663833	1097.261719	231.944473
31429.065160	1099.663833	1096.120117	195.941132
31429.065160	1099.663833	1094.977539	308.795502
31429.065160	1099.663833	1093.834961	250.634369
31429.065160	1099.663833	1092.691406	231.368073
31429.065160	1099.663833	1091.548828	198.719162
31429.065160	1099.663833	1090.405273	277.676575
31429.065160	1099.663833	1089.261719	262.001556
31429.065160	1099.663833	1088.118164	250.511581
31429.065160	1099.663833	1086.973633	212.703720
31429.065160	1099.663833	1085.829102	161.540985
31429.065160	1099.663833	1084.684570	144.937546
31429.065160	1099.663833	1083.540039	134.561935
31429.065160	1099.663833	1082.395508	189.747269
31429.065160	1099.663833	1081.250000	141.113556
31429.065160	1099.663833	1080.104492	72.086868
31429.065160	1099.663833	1078.958984	272.064758
31429.065160	1099.663833	1077.812500	200.543625
31429.065160	1099.663833	1076.666016	182.310471
31429.065160	1099.663833	1075.519531	202.327820
31429.065160	1099.663833	1074.373047	147.877060
31429.065160	1099.663833	1073.226563	192.484711
31429.065160	1099.663833	1072.079102	315.242218
31429.065160	1099.663833	1070.931641	274.827362
31429.065160	1099.663833	1069.784180	231.529404
31429.065160	1099.663833	1068.635742	90.917717
31429.065160	1099.663833	1067.487305	299.611633
31429.065160	1099.663833	1066.338867	233.687454
31429.065160	1099.663833	1065.190430	326.661987
31429.065160	1099.663833	1064.041992	286.178894
31429.065160	1099.663833	1062.892578	372.690308
31429.065160	1099.663833	1061.743164	109.812302
31429.065160	1099.663833	1060.593750	380.787689
31429.065160	1099.663833	1059.443359	246.450821
31429.065160	1099.663833	1058.292969	344.837799
31429.065160	1099.663833	1057.142578	253.349152
31429.065160	1099.663833	1055.992188	280.022186
31429.065160	1099.663833	1054.841797	212.600784
31429.065160	1099.663833	1053.690430	184.216019
31429.065160	1099.663833	1052.539063	170.559387
31429.065160	1099.663833	1051.387695	101.633034
31429.065160	1099.663833	1050.235352	192.147598
31429.065160	1099.663833	1049.083984	258.575958
31429.065160	1099.663833	1047.931641	255.136978
31429.065160	1099.663833	1046.778320	115.940201
31429.065160	1099.663833	1045.625977	221.564117
31429.065160	1099.663833	1044.472656	206.939377
31429.065160	1099.663833	1043.319336	210.936432
31429.065160	1099.663833	1042.166016	63.834297
31429.065160	1099.663833	1041.012695	37.045795
31429.065160	1099.663833	1039.858398	138.198349
31429.065160	1099.663833	1038.704102	87.017952
31429.065160	1099.663833	1037.549805	200.824692
31429.065160	1099.663833	1036.394531	216.107697
31429.065160	1099.663833	1035.239258	184.469559
31429.065160	1099.663833	1034.083984	223.124359
31429.065160	1099.663833	1032.928711	133.494232
31429.065160	1099.663833	1031.773438	79.272774
31429.065160	1099.663833	1030.617188	201.770325
31429.065160	1099.663833	1029.460938	142.128632
31429.065160	1099.663833	1028.304688	217.011047
31429.065160	1099.663833	1027.147461	118.340630
31429.065160	1099.663833	1025.991211	194.112778
31429.065160	1099.663833	1024.833984	261.684631
31429.065160	1099.663833	1023.675781	158.692062
31429.065160	1099.663833	1022.518555	171.561325
31429.065160	1099.663833	1021.360352	167.059540
31429.065160	1099.663833	1020.202148	181.107483
31429.065160	1099.663833	1019.043945	-28.246273
31429.065160	1099.663833	1017.884766	224.281555
31429.065160	1099.663833	1016.726563	-0.108681
31429.065160	1099.663833	1015.567383	62.539398
31429.065160	1099.663833	1014.407227	95.762627
31429.065160	1099.663833	1013.248047	145.674561
31429.065160	1099.663833	1012.087891	37.566917
31429.065160	1099.663833	1010.927734	52.003708
31429.065160	1099.663833	1009.767578	-48.591942
31429.065160	1099.663833	1008.606445	114.186127
31429.065160	1099.663833	1007.446289	133.659195
31429.065160	1099.663833	1006.285156	231.782867
31429.065160	1099.663833	1005.123047	110.935280
31429.065160	1099.663833	1003.961914	70.672211
31429.065160	1099.663833	1002.799805	128.962326
31429.065160	1099.663833	1001.637695	115.403969
31429.065160	1099.663833	1000.475586	79.366081
31429.065160	1099.663833	999.312500	188.325958
31429.065160	1099.663833	998.149414	-4.158495
31429.065160	1099.663833	996.986328	179.079483
31429.065160	1099.663833	995.823242	153.124649
31429.065160	1099.663833	994.659180	79.835594
31429.065160	1099.663833	993.496094	105.099472
31429.065160	1099.663833	992.332031	-11.403444
31429.065160	1099.663833	991.166992	56.114189
31429.065160	1099.663833	990.002930	41.931702
31429.065160	1099.663833	988.837891	172.000275
31429.065160	1099.663833	987.672852	92.974617
31429.065160	1099.663833	986.506836	-113.001144
31429.065160	1099.663833	985.341797	20.617096
31429.065160	1099.663833	984.175781	-54.504272
31429.065160	1099.663833	983.009766	121.543427
31429.065160	1099.663833	981.843750	155.742889
31429.065160	1099.663833	980.676758	154.624908
31429.065160	1099.663833	979.509766	167.287628
31429.065160	1099.663833	978.342773	94.099998
31429.065160	1099.663833	977.175781	53.025185
31429.065160	1099.663833	976.007813	70.452797
31429.065160	1099.663833	974.839844	-16.800682
31429.065160	1099.663833	973.671875	44.061409
31429.065160	1099.663833	972.503906	105.816689
31429.065160	1099.663833	971.334961	18.593979
31429.065160	1099.663833	970.166016	-23.108067
31429.065160	1099.663833	968.997070	-9.158313
31429.065160	1099.663833	967.828125	41.339993
31429.065160	1099.663833	966.658203	-28.276369
31429.065160	1099.663833	965.488281	62.485439
31429.065160	1099.663833	964.318359	175.231155
31429.065160	1099.663833	963.148438	62.976673
31429.065160	1099.663833	961.977539	-82.676140
31429.065160	1099.663833	960.806641	-31.465368
31429.065160	1099.663833	959.635742	106.959358
31429.065160	1099.663833	958.463867	102.332191
31429.065160	1099.663833	957.292969	47.746620
31429.065160	1099.663833	956.121094	28.042276
31429.065160	1099.663833	954.948242	-30.123877
31429.065160	1099.663833	953.776367	41.357327
31429.065160	1099.663833	952.603516	112.621353
31429.065160	1099.663833	951.430664	62.017590
31429.065160	1099.663833	950.257813	-16.939552
31429.065160	1099.663833	949.084961	88.706223
31429.065160	1099.663833	947.911133	81.906281
31429.065160	1099.663833	946.737305	85.077400
31429.065160	1099.663833	945.563477	99.648544
31429.065160	1099.663833	944.388672	81.787338
31429.065160	1099.663833	943.213867	84.857384
31429.065160	1099.663833	942.039063	128.532730
31429.065160	1099.663833	940.864258	-27.866554
31429.065160	1099.663833	939.688477	113.699677
31429.065160	1099.663833	938.513672	-29.132381
31429.065160	1099.663833	937.337891	92.257866
31429.065160	1099.663833	936.161133	-11.900371
31429.065160	1099.663833	934.985352	-70.435234
31429.065160	1099.663833	933.808594	28.018957
31429.065160	1099.663833	932.631836	60.458633
31429.065160	1099.663833	931.454102	101.951736
31429.065160	1099.663833	930.277344	91.163795
31429.065160	1099.663833	929.099609	175.800781
31429.065160	1099.663833	927.921875	255.933838
31429.065160	1099.663833	926.743164	197.340347
31429.065160	1099.663833	925.565430	227.408524
31429.065160	1099.663833	924.386719	0.633345
31429.065160	1099.663833	923.208008	205.675323
31429.065160	1099.663833	922.028320	-21.012394
31429.065160	1099.663833	920.849609	31.769938
31429.065160	1099.663833	919.669922	33.311691
31429.065160	1099.663833	919.474609	59.804440
31429.065160	1099.663833	918.309570	87.549164
31429.065160	1099.663833	917.143555	58.528866
31429.065160	1099.663833	915.977539	-43.111576
31429.065160	1099.663833	914.810547	2.784057
31429.065160	1099.663833	913.644531	-85.197250
31429.065160	1099.663833	912.477539	-59.732029
31429.065160	1099.663833	911.310547	13.344150
31429.065160	1099.663833	910.143555	-4.305485
31429.065160	1099.663833	908.975586	-142.092133
31429.065160	1099.663833	907.807617	57.868832
31429.065160	1099.663833	906.639648	15.290931
31429.065160	1099.663833	905.471680	-190.386246
31429.065160	1099.663833	904.303711	79.671890
31429.065160	1099.663833	903.134766	3.142991
31429.065160	1099.663833	901.965820	39.848690
31429.065160	1099.663833	900.796875	-32.116661
31429.065160	1099.663833	899.626953	-99.526115
31429.065160	1099.663833	898.457031	43.522518
31429.065160	1099.663833	897.287109	-1.254836
31429.065160	1099.663833	896.117188	48.980312
31429.065160	1099.663833	894.947266	49.444855
31429.065160	1099.663833	893.776367	6.953118
31429.065160	1099.663833	892.605469	25.508839
31429.065160	1099.663833	891.434570	-5.661817
31429.065160	1099.663833	890.262695	-14.224524
31429.065160	1099.663833	889.091797	-31.821316
31429.065160	1099.663833	887.919922	11.570858
31429.065160	1099.663833	886.748047	-82.798668
31429.065160	1099.663833	885.575195	-16.836807
31429.065160	1099.663833	884.403320	73.926224
31429.065160	1099.663833	883.230469	65.357201
31429.065160	1099.663833	882.057617	20.692251
31429.065160	1099.663833	880.883789	0.860399
31429.065160	1099.663833	879.710938	-61.815575
31429.065160	1099.663833	878.537109	49.160004
31429.065160	1099.663833	877.362305	65.406799
31429.065160	1099.663833	876.188477	-10.766088
31429.065160	1099.663833	875.013672	-32.822960
31429.065160	1099.663833	873.839844	21.731796
31429.065160	1099.663833	872.664063	80.771530
31429.065160	1099.663833	871.489258	-8.852461
31429.065160	1099.663833	870.313477	-35.392086
31429.065160	1099.663833	869.138672	-86.684753
31429.065160	1099.663833	867.962891	-43.424294
31429.065160	1099.663833	866.786133	67.327293
31429.065160	1099.663833	865.610352	90.290680
31429.065160	1099.663833	864.433594	-147.676697
31429.065160	1099.663833	863.256836	-183.147354
31429.065160	1099.663833	862.079102	-70.206512
31429.065160	1099.663833	860.902344	-24.751671
31429.065160	1099.663833	859.724609	90.358276
31429.065160	1099.663833	858.546875	-70.963364
31429.065160	1099.663833	857.368164	89.041916
31429.065160	1099.663833	856.190430	-40.767056
31429.065160	1099.663833	855.011719	-17.818020
31429.065160	1099.663833	853.833008	-158.776321
31429.065160	1099.663833	852.654297	-1.128346
31429.065160	1099.663833	851.474609	-7.375349
31429.065160	1099.663833	850.294922	-40.545479
31429.065160	1099.663833	849.115234	-96.135376
31429.065160	1099.663833	847.935547	-59.744240
31429.065160	1099.663833	846.754883	-86.155083
31429.065160	1099.663833	845.575195	10.751143
31429.065160	1099.663833	844.393555	-13.421375
31429.065160	1099.663833	843.212891	-116.022110
31429.065160	1099.663833	842.032227	48.047737
31429.065160	1099.663833	840.850586	-32.122326
31429.065160	1099.663833	839.668945	-130.177185
31429.065160	1099.663833	838.486328	-89.361298
31429.065160	1099.663833	837.304688	29.791016
31429.065160	1099.663833	836.122070	-52.549931
31429.065160	1099.663833	834.939453	-38.632053
31429.065160	1099.663833	833.756836	-64.994049
31429.065160	1099.663833	832.573242	56.289982
31429.065160	1099.663833	831.389648	-57.303280
31429.065160	1099.663833	830.206055	-5.389690
31429.065160	1099.663833	829.022461	-118.926903
31429.065160	1099.663833	827.838867	-22.324236
31429.065160	1099.663833	826.654297	-97.826233
31429.065160	1099.663833	825.469727	-66.061195
31429.065160	1099.663833	824.284180	-14.206801
31429.065160	1099.663833	823.099609	-18.208475
31429.065160	1099.663833	821.914063	-51.235847
31429.065160	1099.663833	820.728516	18.433342
31429.065160	1099.663833	819.542969	-54.766499
31429.065160	1099.663833	818.356445	21.563108
31429.065160	1099.663833	817.169922	8.621475
31429.065160	1099.663833	815.983398	20.217016
31429.065160	1099.663833	814.796875	-68.545959
31429.065160	1099.663833	813.609375	36.693890
31429.065160	1099.663833	812.422852	-72.105537
31429.065160	1099.663833	811.235352	62.054501
31429.065160	1099.663833	810.046875	-46.711456
31429.065160	1099.663833	808.859375	-17.322458
31429.065160	1099.663833	807.670898	-130.491699
31429.065160	1099.663833	806.482422	-20.942747
31429.065160	1099.663833	805.293945	-0.497080
31429.065160	1099.663833	804.104492	37.742706
31429.065160	1099.663833	802.915039	-24.181791
31429.065160	1099.663833	801.725586	14.034867
31429.065160	1099.663833	800.536133	-50.095821
31429.065160	1099.663833	799.345703	59.266876
31429.065160	1099.663833	798.155273	-76.012192
31429.065160	1099.663833	796.964844	13.288910
31429.065160	1099.663833	795.774414	-86.377426
31429.065160	1099.663833	794.583008	78.428627
31429.065160	1099.663833	793.392578	27.652372
31429.065160	1099.663833	792.200195	32.422329
31429.065160	1099.663833	791.008789	-104.948624
31429.065160	1099.663833	789.816406	-75.746658
31429.065160	1099.663833	788.625000	57.767029
31429.065160	1099.663833	787.432617	-48.477951
31429.065160	1099.663833	786.239258	25.046923
31429.065160	1099.663833	785.046875	56.379330
31429.065160	1099.663833	783.853516	16.713470
31429.065160	1099.663833	782.660156	-18.510563
31429.065160	1099.663833	781.465820	-78.118202
31429.065160	1099.663833	780.272461	59.568424
31429.065160	1099.663833	779.078125	35.406521
31429.065160	1099.663833	777.883789	82.146759
31429.065160	1099.663833	776.688477	-21.780973
31429.065160	1099.663833	775.494141	-70.308601
31429.065160	1099.663833	774.298828	42.819923
31429.065160	1099.663833	773.103516	-41.146656
31429.065160	1099.663833	771.907227	74.117500
31429.065160	1099.663833	770.711914	-51.892212
31429.065160	1099.663833	769.515625	41.174889
31429.065160	1099.663833	768.318359	-126.829956
31429.065160	1099.663833	767.122070	-55.929356
31429.065160	1099.663833	765.924805	56.939697
31429.065160	1099.663833	764.727539	81.320938
31429.065160	1099.663833	763.530273	-15.884088
31429.065160	1099.663833	762.333008	165.363403
31429.065160	1099.663833	761.134766	72.570259
31429.065160	1099.663833	759.936523	59.317387
31429.065160	1099.663833	758.738281	-46.697289
31429.065160	1099.663833	757.540039	48.234432
31429.065160	1099.663833	756.340820	12.871806
31429.065160	1099.663833	755.141602	-53.391251
31429.065160	1099.663833	753.942383	-75.513046
31429.065160	1099.663833	752.742188	-71.170410
31429.065160	1099.663833	751.541992	-93.314590
31429.065160	1099.663833	750.341797	-71.365334
31429.065160	1099.663833	749.141602	71.813774
31429.065160	1099.663833	747.941406	31.963646
31429.065160	1099.663833	746.740234	-14.499848
31429.065160	1099.663833	745.539063	20.558533
31429.065160	1099.663833	744.337891	-43.545597
31429.065160	1099.663833	743.135742	35.512280
31429.065160	1099.663833	741.933594	79.285912
31429.065160	1099.663833	740.731445	-22.276768
31429.065160	1099.663833	739.529297	-26.973419
31429.065160	1099.663833	738.326172	12.321190
31429.065160	1099.663833	737.124023	69.177933
31429.065160	1099.663833	735.919922	-23.585041
31429.065160	1099.663833	734.716797	-12.971539
31429.065160	1099.663833	733.513672	197.697372
31429.065160	1099.663833	732.309570	111.491661
31429.065160	1099.663833	731.105469	64.858795
31429.065160	1099.663833	729.900391	110.510307
31429.065160	1099.663833	728.696289	37.486588
31429.065160	1099.663833	727.491211	52.326214
31429.065160	1099.663833	726.286133	29.803396
31429.065160	1099.663833	725.080078	51.175499
31429.065160	1099.663833	723.874023	81.293434
31429.065160	1099.663833	722.668945	41.145885
31429.065160	1099.663833	721.461914	58.037144
31429.065160	1099.663833	720.255859	85.863045
31429.065160	1099.663833	719.048828	87.332802
31429.065160	1099.663833	717.841797	1.065511
31429.065160	1099.663833	716.634766	-69.846817
31429.065160	1099.663833	715.427734	69.657562
31429.065160	1099.663833	714.219727	75.402740
31429.065160	1099.663833	713.011719	24.154379
31429.065160	1099.663833	711.803711	-40.243046
31429.065160	1099.663833	710.594727	-67.412773
31429.065160	1099.663833	709.385742	28.013491
31429.065160	1099.663833	708.176758	48.942226
31429.065160	1099.663833	706.967773	155.188614
31429.065160	1099.663833	705.758789	119.131340
31429.065160	1099.663833	704.548828	8.677806
31429.065160	1099.663833	703.338867	-106.133636
31429.065160	1099.663833	702.127930	37.110748
31429.065160	1099.663833	700.917969	77.508080
31429.065160	1099.663833	699.707031	-175.046600
31429.065160	1099.663833	698.496094	-73.492828
31429.065160	1099.663833	697.285156	95.719452
31429.065160	1099.663833	696.073242	-23.521521
31429.065160	1099.663833	694.861328	38.528862
31429.065160	1099.663833	693.649414	-80.713585
31429.065160	1099.663833	692.436523	-14.375827
31429.065160	1099.663833	691.224609	8.249072
31429.065160	1099.663833	690.011719	52.653461
31429.065160	1099.663833	688.798828	99.187569
31429.065160	1099.663833	687.584961	108.587624
31429.065160	1099.663833	686.372070	222.628662
31429.065160	1099.663833	685.158203	125.095314
31429.065160	1099.663833	683.943359	169.260315
31429.065160	1099.663833	682.729492	250.424255
31429.065160	1099.663833	681.514648	133.233459
31429.065160	1099.663833	680.299805	170.731232
31429.065160	1099.663833	679.084961	221.247513
31429.065160	1099.663833	677.869141	280.417816
31429.065160	1099.663833	676.653320	219.785995
31429.065160	1099.663833	675.437500	374.635193
31429.065160	1099.663833	674.221680	185.542908
31429.065160	1099.663833	673.004883	179.257355
31429.065160	1099.663833	671.789063	118.558174
31429.065160	1099.663833	670.571289	214.435684
31429.065160	1099.663833	669.354492	121.066895
31429.065160	1099.663833	668.136719	223.354416
31429.065160	1099.663833	666.919922	232.104553
31429.065160	1099.663833	665.701172	156.066559
31429.065160	1099.663833	664.483398	69.162933
31429.065160	1099.663833	663.264648	225.533417
31429.065160	1099.663833	662.045898	218.929352
31429.065160	1099.663833	660.827148	231.832626
31429.065160	1099.663833	659.608398	118.793060
31429.065160	1099.663833	658.388672	114.276840
31429.065160	1099.663833	657.168945	237.744446
31429.065160	1099.663833	655.949219	83.448334
31429.065160	1099.663833	654.728516	109.196922
31429.065160	1099.663833	653.507813	258.498657
31429.065160	1099.663833	652.287109	76.002480
31429.065160	1099.663833	651.066406	199.165970
31429.065160	1099.663833	649.844727	205.218857
31429.065160	1099.663833	648.623047	111.570107
31429.065160	1099.663833	647.401367	156.557678
31429.065160	1099.663833	646.179688	69.383316
31429.065160	1099.663833	644.957031	127.278618
31429.065160	1099.663833	643.734375	224.078491
31429.065160	1099.663833	642.511719	193.108231
31429.065160	1099.663833	641.289063	227.030548
31429.065160	1099.663833	640.065430	327.965637
31429.065160	1099.663833	638.841797	164.945847
31429.065160	1099.663833	637.618164	136.032303
31429.065160	1099.663833	636.393555	152.496567
31429.065160	1099.663833	635.168945	149.464310
31429.065160	1099.663833	633.944336	191.781387
31429.065160	1099.663833	632.719727	100.085678
31429.065160	1099.663833	631.494141	25.673542
31429.065160	1099.663833	630.269531	152.114395
31429.065160	1099.663833	629.042969	47.422390
31429.065160	1099.663833	627.817383	139.193649
31429.065160	1099.663833	626.590820	97.072365
31429.065160	1099.663833	625.365234	33.357723
31429.065160	1099.663833	624.137695	92.606537
31429.065160	1099.663833	622.911133	95.717056
31429.065160	1099.663833	621.683594	92.321594
31429.065160	1099.663833	620.456055	58.709351
31429.065160	1099.663833	619.228516	-37.433853
31429.065160	1099.663833	618.000977	84.100761
31429.065160	1099.663833	616.772461	5.164050
31429.065160	1099.663833	615.543945	29.631290
31429.065160	1099.663833	614.314453	-14.865932
31429.065160	1099.663833	613.085938	102.124985
31429.065160	1099.663833	611.856445	-7.017883
31429.065160	1099.663833	610.626953	19.456865
31429.065160	1099.663833	609.397461	95.384544
31429.065160	1099.663833	608.166992	16.340015
31429.065160	1099.663833	606.936523	1.830642
31429.065160	1099.663833	605.706055	-29.906872
31429.065160	1099.663833	604.474609	-53.061852
31429.065160	1099.663833	603.244141	104.338272
31429.065160	1099.663833	602.012695	-9.158776
31429.065160	1099.663833	600.780273	34.220299
31429.065160	1099.663833	599.548828	-4.079114
31429.065160	1099.663833	598.316406	-40.243774
31429.065160	1099.663833	597.083984	33.096714
31429.065160	1099.663833	595.851563	48.412041
31429.065160	1099.663833	594.618164	-71.533600
31429.065160	1099.663833	593.384766	-28.358002
31429.065160	1099.663833	592.151367	31.939304
31429.065160	1099.663833	590.917969	64.299728
31429.065160	1099.663833	589.683594	55.872185
31429.065160	1099.663833	588.449219	154.633224
31429.065160	1099.663833	587.214844	79.687866
31429.065160	1099.663833	585.979492	34.755295
31429.065160	1099.663833	584.745117	47.677940
31429.065160	1099.663833	583.509766	58.428864
31429.065160	1099.663833	582.273438	7.036390
31429.065160	1099.663833	581.038086	9.183874
31429.065160	1099.663833	579.801758	49.845772
31429.065160	1099.663833	578.565430	11.271286
31429.065160	1099.663833	577.329102	-12.324663
31429.065160	1099.663833	576.091797	34.675518
31429.065160	1099.663833	574.854492	100.890228
31429.065160	1099.663833	573.617188	128.563217
31429.065160	1099.663833	572.378906	92.057686
31429.065160	1099.663833	571.141602	23.487400
31429.065160	1099.663833	569.903320	83.168472
31429.065160	1099.663833	568.664063	110.753334
31429.065160	1099.663833	567.425781	61.404205
31429.065160	1099.663833	566.186523	120.993286
31429.065160	1099.663833	564.947266	118.614693
31429.065160	1099.663833	563.708008	158.925812
31429.065160	1099.663833	562.467773	-7.850365
31429.065160	1099.663833	561.227539	-20.908730
31429.065160	1099.663833	559.987305	10.835830
31429.065160	1099.663833	558.747070	63.888836
31429.065160	1099.663833	557.505859	121.172997
31429.065160	1099.663833	556.264648	-94.511917
31429.065160	1099.663833	555.023438	94.940201
31429.065160	1099.663833	553.781250	71.161049
31429.065160	1099.663833	552.539063	179.504120
31429.065160	1099.663833	551.296875	-42.430809
31429.065160	1099.663833	550.054688	-21.452652
31429.065160	1099.663833	548.811523	91.081497
31429.065160	1099.663833	547.569336	-39.153721
31429.065160	1099.663833	546.325195	-48.008736
31429.065160	1099.663833	545.082031	-58.987267
31429.065160	1099.663833	543.837891	-50.816875
31429.065160	1099.663833	542.593750	-153.270493
31429.065160	1099.663833	541.349609	-23.855303
31429.065160	1099.663833	540.105469	14.069980
31429.065160	1099.663833	538.860352	-98.964554
31429.065160	1099.663833	537.615234	62.236900
31429.065160	1099.663833	536.369141	19.366533
31429.065160	1099.663833	535.124023	-8.608066
31429.065160	1099.663833	533.877930	-93.921776
31429.065160	1099.663833	532.631836	-143.093185
31429.065160	1099.663833	531.384766	-1.153739
31429.065160	1099.663833	530.138672	130.118484
31429.065160	1099.663833	528.891602	25.763538
31429.065160	1099.663833	527.643555	-6.401100
31429.065160	1099.663833	526.396484	46.312744
31429.065160	1099.663833	525.148438	-140.655960
31429.065160	1099.663833	523.900391	-11.587129
31429.065160	1099.663833	522.652344	-153.926498
31429.065160	1099.663833	521.403320	-94.840790
31429.065160	1099.663833	520.154297	32.040436
31429.065160	1099.663833	518.905273	-177.987885
31429.065160	1099.663833	517.656250	-32.059540
31429.065160	1099.663833	516.406250	5.810617
31429.065160	1099.663833	515.156250	-2.905038
31429.065160	1099.663833	513.906250	-9.487793
31429.065160	1099.663833	512.655273	-109.178108
31429.065160	1099.663833	511.404297	47.213104
31429.065160	1099.663833	510.153320	-82.037384
31429.065160	1099.663833	508.902344	-73.743164
31429.065160	1099.663833	507.650391	-61.211613
31429.065160	1099.663833	506.398438	-158.604843
31429.065160	1099.663833	505.146484	-169.281906
31429.065160	1099.663833	503.893555	-163.036041
31429.065160	1099.663833	502.641602	24.919811
31429.065160	1099.663833	501.388672	-135.718460
31429.065160	1099.663833	500.134766	-80.868050
31429.065160	1099.663833	498.881836	-64.027214
31429.065160	1099.663833	497.627930	-47.180233
31429.065160	1099.663833	496.374023	-72.533463
31429.065160	1099.663833	495.119141	16.078741
31429.065160	1099.663833	493.865234	37.166225
31429.065160	1099.663833	492.610352	-114.687927
31429.065160	1099.663833	491.355469	-133.615067
31429.065160	1099.663833	490.099609	-232.631241
31429.065160	1099.663833	488.843750	-13.319063
31429.065160	1099.663833	487.587891	-84.891037
31429.065160	1099.663833	486.332031	50.054073
31429.065160	1099.663833	485.075195	33.296024
31429.065160	1099.663833	483.818359	-4.498502
31429.065160	1099.663833	482.561523	63.013023
31429.065160	1099.663833	481.304688	88.410393
31429.065160	1099.663833	480.046875	48.568439
31429.065160	1099.663833	478.789063	63.465164
31429.065160	1099.663833	477.531250	-9.983364
31429.065160	1099.663833	476.272461	-28.705132
31429.065160	1099.663833	475.013672	7.265948
31429.065160	1099.663833	473.754883	-82.903709
31429.065160	1099.663833	472.496094	169.578735
31429.065160	1099.663833	471.236328	92.043434
31429.065160	1099.663833	469.976563	14.552399
31429.065160	1099.663833	468.716797	40.028671
31429.065160	1099.663833	467.456055	2.500013
31429.065160	1099.663833	466.196289	-32.901737
31429.065160	1099.663833	464.935547	-143.851776
31429.065160	1099.663833	463.673828	5.485304
31429.065160	1099.663833	462.413086	-15.189539
31429.065160	1099.663833	461.151367	-82.004791
31429.065160	1099.663833	459.889648	4.315858
31429.065160	1099.663833	458.626953	54.951599
31429.065160	1099.663833	457.364258	-30.699833
31429.065160	1099.663833	456.101563	68.128189
31429.065160	1099.663833	454.838867	34.894112
31429.065160	1099.663833	453.575195	39.379372
31429.065160	1099.663833	452.312500	136.020645
31429.065160	1099.663833	451.047852	100.677444
31429.065160	1099.663833	449.784180	77.904152
31429.065160	1099.663833	448.519531	138.856674
31429.065160	1099.663833	447.254883	-24.157726
31429.065160	1099.663833	445.990234	43.038548
31429.065160	1099.663833	444.725586	101.820267
31429.065160	1099.663833	443.459961	78.989113
31429.065160	1099.663833	442.194336	89.601051
31429.065160	1099.663833	440.927734	154.534668
31429.065160	1099.663833	439.662109	110.731796
31429.065160	1099.663833	438.395508	91.990463
31429.065160	1099.663833	437.127930	56.508999
31429.065160	1099.663833	435.861328	18.920462
31429.065160	1099.663833	434.593750	123.308540
31429.065160	1099.663833	433.326172	89.814049
31429.065160	1099.663833	432.058594	93.861519
31429.065160	1099.663833	430.790039	127.072601
31429.065160	1099.663833	429.521484	197.773407
31429.065160	1099.663833	428.252930	107.766037
31429.065160	1099.663833	426.984375	-26.057678
31429.065160	1099.663833	425.714844	44.449627
31429.065160	1099.663833	424.445313	54.404243
31429.065160	1099.663833	423.174805	70.533241
31429.065160	1099.663833	421.905273	17.818834
31429.065160	1099.663833	420.634766	158.790192
31429.065160	1099.663833	419.364258	20.516375
31429.065160	1099.663833	418.092773	15.482461
31429.065160	1099.663833	416.822266	47.834660
31429.065160	1099.663833	415.550781	127.944786
31429.065160	1099.663833	414.278320	126.752380
31429.065160	1099.663833	413.006836	183.710785
31429.065160	1099.663833	411.734375	61.635212
31429.065160	1099.663833	410.461914	58.033154
31429.065160	1099.663833	409.188477	120.838188
31429.065160	1099.663833	407.916016	200.117508
31429.065160	1099.663833	406.642578	85.936371
31429.065160	1099.663833	405.368164	67.238487
31429.065160	1099.663833	404.094727	73.329903
31429.065160	1099.663833	402.820313	114.565254
31429.065160	1099.663833	401.545898	107.858238
31429.065160	1099.663833	400.270508	-44.346424
31429.065160	1099.663833	398.996094	139.589111
31429.065160	1099.663833	397.720703	72.159813
31429.065160	1099.663833	396.444336	91.698082
31429.065160	1099.663833	395.168945	15.614965
31429.065160	1099.663833	393.892578	69.999649
31429.065160	1099.663833	392.616211	122.069107
31429.065160	1099.663833	391.339844	132.431229
31429.065160	1099.663833	390.062500	96.953178
31429.065160	1099.663833	388.785156	71.606133
31429.065160	1099.663833	387.507813	122.663864
31429.065160	1099.663833	386.229492	150.648026
31429.065160	1099.663833	384.951172	145.217148
31429.065160	1099.663833	383.672852	240.945602
31429.065160	1099.663833	382.394531	61.061760
31429.065160	1099.663833	381.115234	125.124519
31429.065160	1099.663833	379.835938	37.819153
31429.065160	1099.663833	378.556641	53.647247
31429.065160	1099.663833	377.277344	149.782990
31429.065160	1099.663833	375.997070	75.986359
31429.065160	1099.663833	374.716797	119.684753
31429.065160	1099.663833	373.435547	49.321648
31429.065160	1099.663833	372.155273	-29.650476
31429.065160	1099.663833	370.874023	21.146614
31429.065160	1099.663833	369.591797	-17.302450
31429.065160	1099.663833	368.310547	-12.786434
31429.065160	1099.663833	367.028320	55.277706
31429.065160	1099.663833	365.746094	124.927231
31429.065160	1099.663833	364.463867	132.179230
31429.065160	1099.663833	363.180664	-13.723084
31429.065160	1099.663833	361.897461	-13.611998
31429.065160	1099.663833	360.614258	-1.635920
31429.065160	1099.663833	359.330078	-17.001490
31429.065160	1099.663833	358.045898	37.182262
31429.065160	1099.663833	356.761719	-18.432793
31429.065160	1099.663833	355.477539	86.110565
31429.065160	1099.663833	354.192383	-13.920309
31429.065160	1099.663833	352.907227	33.765724
31429.065160	1099.663833	351.622070	35.511539
31429.065160	1099.663833	350.336914	7.797368
31429.065160	1099.663833	349.050781	-12.346166
31429.065160	1099.663833	347.764648	-88.713989
31429.065160	1099.663833	346.477539	-83.475029
31429.065160	1099.663833	345.191406	-56.312042
31429.065160	1099.663833	343.904297	-62.814808
31429.065160	1099.663833	342.616211	-63.921612
31429.065160	1099.663833	341.329102	-18.511341
31429.065160	1099.663833	340.041016	-23.256498
31429.065160	1099.663833	338.752930	1.998632
31429.065160	1099.663833	337.463867	36.650948
31429.065160	1099.663833	336.175781	-104.108864
31429.065160	1099.663833	334.886719	-28.082012
31429.065160	1099.663833	333.596680	-0.233506
31429.065160	1099.663833	332.307617	-8.195201
31429.065160	1099.663833	331.017578	-99.206841
31429.065160	1099.663833	329.727539	-178.853500
31429.065160	1099.663833	328.436523	-204.124298
31429.065160	1099.663833	327.146484	-138.120758
31429.065160	1099.663833	325.855469	2.617569
31429.065160	1099.663833	324.563477	-34.082069
31429.065160	1099.663833	323.272461	-80.046951
31429.065160	1099.663833	321.980469	-225.498749
31429.065160	1099.663833	320.688477	4.814828
31429.065160	1099.663833	319.395508	49.498844
31429.065160	1099.663833	318.103516	9.026767
31429.065160	1099.663833	316.810547	-28.623703
31429.065160	1099.663833	315.516602	-69.627914
31429.065160	1099.663833	314.223633	10.859754
31429.065160	1099.663833	312.929688	8.104032
31429.065160	1099.663833	311.635742	42.822639
31429.065160	1099.663833	310.340820	24.955088
31429.065160	1099.663833	309.045898	101.720901
31429.065160	1099.663833	307.750977	109.525688
31429.065160	1099.663833	306.456055	142.371170
31429.065160	1099.663833	305.160156	63.291565
31429.065160	1099.663833	303.865234	197.153183
31429.065160	1099.663833	302.568359	243.477310
31429.065160	1099.663833	301.272461	437.192474
31429.065160	1099.663833	299.975586	384.146423
31429.065160	1099.663833	298.678711	459.981689
