#X		#Y		#Wave		#Intensity
-13855.592606	17614.023333	2000.043945	-48.007938
-13855.592606	17614.023333	1999.080078	470.636536
-13855.592606	17614.023333	1998.116211	52.648949
-13855.592606	17614.023333	1997.151367	187.303543
-13855.592606	17614.023333	1996.186523	-77.157768
-13855.592606	17614.023333	1995.222656	-46.890930
-13855.592606	17614.023333	1994.256836	3.053959
-13855.592606	17614.023333	1993.291992	-333.483185
-13855.592606	17614.023333	1992.327148	-75.833931
-13855.592606	17614.023333	1991.361328	171.685135
-13855.592606	17614.023333	1990.395508	-43.839531
-13855.592606	17614.023333	1989.429688	47.414639
-13855.592606	17614.023333	1988.463867	-69.319664
-13855.592606	17614.023333	1987.497070	95.855217
-13855.592606	17614.023333	1986.531250	-73.044861
-13855.592606	17614.023333	1985.564453	324.233948
-13855.592606	17614.023333	1984.597656	-22.889132
-13855.592606	17614.023333	1983.630859	250.396622
-13855.592606	17614.023333	1982.664063	212.077698
-13855.592606	17614.023333	1981.696289	-246.378845
-13855.592606	17614.023333	1980.728516	-134.135361
-13855.592606	17614.023333	1979.761719	215.056396
-13855.592606	17614.023333	1978.792969	623.284058
-13855.592606	17614.023333	1977.825195	354.737518
-13855.592606	17614.023333	1976.857422	175.047516
-13855.592606	17614.023333	1975.888672	66.895157
-13855.592606	17614.023333	1974.919922	237.517105
-13855.592606	17614.023333	1973.951172	-198.947968
-13855.592606	17614.023333	1972.982422	45.447159
-13855.592606	17614.023333	1972.013672	198.403580
-13855.592606	17614.023333	1971.043945	87.367416
-13855.592606	17614.023333	1970.075195	-156.856644
-13855.592606	17614.023333	1969.105469	52.453617
-13855.592606	17614.023333	1968.135742	347.847992
-13855.592606	17614.023333	1967.165039	194.604126
-13855.592606	17614.023333	1966.195313	501.992279
-13855.592606	17614.023333	1965.224609	437.265045
-13855.592606	17614.023333	1964.253906	-9.222750
-13855.592606	17614.023333	1963.283203	-64.156937
-13855.592606	17614.023333	1962.312500	-40.379566
-13855.592606	17614.023333	1961.341797	492.767303
-13855.592606	17614.023333	1960.370117	132.396500
-13855.592606	17614.023333	1959.399414	200.162170
-13855.592606	17614.023333	1958.427734	-465.196106
-13855.592606	17614.023333	1957.455078	-208.118378
-13855.592606	17614.023333	1956.483398	336.471771
-13855.592606	17614.023333	1955.511719	411.226013
-13855.592606	17614.023333	1954.539063	-111.407410
-13855.592606	17614.023333	1953.566406	174.610519
-13855.592606	17614.023333	1952.593750	118.918022
-13855.592606	17614.023333	1951.621094	-10.518569
-13855.592606	17614.023333	1950.647461	-191.548264
-13855.592606	17614.023333	1949.674805	202.050735
-13855.592606	17614.023333	1948.701172	426.035919
-13855.592606	17614.023333	1947.727539	262.016937
-13855.592606	17614.023333	1946.753906	85.725670
-13855.592606	17614.023333	1945.780273	-70.930321
-13855.592606	17614.023333	1944.805664	204.219025
-13855.592606	17614.023333	1943.831055	336.939819
-13855.592606	17614.023333	1942.856445	268.448181
-13855.592606	17614.023333	1941.881836	190.120377
-13855.592606	17614.023333	1940.907227	-263.331360
-13855.592606	17614.023333	1939.932617	-37.694847
-13855.592606	17614.023333	1938.957031	408.367462
-13855.592606	17614.023333	1937.981445	464.629730
-13855.592606	17614.023333	1937.005859	339.538422
-13855.592606	17614.023333	1936.030273	101.774399
-13855.592606	17614.023333	1935.054688	13.436484
-13855.592606	17614.023333	1934.078125	475.979095
-13855.592606	17614.023333	1933.101563	341.004669
-13855.592606	17614.023333	1932.125000	-36.263065
-13855.592606	17614.023333	1931.148438	305.993378
-13855.592606	17614.023333	1930.171875	9.525049
-13855.592606	17614.023333	1929.194336	305.090790
-13855.592606	17614.023333	1928.217773	79.578354
-13855.592606	17614.023333	1927.240234	289.359741
-13855.592606	17614.023333	1926.262695	-63.263245
-13855.592606	17614.023333	1925.284180	-205.582779
-13855.592606	17614.023333	1924.306641	30.910223
-13855.592606	17614.023333	1923.328125	22.942869
-13855.592606	17614.023333	1922.350586	176.172791
-13855.592606	17614.023333	1921.372070	97.283951
-13855.592606	17614.023333	1920.392578	257.714661
-13855.592606	17614.023333	1919.414063	381.423431
-13855.592606	17614.023333	1918.434570	312.211243
-13855.592606	17614.023333	1917.456055	25.778856
-13855.592606	17614.023333	1916.476563	-206.893234
-13855.592606	17614.023333	1915.497070	50.883686
-13855.592606	17614.023333	1914.516602	167.062988
-13855.592606	17614.023333	1913.537109	29.529278
-13855.592606	17614.023333	1912.556641	-44.577129
-13855.592606	17614.023333	1911.576172	220.186432
-13855.592606	17614.023333	1910.595703	-197.659805
-13855.592606	17614.023333	1909.615234	57.240372
-13855.592606	17614.023333	1908.633789	-33.968494
-13855.592606	17614.023333	1907.653320	-278.639893
-13855.592606	17614.023333	1906.671875	-72.645599
-13855.592606	17614.023333	1905.690430	-12.859308
-13855.592606	17614.023333	1904.708984	90.707901
-13855.592606	17614.023333	1903.727539	-270.728516
-13855.592606	17614.023333	1902.745117	95.663300
-13855.592606	17614.023333	1901.762695	291.564362
-13855.592606	17614.023333	1900.780273	492.240875
-13855.592606	17614.023333	1899.797852	57.955109
-13855.592606	17614.023333	1898.815430	175.875580
-13855.592606	17614.023333	1897.832031	179.455093
-13855.592606	17614.023333	1896.849609	287.555237
-13855.592606	17614.023333	1895.866211	-370.051758
-13855.592606	17614.023333	1894.882813	107.467445
-13855.592606	17614.023333	1893.898438	380.702301
-13855.592606	17614.023333	1892.915039	-237.731674
-13855.592606	17614.023333	1891.930664	8.718842
-13855.592606	17614.023333	1890.947266	70.505371
-13855.592606	17614.023333	1889.962891	-74.115738
-13855.592606	17614.023333	1888.977539	19.199642
-13855.592606	17614.023333	1887.993164	-40.436779
-13855.592606	17614.023333	1887.007813	103.770302
-13855.592606	17614.023333	1886.023438	-77.188477
-13855.592606	17614.023333	1885.038086	110.611031
-13855.592606	17614.023333	1884.051758	-106.674599
-13855.592606	17614.023333	1883.066406	-88.695343
-13855.592606	17614.023333	1882.081055	50.485630
-13855.592606	17614.023333	1881.094727	65.988663
-13855.592606	17614.023333	1880.108398	105.709641
-13855.592606	17614.023333	1879.122070	58.184006
-13855.592606	17614.023333	1878.135742	165.705017
-13855.592606	17614.023333	1877.148438	149.654663
-13855.592606	17614.023333	1876.162109	-2.003679
-13855.592606	17614.023333	1875.174805	-102.771942
-13855.592606	17614.023333	1874.187500	-150.254272
-13855.592606	17614.023333	1873.199219	-277.588257
-13855.592606	17614.023333	1872.211914	-92.740219
-13855.592606	17614.023333	1871.223633	-266.020752
-13855.592606	17614.023333	1870.236328	-35.302452
-13855.592606	17614.023333	1869.248047	-92.458443
-13855.592606	17614.023333	1868.258789	75.265343
-13855.592606	17614.023333	1867.270508	-223.652084
-13855.592606	17614.023333	1866.282227	231.647659
-13855.592606	17614.023333	1865.292969	109.210480
-13855.592606	17614.023333	1864.303711	-22.849075
-13855.592606	17614.023333	1863.314453	98.777733
-13855.592606	17614.023333	1862.324219	-64.640602
-13855.592606	17614.023333	1861.334961	274.265564
-13855.592606	17614.023333	1860.344727	200.197098
-13855.592606	17614.023333	1859.354492	36.834995
-13855.592606	17614.023333	1858.364258	336.901978
-13855.592606	17614.023333	1857.374023	180.808334
-13855.592606	17614.023333	1856.383789	352.862701
-13855.592606	17614.023333	1855.392578	-10.623570
-13855.592606	17614.023333	1854.401367	-132.817154
-13855.592606	17614.023333	1853.410156	429.789825
-13855.592606	17614.023333	1852.418945	121.927849
-13855.592606	17614.023333	1851.426758	-265.361267
-13855.592606	17614.023333	1850.435547	82.467941
-13855.592606	17614.023333	1849.443359	83.221611
-13855.592606	17614.023333	1848.451172	546.475220
-13855.592606	17614.023333	1847.458984	-119.997757
-13855.592606	17614.023333	1846.466797	102.310478
-13855.592606	17614.023333	1845.473633	464.172119
-13855.592606	17614.023333	1844.480469	-31.020937
-13855.592606	17614.023333	1843.487305	294.617981
-13855.592606	17614.023333	1842.494141	478.166992
-13855.592606	17614.023333	1841.500977	-202.002792
-13855.592606	17614.023333	1840.506836	296.650269
-13855.592606	17614.023333	1839.513672	-85.047104
-13855.592606	17614.023333	1838.519531	-168.464661
-13855.592606	17614.023333	1837.525391	707.293396
-13855.592606	17614.023333	1836.530273	-90.067322
-13855.592606	17614.023333	1835.536133	194.201874
-13855.592606	17614.023333	1834.541016	108.375664
-13855.592606	17614.023333	1833.545898	370.873260
-13855.592606	17614.023333	1832.550781	301.846954
-13855.592606	17614.023333	1831.555664	254.448990
-13855.592606	17614.023333	1830.560547	197.460587
-13855.592606	17614.023333	1829.564453	174.095169
-13855.592606	17614.023333	1828.568359	306.717255
-13855.592606	17614.023333	1827.572266	112.975204
-13855.592606	17614.023333	1826.576172	343.904083
-13855.592606	17614.023333	1825.580078	301.316315
-13855.592606	17614.023333	1824.583008	-62.590324
-13855.592606	17614.023333	1823.585938	264.126801
-13855.592606	17614.023333	1822.588867	-94.856590
-13855.592606	17614.023333	1821.591797	425.861694
-13855.592606	17614.023333	1820.594727	110.101913
-13855.592606	17614.023333	1819.596680	271.210236
-13855.592606	17614.023333	1818.599609	-243.220917
-13855.592606	17614.023333	1817.601563	51.989258
-13855.592606	17614.023333	1816.603516	-93.486137
-13855.592606	17614.023333	1815.604492	-56.968910
-13855.592606	17614.023333	1814.606445	130.313110
-13855.592606	17614.023333	1813.607422	135.650024
-13855.592606	17614.023333	1812.608398	-155.706940
-13855.592606	17614.023333	1811.609375	41.035084
-13855.592606	17614.023333	1810.610352	-58.870121
-13855.592606	17614.023333	1809.610352	183.200897
-13855.592606	17614.023333	1808.611328	107.196167
-13855.592606	17614.023333	1807.611328	188.972076
-13855.592606	17614.023333	1806.611328	256.373688
-13855.592606	17614.023333	1805.610352	333.301727
-13855.592606	17614.023333	1804.610352	176.067596
-13855.592606	17614.023333	1803.609375	26.054956
-13855.592606	17614.023333	1802.608398	136.390121
-13855.592606	17614.023333	1801.607422	-113.856705
-13855.592606	17614.023333	1800.606445	192.189316
-13855.592606	17614.023333	1799.605469	156.813232
-13855.592606	17614.023333	1798.603516	231.208710
-13855.592606	17614.023333	1797.601563	2.572419
-13855.592606	17614.023333	1796.599609	425.208923
-13855.592606	17614.023333	1795.597656	187.063385
-13855.592606	17614.023333	1794.595703	27.682564
-13855.592606	17614.023333	1793.592773	326.080414
-13855.592606	17614.023333	1792.589844	333.566895
-13855.592606	17614.023333	1791.587891	252.858322
-13855.592606	17614.023333	1790.583984	-130.417328
-13855.592606	17614.023333	1789.581055	3.373420
-13855.592606	17614.023333	1788.577148	-296.374298
-13855.592606	17614.023333	1787.574219	1.682442
-13855.592606	17614.023333	1786.570313	-181.307358
-13855.592606	17614.023333	1785.566406	114.212456
-13855.592606	17614.023333	1784.561523	95.462799
-13855.592606	17614.023333	1783.557617	271.825684
-13855.592606	17614.023333	1782.552734	281.579010
-13855.592606	17614.023333	1781.547852	541.064087
-13855.592606	17614.023333	1780.542969	310.550415
-13855.592606	17614.023333	1779.538086	-252.766922
-13855.592606	17614.023333	1778.532227	-7.624048
-13855.592606	17614.023333	1777.527344	2.115113
-13855.592606	17614.023333	1776.521484	173.427521
-13855.592606	17614.023333	1775.515625	185.478821
-13855.592606	17614.023333	1774.508789	-151.674225
-13855.592606	17614.023333	1773.502930	107.405319
-13855.592606	17614.023333	1772.496094	93.307632
-13855.592606	17614.023333	1771.489258	186.034348
-13855.592606	17614.023333	1770.482422	86.452560
-13855.592606	17614.023333	1769.475586	-41.586262
-13855.592606	17614.023333	1768.467773	425.962860
-13855.592606	17614.023333	1767.460938	-74.560631
-13855.592606	17614.023333	1766.453125	96.316124
-13855.592606	17614.023333	1765.445313	-29.307487
-13855.592606	17614.023333	1764.437500	376.189545
-13855.592606	17614.023333	1763.428711	385.649017
-13855.592606	17614.023333	1762.420898	13.523801
-13855.592606	17614.023333	1761.412109	41.978058
-13855.592606	17614.023333	1760.403320	338.122955
-13855.592606	17614.023333	1759.393555	-237.527847
-13855.592606	17614.023333	1758.384766	-171.193268
-13855.592606	17614.023333	1757.375000	49.013420
-13855.592606	17614.023333	1756.366211	63.162441
-13855.592606	17614.023333	1755.356445	58.359234
-13855.592606	17614.023333	1754.345703	373.009949
-13855.592606	17614.023333	1753.335938	-36.459614
-13855.592606	17614.023333	1752.325195	17.852768
-13855.592606	17614.023333	1751.315430	119.431511
-13855.592606	17614.023333	1750.304688	-69.887566
-13855.592606	17614.023333	1749.292969	-48.737354
-13855.592606	17614.023333	1748.282227	-138.707565
-13855.592606	17614.023333	1747.270508	-23.052307
-13855.592606	17614.023333	1746.259766	45.287201
-13855.592606	17614.023333	1745.248047	-49.415844
-13855.592606	17614.023333	1744.235352	-113.391953
-13855.592606	17614.023333	1743.223633	403.558350
-13855.592606	17614.023333	1742.211914	16.034575
-13855.592606	17614.023333	1741.199219	-260.410767
-13855.592606	17614.023333	1740.186523	41.462765
-13855.592606	17614.023333	1739.173828	130.834839
-13855.592606	17614.023333	1738.160156	-58.226372
-13855.592606	17614.023333	1737.147461	-70.325897
-13855.592606	17614.023333	1736.133789	-72.999321
-13855.592606	17614.023333	1735.120117	-61.541309
-13855.592606	17614.023333	1734.106445	-222.190109
-13855.592606	17614.023333	1733.091797	112.165344
-13855.592606	17614.023333	1732.078125	-112.111046
-13855.592606	17614.023333	1731.063477	-180.812790
-13855.592606	17614.023333	1730.048828	334.683472
-13855.592606	17614.023333	1729.034180	214.077057
-13855.592606	17614.023333	1728.019531	-3.042157
-13855.592606	17614.023333	1727.003906	128.339218
-13855.592606	17614.023333	1725.988281	-277.006927
-13855.592606	17614.023333	1724.972656	-199.779770
-13855.592606	17614.023333	1723.957031	-56.713558
-13855.592606	17614.023333	1722.941406	-66.628548
-13855.592606	17614.023333	1721.924805	193.930023
-13855.592606	17614.023333	1720.909180	14.634944
-13855.592606	17614.023333	1719.892578	30.536243
-13855.592606	17614.023333	1718.875977	-61.715164
-13855.592606	17614.023333	1717.858398	5.874505
-13855.592606	17614.023333	1716.841797	87.521126
-13855.592606	17614.023333	1715.824219	-11.776126
-13855.592606	17614.023333	1714.806641	48.676701
-13855.592606	17614.023333	1713.789063	106.743011
-13855.592606	17614.023333	1712.770508	-267.243591
-13855.592606	17614.023333	1711.752930	335.456329
-13855.592606	17614.023333	1710.734375	-73.665947
-13855.592606	17614.023333	1709.715820	136.857056
-13855.592606	17614.023333	1708.697266	-89.095612
-13855.592606	17614.023333	1707.678711	-171.887070
-13855.592606	17614.023333	1706.659180	-41.238445
-13855.592606	17614.023333	1705.640625	42.449238
-13855.592606	17614.023333	1704.621094	130.784363
-13855.592606	17614.023333	1703.600586	-181.732941
-13855.592606	17614.023333	1702.581055	220.609680
-13855.592606	17614.023333	1701.561523	266.649689
-13855.592606	17614.023333	1700.541016	129.943268
-13855.592606	17614.023333	1699.520508	-144.905228
-13855.592606	17614.023333	1698.500000	161.069229
-13855.592606	17614.023333	1697.478516	-148.819351
-13855.592606	17614.023333	1696.458008	126.586807
-13855.592606	17614.023333	1695.436523	296.563934
-13855.592606	17614.023333	1694.415039	-59.998440
-13855.592606	17614.023333	1693.393555	56.122597
-13855.592606	17614.023333	1692.372070	202.599136
-13855.592606	17614.023333	1691.349609	213.374069
-13855.592606	17614.023333	1690.327148	434.563568
-13855.592606	17614.023333	1689.304688	340.081909
-13855.592606	17614.023333	1688.282227	96.050491
-13855.592606	17614.023333	1687.259766	450.297668
-13855.592606	17614.023333	1686.236328	264.727234
-13855.592606	17614.023333	1685.213867	581.419067
-13855.592606	17614.023333	1684.190430	318.813385
-13855.592606	17614.023333	1683.166016	203.402618
-13855.592606	17614.023333	1682.142578	445.200256
-13855.592606	17614.023333	1681.119141	717.239014
-13855.592606	17614.023333	1680.094727	648.465759
-13855.592606	17614.023333	1679.070313	628.711487
-13855.592606	17614.023333	1678.045898	510.984467
-13855.592606	17614.023333	1677.020508	649.844666
-13855.592606	17614.023333	1675.996094	613.758789
-13855.592606	17614.023333	1674.970703	272.280304
-13855.592606	17614.023333	1673.945313	674.478638
-13855.592606	17614.023333	1672.919922	484.588562
-13855.592606	17614.023333	1671.893555	637.275513
-13855.592606	17614.023333	1670.868164	484.728973
-13855.592606	17614.023333	1669.841797	343.885193
-13855.592606	17614.023333	1668.815430	335.825348
-13855.592606	17614.023333	1667.789063	-156.493164
-13855.592606	17614.023333	1666.761719	445.403778
-13855.592606	17614.023333	1665.735352	460.592407
-13855.592606	17614.023333	1664.708008	524.637817
-13855.592606	17614.023333	1663.680664	760.808777
-13855.592606	17614.023333	1662.653320	771.273621
-13855.592606	17614.023333	1661.625000	291.061188
-13855.592606	17614.023333	1660.597656	441.114899
-13855.592606	17614.023333	1659.569336	395.843658
-13855.592606	17614.023333	1658.541016	373.832642
-13855.592606	17614.023333	1657.512695	807.273621
-13855.592606	17614.023333	1656.483398	903.679932
-13855.592606	17614.023333	1655.455078	681.826904
-13855.592606	17614.023333	1654.425781	395.041473
-13855.592606	17614.023333	1653.396484	472.901093
-13855.592606	17614.023333	1652.366211	578.590881
-13855.592606	17614.023333	1651.336914	914.022888
-13855.592606	17614.023333	1650.306641	768.977356
-13855.592606	17614.023333	1649.276367	591.512085
-13855.592606	17614.023333	1648.246094	745.826660
-13855.592606	17614.023333	1647.215820	809.636353
-13855.592606	17614.023333	1646.185547	1019.507996
-13855.592606	17614.023333	1645.154297	809.697205
-13855.592606	17614.023333	1644.123047	488.714874
-13855.592606	17614.023333	1643.091797	770.385681
-13855.592606	17614.023333	1642.060547	729.901367
-13855.592606	17614.023333	1641.028320	633.841919
-13855.592606	17614.023333	1639.997070	980.193481
-13855.592606	17614.023333	1638.964844	1358.833984
-13855.592606	17614.023333	1637.931641	894.631104
-13855.592606	17614.023333	1636.899414	1041.692139
-13855.592606	17614.023333	1635.867188	630.975952
-13855.592606	17614.023333	1634.833984	1034.882568
-13855.592606	17614.023333	1633.800781	1087.016724
-13855.592606	17614.023333	1632.767578	773.707031
-13855.592606	17614.023333	1631.734375	929.953857
-13855.592606	17614.023333	1630.700195	1275.735718
-13855.592606	17614.023333	1629.666016	1071.250977
-13855.592606	17614.023333	1628.631836	922.324158
-13855.592606	17614.023333	1627.597656	997.600403
-13855.592606	17614.023333	1626.563477	663.955200
-13855.592606	17614.023333	1625.528320	330.456848
-13855.592606	17614.023333	1624.493164	819.213806
-13855.592606	17614.023333	1623.458008	1081.531250
-13855.592606	17614.023333	1622.422852	817.444763
-13855.592606	17614.023333	1621.387695	927.365112
-13855.592606	17614.023333	1620.351563	1106.489502
-13855.592606	17614.023333	1619.315430	1112.531982
-13855.592606	17614.023333	1618.279297	1289.277954
-13855.592606	17614.023333	1617.243164	836.388245
-13855.592606	17614.023333	1616.207031	994.714905
-13855.592606	17614.023333	1615.169922	1318.974854
-13855.592606	17614.023333	1614.132813	1163.729492
-13855.592606	17614.023333	1613.095703	1326.565308
-13855.592606	17614.023333	1612.058594	1129.951660
-13855.592606	17614.023333	1611.020508	668.535095
-13855.592606	17614.023333	1609.983398	1298.953491
-13855.592606	17614.023333	1608.945313	1015.027161
-13855.592606	17614.023333	1607.907227	1065.043945
-13855.592606	17614.023333	1606.868164	947.045410
-13855.592606	17614.023333	1605.830078	1061.536011
-13855.592606	17614.023333	1604.791016	1226.629517
-13855.592606	17614.023333	1603.751953	996.027710
-13855.592606	17614.023333	1602.712891	1299.109985
-13855.592606	17614.023333	1601.673828	1066.337769
-13855.592606	17614.023333	1600.633789	1167.033813
-13855.592606	17614.023333	1599.594727	1247.030884
-13855.592606	17614.023333	1598.554688	913.372314
-13855.592606	17614.023333	1597.513672	922.222900
-13855.592606	17614.023333	1596.473633	1287.161011
-13855.592606	17614.023333	1595.433594	1160.482422
-13855.592606	17614.023333	1594.392578	1056.849609
-13855.592606	17614.023333	1593.351563	1052.011230
-13855.592606	17614.023333	1592.310547	948.502930
-13855.592606	17614.023333	1591.268555	1182.425171
-13855.592606	17614.023333	1590.227539	1088.172363
-13855.592606	17614.023333	1589.185547	1110.991821
-13855.592606	17614.023333	1588.143555	1021.448242
-13855.592606	17614.023333	1587.100586	849.423401
-13855.592606	17614.023333	1586.058594	1165.842773
-13855.592606	17614.023333	1585.015625	1209.399170
-13855.592606	17614.023333	1583.972656	643.348694
-13855.592606	17614.023333	1582.929688	819.961243
-13855.592606	17614.023333	1581.886719	765.159241
-13855.592606	17614.023333	1580.843750	1033.373047
-13855.592606	17614.023333	1579.799805	1203.046997
-13855.592606	17614.023333	1578.755859	1251.351074
-13855.592606	17614.023333	1577.711914	622.094421
-13855.592606	17614.023333	1576.666992	732.366211
-13855.592606	17614.023333	1575.623047	1378.079468
-13855.592606	17614.023333	1574.578125	1300.642578
-13855.592606	17614.023333	1573.533203	1239.291626
-13855.592606	17614.023333	1572.488281	1628.523193
-13855.592606	17614.023333	1571.443359	1722.693237
-13855.592606	17614.023333	1570.397461	1400.824951
-13855.592606	17614.023333	1569.351563	1248.251831
-13855.592606	17614.023333	1568.305664	1216.896118
-13855.592606	17614.023333	1567.259766	1491.738892
-13855.592606	17614.023333	1566.213867	1654.593262
-13855.592606	17614.023333	1565.166992	1095.771362
-13855.592606	17614.023333	1564.120117	1429.977783
-13855.592606	17614.023333	1563.073242	1266.447388
-13855.592606	17614.023333	1562.026367	1011.727356
-13855.592606	17614.023333	1560.978516	1154.220215
-13855.592606	17614.023333	1559.930664	849.532593
-13855.592606	17614.023333	1558.883789	1005.778564
-13855.592606	17614.023333	1557.834961	806.250366
-13855.592606	17614.023333	1556.787109	973.949768
-13855.592606	17614.023333	1555.739258	792.837769
-13855.592606	17614.023333	1554.690430	908.156860
-13855.592606	17614.023333	1553.641602	786.485962
-13855.592606	17614.023333	1552.592773	958.825500
-13855.592606	17614.023333	1551.542969	803.133057
-13855.592606	17614.023333	1550.494141	699.932678
-13855.592606	17614.023333	1549.444336	1163.810669
-13855.592606	17614.023333	1548.394531	848.970703
-13855.592606	17614.023333	1547.344727	1028.229736
-13855.592606	17614.023333	1546.293945	866.127319
-13855.592606	17614.023333	1545.244141	1097.749756
-13855.592606	17614.023333	1544.193359	710.609619
-13855.592606	17614.023333	1543.142578	944.566406
-13855.592606	17614.023333	1542.090820	662.324280
-13855.592606	17614.023333	1541.040039	857.664124
-13855.592606	17614.023333	1539.988281	805.235718
-13855.592606	17614.023333	1538.936523	741.527344
-13855.592606	17614.023333	1537.884766	834.676208
-13855.592606	17614.023333	1536.833008	782.464050
-13855.592606	17614.023333	1535.780273	923.388062
-13855.592606	17614.023333	1534.727539	819.077026
-13855.592606	17614.023333	1533.674805	937.355591
-13855.592606	17614.023333	1532.622070	1362.079712
-13855.592606	17614.023333	1531.569336	867.597290
-13855.592606	17614.023333	1530.515625	861.195129
-13855.592606	17614.023333	1529.461914	369.403900
-13855.592606	17614.023333	1528.408203	370.040436
-13855.592606	17614.023333	1527.354492	513.597412
-13855.592606	17614.023333	1526.299805	684.373291
-13855.592606	17614.023333	1525.246094	612.600403
-13855.592606	17614.023333	1524.191406	912.598145
-13855.592606	17614.023333	1523.136719	455.764160
-13855.592606	17614.023333	1522.081055	889.467468
-13855.592606	17614.023333	1521.026367	666.236816
-13855.592606	17614.023333	1519.970703	545.067749
-13855.592606	17614.023333	1518.915039	261.002228
-13855.592606	17614.023333	1517.859375	146.888214
-13855.592606	17614.023333	1516.802734	428.942780
-13855.592606	17614.023333	1515.747070	262.936157
-13855.592606	17614.023333	1514.690430	348.180969
-13855.592606	17614.023333	1513.633789	342.988312
-13855.592606	17614.023333	1512.577148	-26.203981
-13855.592606	17614.023333	1511.519531	142.915176
-13855.592606	17614.023333	1510.461914	-92.577759
-13855.592606	17614.023333	1509.405273	67.584801
-13855.592606	17614.023333	1508.346680	108.015518
-13855.592606	17614.023333	1507.289063	69.426613
-13855.592606	17614.023333	1506.231445	211.617584
-13855.592606	17614.023333	1505.172852	10.587395
-13855.592606	17614.023333	1504.114258	-158.685593
-13855.592606	17614.023333	1503.055664	4.009881
-13855.592606	17614.023333	1501.996094	-318.502808
-13855.592606	17614.023333	1500.937500	444.513367
-13855.592606	17614.023333	1499.877930	-164.314606
-13855.592606	17614.023333	1498.818359	-102.938423
-13855.592606	17614.023333	1497.757813	-318.878174
-13855.592606	17614.023333	1496.698242	-419.674774
-13855.592606	17614.023333	1495.637695	18.393064
-13855.592606	17614.023333	1494.577148	-465.403992
-13855.592606	17614.023333	1493.516602	-90.432884
-13855.592606	17614.023333	1492.456055	-19.669893
-13855.592606	17614.023333	1491.394531	109.716805
-13855.592606	17614.023333	1490.333008	-116.678200
-13855.592606	17614.023333	1489.271484	-72.721848
-13855.592606	17614.023333	1488.209961	-402.378754
-13855.592606	17614.023333	1487.148438	60.378643
-13855.592606	17614.023333	1486.085938	-93.496376
-13855.592606	17614.023333	1485.023438	-242.733826
-13855.592606	17614.023333	1483.960938	33.275856
-13855.592606	17614.023333	1482.898438	93.372742
-13855.592606	17614.023333	1481.834961	142.291611
-13855.592606	17614.023333	1480.772461	-213.334885
-13855.592606	17614.023333	1479.708984	512.232239
-13855.592606	17614.023333	1478.644531	204.036301
-13855.592606	17614.023333	1477.581055	154.404877
-13855.592606	17614.023333	1476.517578	399.065033
-13855.592606	17614.023333	1475.453125	291.154297
-13855.592606	17614.023333	1474.388672	327.039520
-13855.592606	17614.023333	1473.323242	235.120071
-13855.592606	17614.023333	1472.258789	529.210999
-13855.592606	17614.023333	1471.193359	273.708649
-13855.592606	17614.023333	1470.127930	-6.079062
-13855.592606	17614.023333	1469.062500	424.742523
-13855.592606	17614.023333	1467.997070	57.591499
-13855.592606	17614.023333	1466.930664	87.566879
-13855.592606	17614.023333	1465.865234	83.596039
-13855.592606	17614.023333	1464.798828	118.228516
-13855.592606	17614.023333	1463.731445	-39.625195
-13855.592606	17614.023333	1462.665039	52.543827
-13855.592606	17614.023333	1461.597656	440.941803
-13855.592606	17614.023333	1460.530273	-4.909197
-13855.592606	17614.023333	1459.462891	414.244781
-13855.592606	17614.023333	1458.395508	158.794403
-13855.592606	17614.023333	1457.327148	77.507301
-13855.592606	17614.023333	1456.259766	416.563324
-13855.592606	17614.023333	1455.191406	245.368820
-13855.592606	17614.023333	1454.123047	166.714828
-13855.592606	17614.023333	1453.053711	439.259857
-13855.592606	17614.023333	1451.985352	347.097229
-13855.592606	17614.023333	1450.916016	593.114319
-13855.592606	17614.023333	1449.846680	440.148651
-13855.592606	17614.023333	1448.776367	116.800537
-13855.592606	17614.023333	1447.707031	361.631317
-13855.592606	17614.023333	1446.636719	442.177399
-13855.592606	17614.023333	1445.566406	359.428406
-13855.592606	17614.023333	1444.496094	247.017105
-13855.592606	17614.023333	1443.425781	311.111450
-13855.592606	17614.023333	1442.354492	469.855042
-13855.592606	17614.023333	1441.283203	357.393402
-13855.592606	17614.023333	1440.211914	228.386627
-13855.592606	17614.023333	1439.140625	229.881546
-13855.592606	17614.023333	1438.069336	487.956207
-13855.592606	17614.023333	1436.997070	322.969391
-13855.592606	17614.023333	1435.924805	217.343567
-13855.592606	17614.023333	1434.852539	177.086472
-13855.592606	17614.023333	1433.780273	97.514389
-13855.592606	17614.023333	1432.707031	213.970764
-13855.592606	17614.023333	1431.633789	220.350388
-13855.592606	17614.023333	1430.560547	57.114071
-13855.592606	17614.023333	1429.487305	199.128891
-13855.592606	17614.023333	1428.413086	246.683868
-13855.592606	17614.023333	1427.339844	-55.061089
-13855.592606	17614.023333	1426.265625	117.616791
-13855.592606	17614.023333	1425.191406	192.592255
-13855.592606	17614.023333	1424.116211	160.603836
-13855.592606	17614.023333	1423.041992	205.623322
-13855.592606	17614.023333	1421.966797	-123.333000
-13855.592606	17614.023333	1420.891602	-179.996155
-13855.592606	17614.023333	1419.816406	-37.522579
-13855.592606	17614.023333	1418.740234	86.658607
-13855.592606	17614.023333	1417.665039	-50.383923
-13855.592606	17614.023333	1416.588867	245.562149
-13855.592606	17614.023333	1415.512695	57.402100
-13855.592606	17614.023333	1414.435547	-204.886673
-13855.592606	17614.023333	1413.359375	237.627167
-13855.592606	17614.023333	1412.282227	-107.507553
-13855.592606	17614.023333	1411.205078	274.961761
-13855.592606	17614.023333	1410.127930	164.015350
-13855.592606	17614.023333	1409.049805	257.595764
-13855.592606	17614.023333	1407.972656	0.414855
-13855.592606	17614.023333	1406.894531	152.682266
-13855.592606	17614.023333	1405.816406	-16.291189
-13855.592606	17614.023333	1404.737305	392.988098
-13855.592606	17614.023333	1403.659180	308.774323
-13855.592606	17614.023333	1402.580078	301.574585
-13855.592606	17614.023333	1401.500977	-228.015472
-13855.592606	17614.023333	1400.421875	-196.875076
-13855.592606	17614.023333	1399.341797	94.048317
-13855.592606	17614.023333	1398.262695	125.543297
-13855.592606	17614.023333	1397.182617	122.223099
-13855.592606	17614.023333	1396.102539	-61.238880
-13855.592606	17614.023333	1395.021484	-69.825027
-13855.592606	17614.023333	1393.941406	64.002678
-13855.592606	17614.023333	1392.860352	204.404877
-13855.592606	17614.023333	1391.779297	136.238235
-13855.592606	17614.023333	1390.698242	148.791473
-13855.592606	17614.023333	1389.616211	109.148903
-13855.592606	17614.023333	1388.535156	66.074394
-13855.592606	17614.023333	1387.453125	-174.751221
-13855.592606	17614.023333	1386.371094	-26.538067
-13855.592606	17614.023333	1385.288086	-499.728882
-13855.592606	17614.023333	1384.206055	45.384918
-13855.592606	17614.023333	1383.123047	-229.780945
-13855.592606	17614.023333	1382.040039	-10.026702
-13855.592606	17614.023333	1380.957031	78.936272
-13855.592606	17614.023333	1379.873047	0.856915
-13855.592606	17614.023333	1378.789063	90.462120
-13855.592606	17614.023333	1377.705078	-76.295425
-13855.592606	17614.023333	1376.621094	269.724457
-13855.592606	17614.023333	1375.537109	162.603317
-13855.592606	17614.023333	1374.452148	285.492767
-13855.592606	17614.023333	1373.367188	278.541199
-13855.592606	17614.023333	1372.282227	192.861404
-13855.592606	17614.023333	1371.197266	287.726379
-13855.592606	17614.023333	1370.112305	-45.321419
-13855.592606	17614.023333	1369.026367	258.885498
-13855.592606	17614.023333	1367.940430	-23.579018
-13855.592606	17614.023333	1366.854492	-257.875610
-13855.592606	17614.023333	1365.767578	-53.129658
-13855.592606	17614.023333	1364.681641	116.908096
-13855.592606	17614.023333	1363.594727	-123.301552
-13855.592606	17614.023333	1362.507813	195.521957
-13855.592606	17614.023333	1361.419922	-165.875397
-13855.592606	17614.023333	1360.333008	-142.682404
-13855.592606	17614.023333	1359.245117	-325.851868
-13855.592606	17614.023333	1358.157227	-126.033165
-13855.592606	17614.023333	1357.069336	288.019257
-13855.592606	17614.023333	1355.981445	205.937622
-13855.592606	17614.023333	1354.892578	-181.840347
-13855.592606	17614.023333	1353.803711	90.098198
-13855.592606	17614.023333	1352.714844	-35.423096
-13855.592606	17614.023333	1351.625000	-120.728119
-13855.592606	17614.023333	1350.536133	197.501129
-13855.592606	17614.023333	1349.446289	195.000290
-13855.592606	17614.023333	1348.356445	203.506134
-13855.592606	17614.023333	1347.266602	179.307144
-13855.592606	17614.023333	1346.175781	293.372620
-13855.592606	17614.023333	1345.085938	-95.253387
-13855.592606	17614.023333	1343.995117	59.083172
-13855.592606	17614.023333	1342.903320	465.893555
-13855.592606	17614.023333	1341.812500	411.580872
-13855.592606	17614.023333	1340.720703	137.682297
-13855.592606	17614.023333	1339.629883	3.538209
-13855.592606	17614.023333	1338.538086	212.330490
-13855.592606	17614.023333	1337.445313	43.218822
-13855.592606	17614.023333	1336.353516	12.359695
-13855.592606	17614.023333	1335.260742	117.763390
-13855.592606	17614.023333	1334.167969	151.958984
-13855.592606	17614.023333	1333.075195	521.184082
-13855.592606	17614.023333	1331.981445	624.338257
-13855.592606	17614.023333	1330.888672	217.886154
-13855.592606	17614.023333	1329.794922	521.232971
-13855.592606	17614.023333	1328.701172	293.458282
-13855.592606	17614.023333	1327.606445	331.957947
-13855.592606	17614.023333	1326.512695	477.352478
-13855.592606	17614.023333	1325.417969	564.750488
-13855.592606	17614.023333	1324.323242	81.512749
-13855.592606	17614.023333	1323.227539	407.214813
-13855.592606	17614.023333	1322.132813	670.183899
-13855.592606	17614.023333	1321.037109	488.447021
-13855.592606	17614.023333	1319.941406	311.602905
-13855.592606	17614.023333	1318.845703	384.967255
-13855.592606	17614.023333	1317.750000	542.320679
-13855.592606	17614.023333	1316.653320	245.000687
-13855.592606	17614.023333	1315.556641	271.387146
-13855.592606	17614.023333	1314.459961	353.471527
-13855.592606	17614.023333	1313.363281	214.206284
-13855.592606	17614.023333	1312.265625	276.128235
-13855.592606	17614.023333	1311.167969	-3.232428
-13855.592606	17614.023333	1310.070313	100.852043
-13855.592606	17614.023333	1308.972656	142.867279
-13855.592606	17614.023333	1307.874023	-201.225922
-13855.592606	17614.023333	1306.776367	102.636971
-13855.592606	17614.023333	1305.677734	48.341206
-13855.592606	17614.023333	1304.579102	-219.210236
-13855.592606	17614.023333	1303.479492	-44.120911
-13855.592606	17614.023333	1302.380859	-112.639008
-13855.592606	17614.023333	1301.281250	-55.088058
-13855.592606	17614.023333	1300.181641	127.626198
-13855.592606	17614.023333	1299.081055	176.527267
-13855.592606	17614.023333	1297.981445	-177.416458
-13855.592606	17614.023333	1296.880859	-147.116226
-13855.592606	17614.023333	1295.780273	44.149090
-13855.592606	17614.023333	1294.679688	-77.759933
-13855.592606	17614.023333	1293.578125	16.516253
-13855.592606	17614.023333	1292.476563	161.245560
-13855.592606	17614.023333	1291.375000	-110.670441
-13855.592606	17614.023333	1290.273438	-37.425835
-13855.592606	17614.023333	1289.171875	79.847755
-13855.592606	17614.023333	1288.069336	-115.474403
-13855.592606	17614.023333	1286.966797	-3.651863
-13855.592606	17614.023333	1285.864258	-422.163879
-13855.592606	17614.023333	1284.761719	-226.411621
-13855.592606	17614.023333	1283.658203	-365.912354
-13855.592606	17614.023333	1282.554688	-175.982285
-13855.592606	17614.023333	1281.451172	92.526230
-13855.592606	17614.023333	1280.347656	227.637833
-13855.592606	17614.023333	1279.244141	-173.796692
-13855.592606	17614.023333	1278.139648	-177.749588
-13855.592606	17614.023333	1277.035156	-144.009857
-13855.592606	17614.023333	1275.930664	-204.904434
-13855.592606	17614.023333	1274.825195	-296.331329
-13855.592606	17614.023333	1273.720703	-343.404999
-13855.592606	17614.023333	1272.615234	-122.932396
-13855.592606	17614.023333	1271.508789	-286.381073
-13855.592606	17614.023333	1270.403320	-266.121368
-13855.592606	17614.023333	1269.297852	-152.143097
-13855.592606	17614.023333	1268.191406	-119.924286
-13855.592606	17614.023333	1267.084961	-144.285278
-13855.592606	17614.023333	1265.977539	115.583000
-13855.592606	17614.023333	1264.871094	-196.350006
-13855.592606	17614.023333	1263.763672	-31.315029
-13855.592606	17614.023333	1262.656250	0.158622
-13855.592606	17614.023333	1261.548828	-268.716919
-13855.592606	17614.023333	1260.440430	-44.284931
-13855.592606	17614.023333	1259.333008	134.109573
-13855.592606	17614.023333	1258.224609	-185.848099
-13855.592606	17614.023333	1257.115234	32.534683
-13855.592606	17614.023333	1256.006836	-68.040253
-13855.592606	17614.023333	1254.897461	-159.164917
-13855.592606	17614.023333	1253.788086	262.604004
-13855.592606	17614.023333	1252.678711	214.390778
-13855.592606	17614.023333	1251.569336	-183.297531
-13855.592606	17614.023333	1250.458984	49.637211
-13855.592606	17614.023333	1249.349609	145.592209
-13855.592606	17614.023333	1248.239258	52.614082
-13855.592606	17614.023333	1247.127930	54.170822
-13855.592606	17614.023333	1246.017578	45.075699
-13855.592606	17614.023333	1244.906250	195.133102
-13855.592606	17614.023333	1243.794922	19.565701
-13855.592606	17614.023333	1242.683594	144.191147
-13855.592606	17614.023333	1241.571289	-81.132736
-13855.592606	17614.023333	1240.459961	147.583221
-13855.592606	17614.023333	1239.347656	14.596439
-13855.592606	17614.023333	1238.234375	-32.472733
-13855.592606	17614.023333	1237.122070	80.122734
-13855.592606	17614.023333	1236.008789	145.403885
-13855.592606	17614.023333	1234.896484	275.762329
-13855.592606	17614.023333	1233.782227	419.862701
-13855.592606	17614.023333	1232.668945	128.529221
-13855.592606	17614.023333	1231.555664	113.664558
-13855.592606	17614.023333	1230.441406	36.110867
-13855.592606	17614.023333	1229.327148	215.714035
-13855.592606	17614.023333	1228.211914	234.187256
-13855.592606	17614.023333	1227.097656	92.186058
-13855.592606	17614.023333	1225.982422	-49.208237
-13855.592606	17614.023333	1224.867188	-71.298058
-13855.592606	17614.023333	1223.751953	-47.296993
-13855.592606	17614.023333	1222.635742	342.205353
-13855.592606	17614.023333	1221.520508	143.585373
-13855.592606	17614.023333	1220.404297	-24.204647
-13855.592606	17614.023333	1219.287109	157.457611
-13855.592606	17614.023333	1218.170898	-87.340347
-13855.592606	17614.023333	1217.053711	104.689552
-13855.592606	17614.023333	1215.936523	68.467697
-13855.592606	17614.023333	1214.819336	204.745407
-13855.592606	17614.023333	1213.702148	84.834526
-13855.592606	17614.023333	1212.583984	134.125717
-13855.592606	17614.023333	1211.465820	405.410583
-13855.592606	17614.023333	1210.347656	136.897461
-13855.592606	17614.023333	1209.229492	127.988091
-13855.592606	17614.023333	1208.110352	-169.733627
-13855.592606	17614.023333	1206.992188	106.757889
-13855.592606	17614.023333	1205.873047	117.189674
-13855.592606	17614.023333	1204.752930	200.537613
-13855.592606	17614.023333	1203.633789	90.069618
-13855.592606	17614.023333	1202.513672	82.186417
-13855.592606	17614.023333	1201.393555	222.181854
-13855.592606	17614.023333	1200.273438	238.713531
-13855.592606	17614.023333	1199.152344	171.300735
-13855.592606	17614.023333	1198.032227	116.938278
-13855.592606	17614.023333	1196.911133	54.233627
-13855.592606	17614.023333	1195.790039	125.062836
-13855.592606	17614.023333	1194.667969	72.257568
-13855.592606	17614.023333	1193.545898	271.113861
-13855.592606	17614.023333	1192.424805	205.715027
-13855.592606	17614.023333	1191.301758	87.939789
-13855.592606	17614.023333	1190.179688	-25.818247
-13855.592606	17614.023333	1189.056641	-0.545799
-13855.592606	17614.023333	1187.933594	398.883453
-13855.592606	17614.023333	1186.810547	283.297119
-13855.592606	17614.023333	1185.687500	95.661438
-13855.592606	17614.023333	1184.563477	214.286331
-13855.592606	17614.023333	1183.440430	-46.955444
-13855.592606	17614.023333	1182.316406	133.202881
-13855.592606	17614.023333	1181.191406	59.012619
-13855.592606	17614.023333	1180.067383	294.702271
-13855.592606	17614.023333	1178.942383	68.454391
-13855.592606	17614.023333	1177.817383	34.467972
-13855.592606	17614.023333	1176.692383	-81.025055
-13855.592606	17614.023333	1175.566406	-84.541237
-13855.592606	17614.023333	1174.440430	125.931046
-13855.592606	17614.023333	1173.314453	23.326883
-13855.592606	17614.023333	1172.188477	122.622383
-13855.592606	17614.023333	1171.062500	182.528030
-13855.592606	17614.023333	1169.935547	189.306396
-13855.592606	17614.023333	1168.808594	45.684177
-13855.592606	17614.023333	1167.681641	-142.553894
-13855.592606	17614.023333	1166.553711	-65.832878
-13855.592606	17614.023333	1165.426758	148.840561
-13855.592606	17614.023333	1164.298828	-26.105942
-13855.592606	17614.023333	1163.170898	-157.650513
-13855.592606	17614.023333	1162.041992	7.748424
-13855.592606	17614.023333	1160.914063	5.184219
-13855.592606	17614.023333	1159.785156	153.908356
-13855.592606	17614.023333	1158.656250	236.708572
-13855.592606	17614.023333	1157.526367	-129.973328
-13855.592606	17614.023333	1156.397461	-206.397125
-13855.592606	17614.023333	1155.267578	-111.940590
-13855.592606	17614.023333	1154.137695	181.715485
-13855.592606	17614.023333	1153.006836	-76.612274
-13855.592606	17614.023333	1151.876953	-5.683218
-13855.592606	17614.023333	1150.746094	-148.350082
-13855.592606	17614.023333	1149.615234	-187.887222
-13855.592606	17614.023333	1148.484375	51.439430
-13855.592606	17614.023333	1147.352539	-127.983383
-13855.592606	17614.023333	1146.220703	-212.861481
-13855.592606	17614.023333	1145.088867	-179.306488
-13855.592606	17614.023333	1143.957031	-329.603851
-13855.592606	17614.023333	1142.825195	-427.511658
-13855.592606	17614.023333	1141.692383	-357.524261
-13855.592606	17614.023333	1140.559570	-314.294434
-13855.592606	17614.023333	1139.426758	-485.591980
-13855.592606	17614.023333	1138.292969	-363.360626
-13855.592606	17614.023333	1137.159180	-15.770513
-13855.592606	17614.023333	1136.025391	-320.300415
-13855.592606	17614.023333	1134.891602	-149.204498
-13855.592606	17614.023333	1133.757813	17.186974
-13855.592606	17614.023333	1132.623047	140.851913
-13855.592606	17614.023333	1131.488281	78.778664
-13855.592606	17614.023333	1130.353516	-66.325981
-13855.592606	17614.023333	1129.217773	-10.275211
-13855.592606	17614.023333	1128.083008	-234.806534
-13855.592606	17614.023333	1126.947266	-55.573559
-13855.592606	17614.023333	1125.811523	167.164291
-13855.592606	17614.023333	1124.674805	39.003757
-13855.592606	17614.023333	1123.539063	-175.128113
-13855.592606	17614.023333	1122.402344	259.950562
-13855.592606	17614.023333	1121.265625	-248.495895
-13855.592606	17614.023333	1120.127930	-205.988174
-13855.592606	17614.023333	1118.990234	20.968590
-13855.592606	17614.023333	1117.853516	299.879242
-13855.592606	17614.023333	1116.714844	198.092056
-13855.592606	17614.023333	1115.577148	297.248779
-13855.592606	17614.023333	1114.439453	73.613815
-13855.592606	17614.023333	1113.300781	135.137009
-13855.592606	17614.023333	1112.162109	25.503004
-13855.592606	17614.023333	1111.022461	62.391972
-13855.592606	17614.023333	1109.883789	97.033134
-13855.592606	17614.023333	1108.744141	-77.976822
-13855.592606	17614.023333	1107.604492	240.119308
-13855.592606	17614.023333	1106.463867	237.583496
-13855.592606	17614.023333	1105.324219	184.805603
-13855.592606	17614.023333	1104.183594	233.010818
-13855.592606	17614.023333	1103.042969	409.007355
-13855.592606	17614.023333	1101.902344	218.328400
-13855.592606	17614.023333	1100.760742	292.645844
-13855.592606	17614.023333	1099.619141	173.520035
-13855.592606	17614.023333	1098.477539	320.640472
-13855.592606	17614.023333	1097.335938	297.862579
-13855.592606	17614.023333	1096.193359	7.690106
-13855.592606	17614.023333	1095.051758	342.719086
-13855.592606	17614.023333	1093.909180	488.331879
-13855.592606	17614.023333	1092.765625	307.202240
-13855.592606	17614.023333	1091.623047	413.553467
-13855.592606	17614.023333	1090.479492	176.912186
-13855.592606	17614.023333	1089.335938	249.433090
-13855.592606	17614.023333	1088.192383	282.586945
-13855.592606	17614.023333	1087.047852	338.742279
-13855.592606	17614.023333	1085.903320	351.929047
-13855.592606	17614.023333	1084.758789	330.700012
-13855.592606	17614.023333	1083.614258	113.846252
-13855.592606	17614.023333	1082.469727	30.115934
-13855.592606	17614.023333	1081.324219	240.871506
-13855.592606	17614.023333	1080.178711	203.100174
-13855.592606	17614.023333	1079.033203	173.335281
-13855.592606	17614.023333	1077.886719	249.193024
-13855.592606	17614.023333	1076.740234	254.168640
-13855.592606	17614.023333	1075.593750	406.650909
-13855.592606	17614.023333	1074.447266	-170.444000
-13855.592606	17614.023333	1073.300781	322.040283
-13855.592606	17614.023333	1072.153320	372.666992
-13855.592606	17614.023333	1071.005859	340.728546
-13855.592606	17614.023333	1069.858398	77.633278
-13855.592606	17614.023333	1068.709961	126.715790
-13855.592606	17614.023333	1067.561523	318.922974
-13855.592606	17614.023333	1066.413086	504.524506
-13855.592606	17614.023333	1065.264648	380.366302
-13855.592606	17614.023333	1064.116211	224.108673
-13855.592606	17614.023333	1062.966797	-10.113258
-13855.592606	17614.023333	1061.817383	498.550049
-13855.592606	17614.023333	1060.667969	130.559723
-13855.592606	17614.023333	1059.517578	173.580017
-13855.592606	17614.023333	1058.368164	309.058380
-13855.592606	17614.023333	1057.217773	193.231308
-13855.592606	17614.023333	1056.067383	563.417358
-13855.592606	17614.023333	1054.916016	376.725891
-13855.592606	17614.023333	1053.764648	295.460052
-13855.592606	17614.023333	1052.613281	328.043854
-13855.592606	17614.023333	1051.461914	348.454132
-13855.592606	17614.023333	1050.310547	349.368835
-13855.592606	17614.023333	1049.158203	355.803375
-13855.592606	17614.023333	1048.005859	-36.669338
-13855.592606	17614.023333	1046.853516	89.284927
-13855.592606	17614.023333	1045.700195	125.796654
-13855.592606	17614.023333	1044.547852	131.941574
-13855.592606	17614.023333	1043.394531	91.431511
-13855.592606	17614.023333	1042.240234	159.391586
-13855.592606	17614.023333	1041.086914	99.022850
-13855.592606	17614.023333	1039.932617	585.281006
-13855.592606	17614.023333	1038.778320	365.790100
-13855.592606	17614.023333	1037.624023	335.298584
-13855.592606	17614.023333	1036.469727	455.759827
-13855.592606	17614.023333	1035.314453	399.530487
-13855.592606	17614.023333	1034.159180	644.256348
-13855.592606	17614.023333	1033.003906	519.597961
-13855.592606	17614.023333	1031.847656	576.189087
-13855.592606	17614.023333	1030.692383	930.870422
-13855.592606	17614.023333	1029.536133	866.942444
-13855.592606	17614.023333	1028.378906	840.969849
-13855.592606	17614.023333	1027.222656	337.010345
-13855.592606	17614.023333	1026.065430	425.879822
-13855.592606	17614.023333	1024.908203	453.445190
-13855.592606	17614.023333	1023.750977	128.505692
-13855.592606	17614.023333	1022.593750	340.264771
-13855.592606	17614.023333	1021.435547	328.787476
-13855.592606	17614.023333	1020.277344	163.151917
-13855.592606	17614.023333	1019.119141	-140.789963
-13855.592606	17614.023333	1017.959961	113.849045
-13855.592606	17614.023333	1016.800781	-28.247358
-13855.592606	17614.023333	1015.641602	362.710266
-13855.592606	17614.023333	1014.482422	306.862915
-13855.592606	17614.023333	1013.323242	252.839828
-13855.592606	17614.023333	1012.163086	105.451859
-13855.592606	17614.023333	1011.002930	-101.906097
-13855.592606	17614.023333	1009.842773	129.518280
-13855.592606	17614.023333	1008.681641	-99.569756
-13855.592606	17614.023333	1007.520508	236.574417
-13855.592606	17614.023333	1006.359375	-87.031227
-13855.592606	17614.023333	1005.198242	-61.079681
-13855.592606	17614.023333	1004.037109	318.536865
-13855.592606	17614.023333	1002.875000	719.175781
-13855.592606	17614.023333	1001.712891	335.527283
-13855.592606	17614.023333	1000.550781	634.120972
-13855.592606	17614.023333	999.387695	193.671646
-13855.592606	17614.023333	998.224609	281.244537
-13855.592606	17614.023333	997.061523	230.179871
-13855.592606	17614.023333	995.898438	-109.650833
-13855.592606	17614.023333	994.734375	-78.435410
-13855.592606	17614.023333	993.571289	126.294708
-13855.592606	17614.023333	992.407227	-65.617783
-13855.592606	17614.023333	991.242188	27.796133
-13855.592606	17614.023333	990.078125	197.540421
-13855.592606	17614.023333	988.913086	-101.040520
-13855.592606	17614.023333	987.748047	217.911957
-13855.592606	17614.023333	986.583008	159.175598
-13855.592606	17614.023333	985.416992	-7.570542
-13855.592606	17614.023333	984.250977	109.237381
-13855.592606	17614.023333	983.084961	123.527489
-13855.592606	17614.023333	981.918945	-11.229115
-13855.592606	17614.023333	980.751953	-15.662101
-13855.592606	17614.023333	979.584961	24.052271
-13855.592606	17614.023333	978.417969	-18.784824
-13855.592606	17614.023333	977.250977	8.299660
-13855.592606	17614.023333	976.083008	245.670059
-13855.592606	17614.023333	974.915039	83.847519
-13855.592606	17614.023333	973.747070	-69.773041
-13855.592606	17614.023333	972.579102	-169.472488
-13855.592606	17614.023333	971.410156	35.127064
-13855.592606	17614.023333	970.242188	-17.408705
-13855.592606	17614.023333	969.072266	-29.909939
-13855.592606	17614.023333	967.903320	80.049980
-13855.592606	17614.023333	966.733398	-206.502274
-13855.592606	17614.023333	965.563477	-129.553101
-13855.592606	17614.023333	964.393555	85.231842
-13855.592606	17614.023333	963.223633	211.286530
-13855.592606	17614.023333	962.052734	-61.886429
-13855.592606	17614.023333	960.881836	-139.046768
-13855.592606	17614.023333	959.710938	-8.848412
-13855.592606	17614.023333	958.540039	8.111346
-13855.592606	17614.023333	957.368164	14.461941
-13855.592606	17614.023333	956.196289	-17.124611
-13855.592606	17614.023333	955.024414	-121.687012
-13855.592606	17614.023333	953.851563	165.781036
-13855.592606	17614.023333	952.679688	186.851959
-13855.592606	17614.023333	951.506836	181.338760
-13855.592606	17614.023333	950.333984	357.435028
-13855.592606	17614.023333	949.160156	83.908714
-13855.592606	17614.023333	947.986328	26.498365
-13855.592606	17614.023333	946.812500	-81.098389
-13855.592606	17614.023333	945.638672	1.532852
-13855.592606	17614.023333	944.464844	-45.472820
-13855.592606	17614.023333	943.290039	-28.056644
-13855.592606	17614.023333	942.115234	80.479080
-13855.592606	17614.023333	940.940430	142.468674
-13855.592606	17614.023333	939.764648	-59.281174
-13855.592606	17614.023333	938.588867	-12.088290
-13855.592606	17614.023333	937.413086	46.313248
-13855.592606	17614.023333	936.237305	-2.642653
-13855.592606	17614.023333	935.060547	-62.520489
-13855.592606	17614.023333	933.883789	-21.823574
-13855.592606	17614.023333	932.707031	20.885883
-13855.592606	17614.023333	931.530273	-25.860577
-13855.592606	17614.023333	930.352539	-203.524033
-13855.592606	17614.023333	929.175781	33.170055
-13855.592606	17614.023333	927.998047	-57.228127
-13855.592606	17614.023333	926.819336	-186.962524
-13855.592606	17614.023333	925.641602	110.634132
-13855.592606	17614.023333	924.462891	-34.296349
-13855.592606	17614.023333	923.284180	-327.440704
-13855.592606	17614.023333	922.104492	87.681175
-13855.592606	17614.023333	920.924805	53.847450
-13855.592606	17614.023333	919.746094	62.527733
-13855.592606	17614.023333	919.551758	123.794632
-13855.592606	17614.023333	918.386719	-62.631447
-13855.592606	17614.023333	917.220703	-316.492920
-13855.592606	17614.023333	916.054688	-158.859253
-13855.592606	17614.023333	914.887695	-73.123520
-13855.592606	17614.023333	913.721680	106.110413
-13855.592606	17614.023333	912.554688	119.921379
-13855.592606	17614.023333	911.387695	109.777084
-13855.592606	17614.023333	910.220703	-17.810564
-13855.592606	17614.023333	909.052734	-221.457428
-13855.592606	17614.023333	907.885742	100.986702
-13855.592606	17614.023333	906.717773	-335.184692
-13855.592606	17614.023333	905.548828	-601.711792
-13855.592606	17614.023333	904.380859	-129.551651
-13855.592606	17614.023333	903.211914	55.706219
-13855.592606	17614.023333	902.042969	-130.456696
-13855.592606	17614.023333	900.874023	89.422646
-13855.592606	17614.023333	899.704102	-198.724960
-13855.592606	17614.023333	898.535156	101.331070
-13855.592606	17614.023333	897.365234	54.096703
-13855.592606	17614.023333	896.194336	-60.379158
-13855.592606	17614.023333	895.024414	18.188820
-13855.592606	17614.023333	893.853516	-154.820450
-13855.592606	17614.023333	892.682617	-210.710541
-13855.592606	17614.023333	891.511719	-448.668854
-13855.592606	17614.023333	890.340820	63.253899
-13855.592606	17614.023333	889.168945	210.962952
-13855.592606	17614.023333	887.997070	-206.782730
-13855.592606	17614.023333	886.825195	-150.080750
-13855.592606	17614.023333	885.653320	23.504532
-13855.592606	17614.023333	884.480469	134.225861
-13855.592606	17614.023333	883.307617	216.744614
-13855.592606	17614.023333	882.134766	184.517853
-13855.592606	17614.023333	880.961914	11.656943
-13855.592606	17614.023333	879.788086	74.627457
-13855.592606	17614.023333	878.614258	-236.583023
-13855.592606	17614.023333	877.440430	-221.193253
-13855.592606	17614.023333	876.266602	53.581966
-13855.592606	17614.023333	875.091797	-6.774341
-13855.592606	17614.023333	873.916992	222.432480
-13855.592606	17614.023333	872.742188	120.979774
-13855.592606	17614.023333	871.567383	-17.171545
-13855.592606	17614.023333	870.391602	181.609909
-13855.592606	17614.023333	869.215820	47.786419
-13855.592606	17614.023333	868.040039	201.102081
-13855.592606	17614.023333	866.864258	-38.462673
-13855.592606	17614.023333	865.687500	71.617973
-13855.592606	17614.023333	864.510742	-157.068649
-13855.592606	17614.023333	863.333984	34.912933
-13855.592606	17614.023333	862.157227	-27.667814
-13855.592606	17614.023333	860.979492	207.294907
-13855.592606	17614.023333	859.802734	-70.891212
-13855.592606	17614.023333	858.625000	101.442497
-13855.592606	17614.023333	857.446289	148.719711
-13855.592606	17614.023333	856.268555	86.086098
-13855.592606	17614.023333	855.089844	-107.920654
-13855.592606	17614.023333	853.911133	3.907961
-13855.592606	17614.023333	852.731445	-123.297028
-13855.592606	17614.023333	851.552734	-114.872261
-13855.592606	17614.023333	850.373047	-199.002884
-13855.592606	17614.023333	849.193359	-87.326035
-13855.592606	17614.023333	848.013672	187.769485
-13855.592606	17614.023333	846.833008	69.158684
-13855.592606	17614.023333	845.652344	172.050186
-13855.592606	17614.023333	844.471680	-38.997585
-13855.592606	17614.023333	843.291016	-166.154724
-13855.592606	17614.023333	842.110352	-63.345226
-13855.592606	17614.023333	840.928711	30.809717
-13855.592606	17614.023333	839.747070	-182.268341
-13855.592606	17614.023333	838.564453	-75.280693
-13855.592606	17614.023333	837.382813	227.026230
-13855.592606	17614.023333	836.200195	-41.841843
-13855.592606	17614.023333	835.017578	116.489845
-13855.592606	17614.023333	833.834961	298.335510
-13855.592606	17614.023333	832.651367	-315.855865
-13855.592606	17614.023333	831.467773	-134.039597
-13855.592606	17614.023333	830.284180	-106.727646
-13855.592606	17614.023333	829.100586	-62.301090
-13855.592606	17614.023333	827.916992	-62.934006
-13855.592606	17614.023333	826.732422	-232.898285
-13855.592606	17614.023333	825.547852	36.446575
-13855.592606	17614.023333	824.363281	-24.262976
-13855.592606	17614.023333	823.177734	13.556564
-13855.592606	17614.023333	821.992188	261.194183
-13855.592606	17614.023333	820.806641	89.069504
-13855.592606	17614.023333	819.621094	88.233063
-13855.592606	17614.023333	818.434570	-347.067688
-13855.592606	17614.023333	817.249023	127.134354
-13855.592606	17614.023333	816.062500	89.842171
-13855.592606	17614.023333	814.875000	170.178436
-13855.592606	17614.023333	813.688477	-104.520447
-13855.592606	17614.023333	812.500977	-73.407928
-13855.592606	17614.023333	811.313477	156.443832
-13855.592606	17614.023333	810.125977	245.128250
-13855.592606	17614.023333	808.937500	410.667969
-13855.592606	17614.023333	807.749023	-15.598982
-13855.592606	17614.023333	806.560547	147.727478
-13855.592606	17614.023333	805.372070	276.791565
-13855.592606	17614.023333	804.182617	-42.532677
-13855.592606	17614.023333	802.994141	252.935364
-13855.592606	17614.023333	801.803711	-83.382790
-13855.592606	17614.023333	800.614258	196.977402
-13855.592606	17614.023333	799.424805	112.436821
-13855.592606	17614.023333	798.234375	418.170166
-13855.592606	17614.023333	797.043945	252.535217
-13855.592606	17614.023333	795.852539	-8.986736
-13855.592606	17614.023333	794.662109	15.150486
-13855.592606	17614.023333	793.470703	199.060120
-13855.592606	17614.023333	792.279297	86.732880
-13855.592606	17614.023333	791.087891	208.713348
-13855.592606	17614.023333	789.895508	-101.679466
-13855.592606	17614.023333	788.703125	-73.458672
-13855.592606	17614.023333	787.510742	216.535553
-13855.592606	17614.023333	786.318359	67.966911
-13855.592606	17614.023333	785.125000	-10.359369
-13855.592606	17614.023333	783.931641	-112.089088
-13855.592606	17614.023333	782.738281	-120.234314
-13855.592606	17614.023333	781.544922	-119.908661
-13855.592606	17614.023333	780.350586	237.546478
-13855.592606	17614.023333	779.156250	127.196350
-13855.592606	17614.023333	777.961914	-76.650772
-13855.592606	17614.023333	776.767578	67.987190
-13855.592606	17614.023333	775.572266	-299.403168
-13855.592606	17614.023333	774.376953	-154.854080
-13855.592606	17614.023333	773.181641	140.348938
-13855.592606	17614.023333	771.986328	-23.153807
-13855.592606	17614.023333	770.790039	167.821426
-13855.592606	17614.023333	769.593750	365.039398
-13855.592606	17614.023333	768.397461	286.331818
-13855.592606	17614.023333	767.201172	44.286278
-13855.592606	17614.023333	766.003906	188.267990
-13855.592606	17614.023333	764.806641	45.911037
-13855.592606	17614.023333	763.609375	124.029556
-13855.592606	17614.023333	762.412109	263.533386
-13855.592606	17614.023333	761.213867	318.182220
-13855.592606	17614.023333	760.015625	-127.198387
-13855.592606	17614.023333	758.817383	37.555389
-13855.592606	17614.023333	757.618164	49.734337
-13855.592606	17614.023333	756.419922	97.847755
-13855.592606	17614.023333	755.220703	95.098602
-13855.592606	17614.023333	754.021484	128.279510
-13855.592606	17614.023333	752.821289	114.854980
-13855.592606	17614.023333	751.621094	120.428276
-13855.592606	17614.023333	750.420898	-5.174696
-13855.592606	17614.023333	749.220703	-52.536201
-13855.592606	17614.023333	748.020508	242.552505
-13855.592606	17614.023333	746.819336	273.270630
-13855.592606	17614.023333	745.618164	126.418877
-13855.592606	17614.023333	744.416992	304.942383
-13855.592606	17614.023333	743.214844	105.244835
-13855.592606	17614.023333	742.012695	99.871269
-13855.592606	17614.023333	740.810547	-36.457806
-13855.592606	17614.023333	739.608398	338.079681
-13855.592606	17614.023333	738.406250	-104.369919
-13855.592606	17614.023333	737.203125	174.971909
-13855.592606	17614.023333	736.000000	137.699265
-13855.592606	17614.023333	734.795898	41.334766
-13855.592606	17614.023333	733.592773	166.381546
-13855.592606	17614.023333	732.388672	400.959198
-13855.592606	17614.023333	731.184570	186.406158
-13855.592606	17614.023333	729.979492	104.664841
-13855.592606	17614.023333	728.775391	-19.235863
-13855.592606	17614.023333	727.570313	84.374123
-13855.592606	17614.023333	726.365234	59.417446
-13855.592606	17614.023333	725.160156	32.313969
-13855.592606	17614.023333	723.954102	135.697357
-13855.592606	17614.023333	722.748047	28.504105
-13855.592606	17614.023333	721.541992	-106.050980
-13855.592606	17614.023333	720.334961	-108.053055
-13855.592606	17614.023333	719.128906	-95.384590
-13855.592606	17614.023333	717.921875	13.971600
-13855.592606	17614.023333	716.714844	310.360443
-13855.592606	17614.023333	715.506836	34.786549
-13855.592606	17614.023333	714.298828	112.366432
-13855.592606	17614.023333	713.090820	-167.358810
-13855.592606	17614.023333	711.882813	-199.117615
-13855.592606	17614.023333	710.674805	-37.675476
-13855.592606	17614.023333	709.465820	-40.151020
-13855.592606	17614.023333	708.256836	-126.655930
-13855.592606	17614.023333	707.047852	317.891968
-13855.592606	17614.023333	705.837891	-136.016617
-13855.592606	17614.023333	704.627930	-235.188538
-13855.592606	17614.023333	703.417969	-30.193882
-13855.592606	17614.023333	702.208008	-81.210190
-13855.592606	17614.023333	700.998047	-107.092682
-13855.592606	17614.023333	699.787109	-191.714081
-13855.592606	17614.023333	698.576172	86.257759
-13855.592606	17614.023333	697.364258	-6.848752
-13855.592606	17614.023333	696.153320	-45.494308
-13855.592606	17614.023333	694.941406	-94.645401
-13855.592606	17614.023333	693.729492	-259.008728
-13855.592606	17614.023333	692.516602	-23.433702
-13855.592606	17614.023333	691.304688	121.978760
-13855.592606	17614.023333	690.091797	99.847855
-13855.592606	17614.023333	688.878906	494.084290
-13855.592606	17614.023333	687.665039	450.871826
-13855.592606	17614.023333	686.451172	296.773621
-13855.592606	17614.023333	685.237305	259.799927
-13855.592606	17614.023333	684.023438	519.679749
-13855.592606	17614.023333	682.809570	457.499481
-13855.592606	17614.023333	681.594727	192.587372
-13855.592606	17614.023333	680.379883	364.426788
-13855.592606	17614.023333	679.165039	327.252686
-13855.592606	17614.023333	677.949219	421.631470
-13855.592606	17614.023333	676.733398	403.169739
-13855.592606	17614.023333	675.517578	-32.856480
-13855.592606	17614.023333	674.301758	-301.764893
-13855.592606	17614.023333	673.084961	132.641769
-13855.592606	17614.023333	671.869141	185.025726
-13855.592606	17614.023333	670.651367	283.240936
-13855.592606	17614.023333	669.434570	358.432953
-13855.592606	17614.023333	668.216797	291.774811
-13855.592606	17614.023333	667.000000	154.231796
-13855.592606	17614.023333	665.781250	70.899811
-13855.592606	17614.023333	664.563477	162.596725
-13855.592606	17614.023333	663.344727	102.141891
-13855.592606	17614.023333	662.125977	177.062469
-13855.592606	17614.023333	660.907227	445.578094
-13855.592606	17614.023333	659.688477	64.385033
-13855.592606	17614.023333	658.468750	378.539795
-13855.592606	17614.023333	657.249023	349.157623
-13855.592606	17614.023333	656.029297	117.940704
-13855.592606	17614.023333	654.808594	448.437744
-13855.592606	17614.023333	653.587891	204.762161
-13855.592606	17614.023333	652.367188	185.727524
-13855.592606	17614.023333	651.146484	310.114197
-13855.592606	17614.023333	649.924805	357.525635
-13855.592606	17614.023333	648.704102	261.510193
-13855.592606	17614.023333	647.482422	-48.470451
-13855.592606	17614.023333	646.259766	-90.395660
-13855.592606	17614.023333	645.037109	328.693970
-13855.592606	17614.023333	643.815430	164.170090
-13855.592606	17614.023333	642.591797	-4.452301
-13855.592606	17614.023333	641.369141	90.548630
-13855.592606	17614.023333	640.145508	-233.635040
-13855.592606	17614.023333	638.921875	425.598877
-13855.592606	17614.023333	637.698242	138.786850
-13855.592606	17614.023333	636.474609	210.816925
-13855.592606	17614.023333	635.250000	44.394218
-13855.592606	17614.023333	634.025391	305.009705
-13855.592606	17614.023333	632.800781	289.899139
-13855.592606	17614.023333	631.575195	355.589996
-13855.592606	17614.023333	630.349609	62.897484
-13855.592606	17614.023333	629.124023	302.561371
-13855.592606	17614.023333	627.898438	74.186653
-13855.592606	17614.023333	626.671875	106.738327
-13855.592606	17614.023333	625.445313	230.342285
-13855.592606	17614.023333	624.218750	300.097717
-13855.592606	17614.023333	622.992188	67.791351
-13855.592606	17614.023333	621.764648	81.720299
-13855.592606	17614.023333	620.537109	176.297607
-13855.592606	17614.023333	619.309570	-80.621574
-13855.592606	17614.023333	618.081055	96.652519
-13855.592606	17614.023333	616.852539	201.532990
-13855.592606	17614.023333	615.624023	-282.460938
-13855.592606	17614.023333	614.395508	-88.687004
-13855.592606	17614.023333	613.166992	-47.807568
-13855.592606	17614.023333	611.937500	90.121201
-13855.592606	17614.023333	610.708008	-81.641891
-13855.592606	17614.023333	609.477539	-110.897095
-13855.592606	17614.023333	608.248047	-53.448914
-13855.592606	17614.023333	607.017578	-220.872147
-13855.592606	17614.023333	605.787109	-14.861156
-13855.592606	17614.023333	604.555664	-64.616425
-13855.592606	17614.023333	603.325195	-205.036362
-13855.592606	17614.023333	602.093750	54.529068
-13855.592606	17614.023333	600.861328	-265.080383
-13855.592606	17614.023333	599.629883	-304.300354
-13855.592606	17614.023333	598.397461	-263.123230
-13855.592606	17614.023333	597.165039	-203.388016
-13855.592606	17614.023333	595.932617	-242.469849
-13855.592606	17614.023333	594.699219	-302.078674
-13855.592606	17614.023333	593.465820	0.633844
-13855.592606	17614.023333	592.232422	-344.937866
-13855.592606	17614.023333	590.999023	-155.401398
-13855.592606	17614.023333	589.764648	81.418228
-13855.592606	17614.023333	588.530273	-346.052643
-13855.592606	17614.023333	587.295898	100.531548
-13855.592606	17614.023333	586.061523	-12.141876
-13855.592606	17614.023333	584.826172	-52.772778
-13855.592606	17614.023333	583.590820	161.457581
-13855.592606	17614.023333	582.355469	-37.249813
-13855.592606	17614.023333	581.119141	-350.823212
-13855.592606	17614.023333	579.882813	-333.596405
-13855.592606	17614.023333	578.646484	254.418701
-13855.592606	17614.023333	577.410156	197.756973
-13855.592606	17614.023333	576.172852	7.806759
-13855.592606	17614.023333	574.935547	23.177364
-13855.592606	17614.023333	573.698242	79.639977
-13855.592606	17614.023333	572.460938	168.969666
-13855.592606	17614.023333	571.222656	34.853771
-13855.592606	17614.023333	569.984375	-31.477652
-13855.592606	17614.023333	568.746094	183.080490
-13855.592606	17614.023333	567.506836	121.012497
-13855.592606	17614.023333	566.267578	16.034515
-13855.592606	17614.023333	565.028320	464.192932
-13855.592606	17614.023333	563.789063	87.014603
-13855.592606	17614.023333	562.548828	-19.668371
-13855.592606	17614.023333	561.309570	-66.857773
-13855.592606	17614.023333	560.068359	-17.747393
-13855.592606	17614.023333	558.828125	-205.898636
-13855.592606	17614.023333	557.586914	31.599609
-13855.592606	17614.023333	556.345703	-78.574516
-13855.592606	17614.023333	555.104492	81.291069
-13855.592606	17614.023333	553.863281	-175.833771
-13855.592606	17614.023333	552.621094	-70.993614
-13855.592606	17614.023333	551.378906	146.286041
-13855.592606	17614.023333	550.136719	63.267857
-13855.592606	17614.023333	548.893555	343.952240
-13855.592606	17614.023333	547.650391	242.758606
-13855.592606	17614.023333	546.407227	186.629089
-13855.592606	17614.023333	545.164063	175.535080
-13855.592606	17614.023333	543.919922	282.918457
-13855.592606	17614.023333	542.675781	274.067169
-13855.592606	17614.023333	541.431641	214.329330
-13855.592606	17614.023333	540.186523	183.283539
-13855.592606	17614.023333	538.941406	382.762177
-13855.592606	17614.023333	537.696289	113.400230
-13855.592606	17614.023333	536.451172	272.264191
-13855.592606	17614.023333	535.205078	160.165131
-13855.592606	17614.023333	533.959961	315.094299
-13855.592606	17614.023333	532.712891	417.121521
-13855.592606	17614.023333	531.466797	445.897247
-13855.592606	17614.023333	530.219727	177.531784
-13855.592606	17614.023333	528.972656	680.836548
-13855.592606	17614.023333	527.725586	308.963257
-13855.592606	17614.023333	526.478516	433.801788
-13855.592606	17614.023333	525.230469	404.100555
-13855.592606	17614.023333	523.982422	685.681763
-13855.592606	17614.023333	522.734375	674.448669
-13855.592606	17614.023333	521.485352	449.877960
-13855.592606	17614.023333	520.236328	591.343994
-13855.592606	17614.023333	518.987305	617.026917
-13855.592606	17614.023333	517.737305	368.541870
-13855.592606	17614.023333	516.488281	603.661316
-13855.592606	17614.023333	515.238281	676.328003
-13855.592606	17614.023333	513.988281	755.147522
-13855.592606	17614.023333	512.737305	1057.308960
-13855.592606	17614.023333	511.486328	888.614746
-13855.592606	17614.023333	510.235352	724.136536
-13855.592606	17614.023333	508.984375	835.689819
-13855.592606	17614.023333	507.732422	748.529663
-13855.592606	17614.023333	506.480469	1121.758179
-13855.592606	17614.023333	505.228516	795.518677
-13855.592606	17614.023333	503.976563	1089.676514
-13855.592606	17614.023333	502.723633	1037.281372
-13855.592606	17614.023333	501.470703	1090.318848
-13855.592606	17614.023333	500.217773	1394.546631
-13855.592606	17614.023333	498.963867	1255.228516
-13855.592606	17614.023333	497.709961	1099.820190
-13855.592606	17614.023333	496.456055	1116.578491
-13855.592606	17614.023333	495.202148	1262.887207
-13855.592606	17614.023333	493.947266	1589.245239
-13855.592606	17614.023333	492.692383	1573.632935
-13855.592606	17614.023333	491.437500	1831.075439
-13855.592606	17614.023333	490.181641	1388.827393
-13855.592606	17614.023333	488.926758	1862.531128
-13855.592606	17614.023333	487.670898	1660.994019
-13855.592606	17614.023333	486.414063	2077.871338
-13855.592606	17614.023333	485.158203	1963.230225
-13855.592606	17614.023333	483.901367	1903.164551
-13855.592606	17614.023333	482.644531	2317.645996
-13855.592606	17614.023333	481.386719	2202.965820
-13855.592606	17614.023333	480.128906	2257.845459
-13855.592606	17614.023333	478.871094	2433.732910
-13855.592606	17614.023333	477.613281	2258.418213
-13855.592606	17614.023333	476.355469	2284.829102
-13855.592606	17614.023333	475.096680	2573.331055
-13855.592606	17614.023333	473.837891	2583.368896
-13855.592606	17614.023333	472.578125	2530.816406
-13855.592606	17614.023333	471.319336	2647.463623
-13855.592606	17614.023333	470.059570	2854.621338
-13855.592606	17614.023333	468.799805	2829.877441
-13855.592606	17614.023333	467.539063	2428.360107
-13855.592606	17614.023333	466.278320	2765.885010
-13855.592606	17614.023333	465.017578	2766.874756
-13855.592606	17614.023333	463.756836	2944.808105
-13855.592606	17614.023333	462.495117	2905.131592
-13855.592606	17614.023333	461.233398	2800.872070
-13855.592606	17614.023333	459.971680	2937.814209
-13855.592606	17614.023333	458.709961	2708.430664
-13855.592606	17614.023333	457.447266	2776.470215
-13855.592606	17614.023333	456.184570	2834.150146
-13855.592606	17614.023333	454.921875	3054.305420
-13855.592606	17614.023333	453.658203	2779.756348
-13855.592606	17614.023333	452.394531	3107.672852
-13855.592606	17614.023333	451.130859	3260.360840
-13855.592606	17614.023333	449.867188	3033.094727
-13855.592606	17614.023333	448.602539	3287.371094
-13855.592606	17614.023333	447.337891	3159.767090
-13855.592606	17614.023333	446.073242	3214.404541
-13855.592606	17614.023333	444.807617	3376.914551
-13855.592606	17614.023333	443.542969	3366.373779
-13855.592606	17614.023333	442.276367	3104.667480
-13855.592606	17614.023333	441.010742	3524.262207
-13855.592606	17614.023333	439.744141	3241.529541
-13855.592606	17614.023333	438.478516	3525.531738
-13855.592606	17614.023333	437.210938	3566.368896
-13855.592606	17614.023333	435.944336	3300.072021
-13855.592606	17614.023333	434.676758	3515.933105
-13855.592606	17614.023333	433.409180	3502.756348
-13855.592606	17614.023333	432.141602	3574.971436
-13855.592606	17614.023333	430.873047	3840.577393
-13855.592606	17614.023333	429.604492	3601.030762
-13855.592606	17614.023333	428.335938	3494.846436
-13855.592606	17614.023333	427.067383	3855.948975
-13855.592606	17614.023333	425.797852	3530.104248
-13855.592606	17614.023333	424.528320	3867.312012
-13855.592606	17614.023333	423.258789	3913.609863
-13855.592606	17614.023333	421.988281	3859.004639
-13855.592606	17614.023333	420.717773	3961.287109
-13855.592606	17614.023333	419.447266	3670.963135
-13855.592606	17614.023333	418.175781	3805.102539
-13855.592606	17614.023333	416.905273	4009.982422
-13855.592606	17614.023333	415.633789	3866.260742
-13855.592606	17614.023333	414.362305	4118.614746
-13855.592606	17614.023333	413.089844	3960.554199
-13855.592606	17614.023333	411.817383	3767.387451
-13855.592606	17614.023333	410.544922	3874.189209
-13855.592606	17614.023333	409.272461	3796.137939
-13855.592606	17614.023333	407.999023	3870.229980
-13855.592606	17614.023333	406.725586	4337.530273
-13855.592606	17614.023333	405.452148	4007.983643
-13855.592606	17614.023333	404.177734	3852.364746
-13855.592606	17614.023333	402.903320	4083.674805
-13855.592606	17614.023333	401.628906	4094.178955
-13855.592606	17614.023333	400.354492	4341.934570
-13855.592606	17614.023333	399.079102	4171.759766
-13855.592606	17614.023333	397.803711	3989.919189
-13855.592606	17614.023333	396.528320	3692.890869
-13855.592606	17614.023333	395.251953	3638.760498
-13855.592606	17614.023333	393.976563	4093.896484
-13855.592606	17614.023333	392.700195	3697.671387
-13855.592606	17614.023333	391.422852	3736.893555
-13855.592606	17614.023333	390.145508	3805.760010
-13855.592606	17614.023333	388.869141	4055.260742
-13855.592606	17614.023333	387.590820	3708.245117
-13855.592606	17614.023333	386.313477	3837.811768
-13855.592606	17614.023333	385.035156	3762.309814
-13855.592606	17614.023333	383.756836	3686.358154
-13855.592606	17614.023333	382.478516	3635.693848
-13855.592606	17614.023333	381.199219	3759.029053
-13855.592606	17614.023333	379.919922	3816.130127
-13855.592606	17614.023333	378.640625	3465.751221
-13855.592606	17614.023333	377.360352	3324.857178
-13855.592606	17614.023333	376.080078	3540.024902
-13855.592606	17614.023333	374.799805	3516.188965
-13855.592606	17614.023333	373.519531	3788.583496
-13855.592606	17614.023333	372.238281	3518.632568
-13855.592606	17614.023333	370.957031	3174.235840
-13855.592606	17614.023333	369.675781	3304.032227
-13855.592606	17614.023333	368.394531	3505.612549
-13855.592606	17614.023333	367.112305	3224.385986
-13855.592606	17614.023333	365.830078	3214.836914
-13855.592606	17614.023333	364.546875	3027.365723
-13855.592606	17614.023333	363.264648	3245.849121
-13855.592606	17614.023333	361.981445	2987.482422
-13855.592606	17614.023333	360.698242	3041.692383
-13855.592606	17614.023333	359.414063	2880.129639
-13855.592606	17614.023333	358.129883	3010.985107
-13855.592606	17614.023333	356.845703	3007.045898
-13855.592606	17614.023333	355.561523	2874.220215
-13855.592606	17614.023333	354.276367	2855.379639
-13855.592606	17614.023333	352.991211	2820.077148
-13855.592606	17614.023333	351.706055	2501.616943
-13855.592606	17614.023333	350.420898	2699.670898
-13855.592606	17614.023333	349.134766	2249.065918
-13855.592606	17614.023333	347.848633	2134.981445
-13855.592606	17614.023333	346.561523	2185.289551
-13855.592606	17614.023333	345.275391	2080.452148
-13855.592606	17614.023333	343.988281	2090.371094
-13855.592606	17614.023333	342.700195	2151.732910
-13855.592606	17614.023333	341.413086	2099.062500
-13855.592606	17614.023333	340.125000	1918.217529
-13855.592606	17614.023333	338.836914	1855.592407
-13855.592606	17614.023333	337.548828	1907.032837
-13855.592606	17614.023333	336.259766	1676.270630
-13855.592606	17614.023333	334.970703	1488.410889
-13855.592606	17614.023333	333.681641	1298.000732
-13855.592606	17614.023333	332.391602	1354.687012
-13855.592606	17614.023333	331.101563	1311.983521
-13855.592606	17614.023333	329.811523	904.187317
-13855.592606	17614.023333	328.521484	1071.622070
-13855.592606	17614.023333	327.230469	777.150513
-13855.592606	17614.023333	325.939453	937.338928
-13855.592606	17614.023333	324.648438	846.026123
-13855.592606	17614.023333	323.356445	673.962952
-13855.592606	17614.023333	322.064453	421.243164
-13855.592606	17614.023333	320.772461	663.325684
-13855.592606	17614.023333	319.480469	396.096130
-13855.592606	17614.023333	318.187500	16.108334
-13855.592606	17614.023333	316.894531	212.546127
-13855.592606	17614.023333	315.601563	32.926464
-13855.592606	17614.023333	314.307617	-112.843636
-13855.592606	17614.023333	313.013672	-16.769861
-13855.592606	17614.023333	311.719727	-32.266861
-13855.592606	17614.023333	310.425781	3.294399
-13855.592606	17614.023333	309.130859	-296.842194
-13855.592606	17614.023333	307.835938	-214.980362
-13855.592606	17614.023333	306.541016	303.295471
-13855.592606	17614.023333	305.245117	203.066528
-13855.592606	17614.023333	303.949219	-146.916183
-13855.592606	17614.023333	302.653320	5.326391
-13855.592606	17614.023333	301.356445	-69.480484
-13855.592606	17614.023333	300.060547	-75.150146
-13855.592606	17614.023333	298.763672	449.233246
