#X		#Y		#Wave		#Intensity
3062.171915	5962.455333	1999.980469	-159.529785
3062.171915	5962.455333	1999.016602	-312.155548
3062.171915	5962.455333	1998.052734	-277.488739
3062.171915	5962.455333	1997.087891	-124.547928
3062.171915	5962.455333	1996.123047	42.548546
3062.171915	5962.455333	1995.158203	80.135590
3062.171915	5962.455333	1994.193359	-177.636917
3062.171915	5962.455333	1993.228516	-185.800171
3062.171915	5962.455333	1992.262695	58.011684
3062.171915	5962.455333	1991.297852	187.304001
3062.171915	5962.455333	1990.332031	-193.809616
3062.171915	5962.455333	1989.366211	3.724819
3062.171915	5962.455333	1988.399414	-68.969788
3062.171915	5962.455333	1987.433594	53.284500
3062.171915	5962.455333	1986.466797	63.748894
3062.171915	5962.455333	1985.500977	125.683495
3062.171915	5962.455333	1984.534180	108.062721
3062.171915	5962.455333	1983.567383	154.299667
3062.171915	5962.455333	1982.599609	-74.180077
3062.171915	5962.455333	1981.632813	104.718544
3062.171915	5962.455333	1980.665039	159.672226
3062.171915	5962.455333	1979.697266	73.471260
3062.171915	5962.455333	1978.729492	58.579624
3062.171915	5962.455333	1977.761719	198.914063
3062.171915	5962.455333	1976.792969	180.906769
3062.171915	5962.455333	1975.825195	78.695877
3062.171915	5962.455333	1974.856445	79.880714
3062.171915	5962.455333	1973.887695	433.593353
3062.171915	5962.455333	1972.918945	49.387608
3062.171915	5962.455333	1971.949219	-4.447978
3062.171915	5962.455333	1970.980469	128.899673
3062.171915	5962.455333	1970.010742	49.963242
3062.171915	5962.455333	1969.041016	52.186069
3062.171915	5962.455333	1968.071289	-135.546616
3062.171915	5962.455333	1967.101563	75.755592
3062.171915	5962.455333	1966.130859	42.920258
3062.171915	5962.455333	1965.161133	5.005244
3062.171915	5962.455333	1964.190430	151.636780
3062.171915	5962.455333	1963.219727	103.562355
3062.171915	5962.455333	1962.249023	210.449661
3062.171915	5962.455333	1961.277344	48.900536
3062.171915	5962.455333	1960.306641	145.667267
3062.171915	5962.455333	1959.334961	18.401680
3062.171915	5962.455333	1958.363281	252.669968
3062.171915	5962.455333	1957.391602	218.689301
3062.171915	5962.455333	1956.419922	103.491035
3062.171915	5962.455333	1955.447266	226.720764
3062.171915	5962.455333	1954.474609	106.494919
3062.171915	5962.455333	1953.501953	131.240601
3062.171915	5962.455333	1952.529297	111.692307
3062.171915	5962.455333	1951.556641	234.582352
3062.171915	5962.455333	1950.583984	261.593018
3062.171915	5962.455333	1949.610352	232.072266
3062.171915	5962.455333	1948.636719	25.752728
3062.171915	5962.455333	1947.663086	192.608002
3062.171915	5962.455333	1946.689453	35.411282
3062.171915	5962.455333	1945.715820	-190.450195
3062.171915	5962.455333	1944.741211	-92.393250
3062.171915	5962.455333	1943.767578	-124.382339
3062.171915	5962.455333	1942.792969	54.551884
3062.171915	5962.455333	1941.818359	130.436630
3062.171915	5962.455333	1940.842773	-48.662300
3062.171915	5962.455333	1939.868164	78.707817
3062.171915	5962.455333	1938.892578	174.186508
3062.171915	5962.455333	1937.916992	137.338318
3062.171915	5962.455333	1936.941406	41.734291
3062.171915	5962.455333	1935.965820	-29.313499
3062.171915	5962.455333	1934.990234	2.546900
3062.171915	5962.455333	1934.013672	90.739594
3062.171915	5962.455333	1933.037109	-16.897461
3062.171915	5962.455333	1932.060547	-4.528447
3062.171915	5962.455333	1931.083984	17.665697
3062.171915	5962.455333	1930.107422	12.985317
3062.171915	5962.455333	1929.129883	-172.659729
3062.171915	5962.455333	1928.153320	-108.728722
3062.171915	5962.455333	1927.175781	-47.216057
3062.171915	5962.455333	1926.198242	-183.696304
3062.171915	5962.455333	1925.219727	31.902124
3062.171915	5962.455333	1924.242188	0.655081
3062.171915	5962.455333	1923.263672	-37.854805
3062.171915	5962.455333	1922.285156	-32.317135
3062.171915	5962.455333	1921.306641	-180.594971
3062.171915	5962.455333	1920.328125	-143.163773
3062.171915	5962.455333	1919.349609	-3.138836
3062.171915	5962.455333	1918.370117	-138.945129
3062.171915	5962.455333	1917.391602	-162.365997
3062.171915	5962.455333	1916.412109	-49.064930
3062.171915	5962.455333	1915.431641	56.941181
3062.171915	5962.455333	1914.452148	-27.288021
3062.171915	5962.455333	1913.472656	5.643317
3062.171915	5962.455333	1912.492188	-61.343391
3062.171915	5962.455333	1911.511719	-77.042305
3062.171915	5962.455333	1910.531250	-209.665405
3062.171915	5962.455333	1909.550781	-54.608383
3062.171915	5962.455333	1908.569336	-113.957779
3062.171915	5962.455333	1907.588867	28.976221
3062.171915	5962.455333	1906.607422	-18.056467
3062.171915	5962.455333	1905.625977	-52.829510
3062.171915	5962.455333	1904.644531	-107.003708
3062.171915	5962.455333	1903.662109	-83.195999
3062.171915	5962.455333	1902.680664	62.354568
3062.171915	5962.455333	1901.698242	91.113960
3062.171915	5962.455333	1900.715820	-55.244972
3062.171915	5962.455333	1899.733398	92.836266
3062.171915	5962.455333	1898.750000	-50.915604
3062.171915	5962.455333	1897.767578	75.343353
3062.171915	5962.455333	1896.784180	-153.323029
3062.171915	5962.455333	1895.800781	291.431274
3062.171915	5962.455333	1894.817383	145.544235
3062.171915	5962.455333	1893.833984	-46.398670
3062.171915	5962.455333	1892.850586	-192.064041
3062.171915	5962.455333	1891.866211	-279.332703
3062.171915	5962.455333	1890.881836	-242.674683
3062.171915	5962.455333	1889.897461	90.217865
3062.171915	5962.455333	1888.913086	-23.616819
3062.171915	5962.455333	1887.927734	-134.938507
3062.171915	5962.455333	1886.943359	42.577366
3062.171915	5962.455333	1885.958008	-122.008858
3062.171915	5962.455333	1884.972656	-162.788895
3062.171915	5962.455333	1883.987305	-167.142715
3062.171915	5962.455333	1883.001953	170.422684
3062.171915	5962.455333	1882.015625	66.679718
3062.171915	5962.455333	1881.029297	33.294117
3062.171915	5962.455333	1880.042969	-113.949219
3062.171915	5962.455333	1879.056641	298.574402
3062.171915	5962.455333	1878.070313	-66.636314
3062.171915	5962.455333	1877.083984	-85.347397
3062.171915	5962.455333	1876.096680	-65.288498
3062.171915	5962.455333	1875.109375	-192.907532
3062.171915	5962.455333	1874.122070	-90.506714
3062.171915	5962.455333	1873.134766	48.168327
3062.171915	5962.455333	1872.146484	-118.084816
3062.171915	5962.455333	1871.159180	-13.313130
3062.171915	5962.455333	1870.170898	142.217728
3062.171915	5962.455333	1869.182617	-185.981415
3062.171915	5962.455333	1868.194336	-122.359421
3062.171915	5962.455333	1867.205078	-7.998700
3062.171915	5962.455333	1866.216797	-108.801826
3062.171915	5962.455333	1865.227539	104.573814
3062.171915	5962.455333	1864.238281	-37.309273
3062.171915	5962.455333	1863.249023	52.746433
3062.171915	5962.455333	1862.259766	-11.821324
3062.171915	5962.455333	1861.269531	107.134354
3062.171915	5962.455333	1860.279297	-181.991028
3062.171915	5962.455333	1859.290039	-104.134888
3062.171915	5962.455333	1858.298828	-122.869888
3062.171915	5962.455333	1857.308594	167.221756
3062.171915	5962.455333	1856.318359	-186.957291
3062.171915	5962.455333	1855.327148	158.442734
3062.171915	5962.455333	1854.335938	-53.397377
3062.171915	5962.455333	1853.344727	-53.023354
3062.171915	5962.455333	1852.353516	72.657745
3062.171915	5962.455333	1851.362305	-33.136131
3062.171915	5962.455333	1850.370117	39.380104
3062.171915	5962.455333	1849.377930	261.190155
3062.171915	5962.455333	1848.385742	-114.531006
3062.171915	5962.455333	1847.393555	-162.631821
3062.171915	5962.455333	1846.401367	164.860535
3062.171915	5962.455333	1845.408203	-85.630463
3062.171915	5962.455333	1844.415039	-95.392296
3062.171915	5962.455333	1843.421875	-11.366175
3062.171915	5962.455333	1842.428711	103.833847
3062.171915	5962.455333	1841.435547	351.225586
3062.171915	5962.455333	1840.441406	-14.884075
3062.171915	5962.455333	1839.448242	-5.795849
3062.171915	5962.455333	1838.454102	70.523758
3062.171915	5962.455333	1837.459961	115.478249
3062.171915	5962.455333	1836.464844	119.466072
3062.171915	5962.455333	1835.470703	154.598312
3062.171915	5962.455333	1834.475586	-33.810917
3062.171915	5962.455333	1833.480469	68.399132
3062.171915	5962.455333	1832.485352	88.815712
3062.171915	5962.455333	1831.490234	173.950882
3062.171915	5962.455333	1830.495117	-218.788727
3062.171915	5962.455333	1829.499023	163.785736
3062.171915	5962.455333	1828.502930	193.335617
3062.171915	5962.455333	1827.506836	121.988266
3062.171915	5962.455333	1826.510742	4.971684
3062.171915	5962.455333	1825.513672	156.502686
3062.171915	5962.455333	1824.517578	192.753448
3062.171915	5962.455333	1823.520508	140.156067
3062.171915	5962.455333	1822.523438	245.657822
3062.171915	5962.455333	1821.526367	214.383301
3062.171915	5962.455333	1820.529297	-20.685472
3062.171915	5962.455333	1819.531250	12.518297
3062.171915	5962.455333	1818.533203	143.778412
3062.171915	5962.455333	1817.535156	-2.948429
3062.171915	5962.455333	1816.537109	355.447845
3062.171915	5962.455333	1815.539063	146.210144
3062.171915	5962.455333	1814.540039	111.624428
3062.171915	5962.455333	1813.541992	41.011497
3062.171915	5962.455333	1812.542969	101.861412
3062.171915	5962.455333	1811.543945	162.536255
3062.171915	5962.455333	1810.543945	187.154510
3062.171915	5962.455333	1809.544922	156.612518
3062.171915	5962.455333	1808.544922	149.826004
3062.171915	5962.455333	1807.544922	441.668488
3062.171915	5962.455333	1806.544922	343.691772
3062.171915	5962.455333	1805.544922	128.507187
3062.171915	5962.455333	1804.544922	54.184143
3062.171915	5962.455333	1803.543945	170.793381
3062.171915	5962.455333	1802.542969	184.502365
3062.171915	5962.455333	1801.541992	453.503601
3062.171915	5962.455333	1800.541016	256.737793
3062.171915	5962.455333	1799.539063	269.891266
3062.171915	5962.455333	1798.538086	25.153353
3062.171915	5962.455333	1797.536133	76.159203
3062.171915	5962.455333	1796.534180	79.256180
3062.171915	5962.455333	1795.532227	-6.071941
3062.171915	5962.455333	1794.529297	-31.950001
3062.171915	5962.455333	1793.527344	166.094437
3062.171915	5962.455333	1792.524414	325.731110
3062.171915	5962.455333	1791.521484	72.847488
3062.171915	5962.455333	1790.518555	134.371857
3062.171915	5962.455333	1789.514648	107.532158
3062.171915	5962.455333	1788.511719	104.331161
3062.171915	5962.455333	1787.507813	124.740646
3062.171915	5962.455333	1786.503906	102.089615
3062.171915	5962.455333	1785.500000	29.259668
3062.171915	5962.455333	1784.496094	210.906860
3062.171915	5962.455333	1783.491211	-9.852154
3062.171915	5962.455333	1782.486328	116.603569
3062.171915	5962.455333	1781.481445	57.278824
3062.171915	5962.455333	1780.476563	114.298553
3062.171915	5962.455333	1779.471680	111.648094
3062.171915	5962.455333	1778.465820	27.957006
3062.171915	5962.455333	1777.460938	-60.655975
3062.171915	5962.455333	1776.455078	43.026119
3062.171915	5962.455333	1775.449219	91.812378
3062.171915	5962.455333	1774.442383	178.365875
3062.171915	5962.455333	1773.436523	164.935059
3062.171915	5962.455333	1772.429688	329.372131
3062.171915	5962.455333	1771.422852	-137.963013
3062.171915	5962.455333	1770.416016	-142.486115
3062.171915	5962.455333	1769.409180	438.942902
3062.171915	5962.455333	1768.402344	293.889862
3062.171915	5962.455333	1767.394531	49.029358
3062.171915	5962.455333	1766.386719	57.825035
3062.171915	5962.455333	1765.378906	161.252014
3062.171915	5962.455333	1764.371094	72.379227
3062.171915	5962.455333	1763.362305	-73.583252
3062.171915	5962.455333	1762.354492	-134.379120
3062.171915	5962.455333	1761.345703	91.328041
3062.171915	5962.455333	1760.336914	-145.242783
3062.171915	5962.455333	1759.328125	46.777325
3062.171915	5962.455333	1758.318359	-3.065481
3062.171915	5962.455333	1757.308594	105.525673
3062.171915	5962.455333	1756.299805	216.233307
3062.171915	5962.455333	1755.290039	92.347610
3062.171915	5962.455333	1754.279297	-277.833221
3062.171915	5962.455333	1753.269531	109.016609
3062.171915	5962.455333	1752.258789	124.100258
3062.171915	5962.455333	1751.249023	68.018883
3062.171915	5962.455333	1750.238281	-153.800552
3062.171915	5962.455333	1749.226563	-167.730591
3062.171915	5962.455333	1748.215820	-51.861061
3062.171915	5962.455333	1747.204102	-257.673370
3062.171915	5962.455333	1746.193359	-85.570915
3062.171915	5962.455333	1745.181641	-93.308311
3062.171915	5962.455333	1744.168945	97.115150
3062.171915	5962.455333	1743.157227	-208.641037
3062.171915	5962.455333	1742.144531	-186.343369
3062.171915	5962.455333	1741.132813	3.338468
3062.171915	5962.455333	1740.120117	-88.140114
3062.171915	5962.455333	1739.106445	-106.673729
3062.171915	5962.455333	1738.093750	-285.828156
3062.171915	5962.455333	1737.080078	-158.517319
3062.171915	5962.455333	1736.067383	-281.435974
3062.171915	5962.455333	1735.053711	-171.118851
3062.171915	5962.455333	1734.040039	-4.486109
3062.171915	5962.455333	1733.025391	-102.130615
3062.171915	5962.455333	1732.011719	-89.180923
3062.171915	5962.455333	1730.997070	-293.226013
3062.171915	5962.455333	1729.982422	-210.031708
3062.171915	5962.455333	1728.967773	-124.727989
3062.171915	5962.455333	1727.952148	-112.686874
3062.171915	5962.455333	1726.937500	-126.739815
3062.171915	5962.455333	1725.921875	-86.883850
3062.171915	5962.455333	1724.906250	-303.768433
3062.171915	5962.455333	1723.890625	20.378986
3062.171915	5962.455333	1722.875000	-142.758835
3062.171915	5962.455333	1721.858398	6.747845
3062.171915	5962.455333	1720.841797	-114.435043
3062.171915	5962.455333	1719.825195	-59.450840
3062.171915	5962.455333	1718.808594	-192.741653
3062.171915	5962.455333	1717.791992	-77.069916
3062.171915	5962.455333	1716.774414	-8.662872
3062.171915	5962.455333	1715.756836	-57.947258
3062.171915	5962.455333	1714.739258	-278.878723
3062.171915	5962.455333	1713.721680	-27.903185
3062.171915	5962.455333	1712.704102	152.338242
3062.171915	5962.455333	1711.685547	-31.566074
3062.171915	5962.455333	1710.667969	131.783585
3062.171915	5962.455333	1709.649414	236.189346
3062.171915	5962.455333	1708.630859	61.173264
3062.171915	5962.455333	1707.611328	36.131714
3062.171915	5962.455333	1706.592773	132.883926
3062.171915	5962.455333	1705.573242	11.320586
3062.171915	5962.455333	1704.553711	-98.660439
3062.171915	5962.455333	1703.534180	140.450348
3062.171915	5962.455333	1702.513672	121.484177
3062.171915	5962.455333	1701.494141	186.713272
3062.171915	5962.455333	1700.473633	-24.705624
3062.171915	5962.455333	1699.453125	-187.039688
3062.171915	5962.455333	1698.432617	100.101555
3062.171915	5962.455333	1697.412109	-69.572998
3062.171915	5962.455333	1696.390625	-112.982918
3062.171915	5962.455333	1695.369141	105.560440
3062.171915	5962.455333	1694.347656	115.605881
3062.171915	5962.455333	1693.326172	106.762779
3062.171915	5962.455333	1692.304688	95.415916
3062.171915	5962.455333	1691.282227	-105.534599
3062.171915	5962.455333	1690.260742	203.144226
3062.171915	5962.455333	1689.238281	111.791527
3062.171915	5962.455333	1688.214844	148.830826
3062.171915	5962.455333	1687.192383	466.122986
3062.171915	5962.455333	1686.168945	486.410675
3062.171915	5962.455333	1685.146484	174.883499
3062.171915	5962.455333	1684.123047	208.926178
3062.171915	5962.455333	1683.099609	105.047783
3062.171915	5962.455333	1682.075195	108.418877
3062.171915	5962.455333	1681.051758	20.642307
3062.171915	5962.455333	1680.027344	520.781555
3062.171915	5962.455333	1679.002930	595.965393
3062.171915	5962.455333	1677.978516	568.344604
3062.171915	5962.455333	1676.953125	503.255188
3062.171915	5962.455333	1675.928711	438.084564
3062.171915	5962.455333	1674.903320	482.348206
3062.171915	5962.455333	1673.877930	577.742065
3062.171915	5962.455333	1672.852539	645.008667
3062.171915	5962.455333	1671.826172	576.958313
3062.171915	5962.455333	1670.800781	683.549866
3062.171915	5962.455333	1669.774414	1048.473511
3062.171915	5962.455333	1668.748047	1070.836182
3062.171915	5962.455333	1667.721680	969.681091
3062.171915	5962.455333	1666.694336	873.079895
3062.171915	5962.455333	1665.667969	890.467224
3062.171915	5962.455333	1664.640625	1065.930786
3062.171915	5962.455333	1663.613281	1341.251587
3062.171915	5962.455333	1662.585938	1502.395386
3062.171915	5962.455333	1661.557617	1405.220093
3062.171915	5962.455333	1660.530273	1610.263062
3062.171915	5962.455333	1659.501953	1533.827881
3062.171915	5962.455333	1658.473633	1587.479614
3062.171915	5962.455333	1657.444336	1362.150269
3062.171915	5962.455333	1656.416016	1750.174561
3062.171915	5962.455333	1655.386719	1993.920288
3062.171915	5962.455333	1654.358398	1970.452881
3062.171915	5962.455333	1653.328125	1800.576782
3062.171915	5962.455333	1652.298828	2171.604248
3062.171915	5962.455333	1651.269531	2328.883057
3062.171915	5962.455333	1650.239258	2168.087646
3062.171915	5962.455333	1649.208984	2410.974609
3062.171915	5962.455333	1648.178711	2570.191406
3062.171915	5962.455333	1647.148438	2775.666504
3062.171915	5962.455333	1646.117188	3031.978027
3062.171915	5962.455333	1645.086914	2889.418945
3062.171915	5962.455333	1644.055664	2832.586670
3062.171915	5962.455333	1643.024414	3111.738037
3062.171915	5962.455333	1641.992188	2994.506104
3062.171915	5962.455333	1640.960938	3535.176514
3062.171915	5962.455333	1639.928711	3542.875000
3062.171915	5962.455333	1638.896484	3717.248047
3062.171915	5962.455333	1637.864258	3477.106934
3062.171915	5962.455333	1636.832031	3595.790527
3062.171915	5962.455333	1635.798828	3781.476074
3062.171915	5962.455333	1634.766602	3809.748535
3062.171915	5962.455333	1633.733398	3997.567627
3062.171915	5962.455333	1632.699219	3997.914551
3062.171915	5962.455333	1631.666016	4245.694824
3062.171915	5962.455333	1630.632813	4373.132324
3062.171915	5962.455333	1629.598633	4338.665039
3062.171915	5962.455333	1628.564453	3920.553955
3062.171915	5962.455333	1627.530273	4461.503418
3062.171915	5962.455333	1626.495117	4186.706543
3062.171915	5962.455333	1625.460938	4778.185547
3062.171915	5962.455333	1624.425781	4614.266113
3062.171915	5962.455333	1623.390625	4593.554688
3062.171915	5962.455333	1622.355469	4660.567871
3062.171915	5962.455333	1621.319336	4771.378418
3062.171915	5962.455333	1620.284180	5041.398438
3062.171915	5962.455333	1619.248047	4926.014160
3062.171915	5962.455333	1618.211914	4845.288086
3062.171915	5962.455333	1617.174805	5062.065430
3062.171915	5962.455333	1616.138672	5306.474121
3062.171915	5962.455333	1615.101563	5313.339355
3062.171915	5962.455333	1614.065430	5094.382324
3062.171915	5962.455333	1613.027344	5131.257324
3062.171915	5962.455333	1611.990234	5290.282715
3062.171915	5962.455333	1610.953125	5504.558105
3062.171915	5962.455333	1609.915039	5548.333008
3062.171915	5962.455333	1608.876953	5810.867676
3062.171915	5962.455333	1607.838867	5582.994141
3062.171915	5962.455333	1606.800781	6036.537598
3062.171915	5962.455333	1605.761719	6275.907227
3062.171915	5962.455333	1604.723633	6289.785645
3062.171915	5962.455333	1603.684570	6305.981934
3062.171915	5962.455333	1602.644531	6411.887207
3062.171915	5962.455333	1601.605469	6347.681152
3062.171915	5962.455333	1600.566406	6490.462891
3062.171915	5962.455333	1599.526367	6495.312500
3062.171915	5962.455333	1598.486328	6638.104980
3062.171915	5962.455333	1597.446289	6700.493652
3062.171915	5962.455333	1596.405273	6932.887695
3062.171915	5962.455333	1595.365234	6940.213379
3062.171915	5962.455333	1594.324219	7303.505371
3062.171915	5962.455333	1593.283203	7563.419434
3062.171915	5962.455333	1592.242188	7389.486816
3062.171915	5962.455333	1591.200195	7341.897461
3062.171915	5962.455333	1590.159180	6918.147461
3062.171915	5962.455333	1589.117188	6893.781250
3062.171915	5962.455333	1588.075195	6669.977051
3062.171915	5962.455333	1587.032227	6638.947266
3062.171915	5962.455333	1585.990234	6234.347168
3062.171915	5962.455333	1584.947266	5999.601074
3062.171915	5962.455333	1583.904297	6069.857422
3062.171915	5962.455333	1582.861328	5874.393555
3062.171915	5962.455333	1581.818359	5871.548340
3062.171915	5962.455333	1580.775391	5891.718750
3062.171915	5962.455333	1579.731445	5861.584961
3062.171915	5962.455333	1578.687500	6053.663086
3062.171915	5962.455333	1577.643555	6021.454590
3062.171915	5962.455333	1576.598633	6112.936035
3062.171915	5962.455333	1575.554688	6293.771973
3062.171915	5962.455333	1574.509766	5989.631348
3062.171915	5962.455333	1573.464844	6239.266602
3062.171915	5962.455333	1572.419922	6443.193848
3062.171915	5962.455333	1571.374023	6434.513184
3062.171915	5962.455333	1570.329102	6094.535156
3062.171915	5962.455333	1569.283203	6040.489746
3062.171915	5962.455333	1568.237305	5735.248047
3062.171915	5962.455333	1567.191406	5848.353516
3062.171915	5962.455333	1566.144531	5847.325195
3062.171915	5962.455333	1565.098633	5830.485352
3062.171915	5962.455333	1564.051758	5521.518555
3062.171915	5962.455333	1563.004883	5817.769531
3062.171915	5962.455333	1561.957031	5872.104492
3062.171915	5962.455333	1560.910156	5671.024414
3062.171915	5962.455333	1559.862305	5705.150391
3062.171915	5962.455333	1558.814453	5842.071777
3062.171915	5962.455333	1557.766602	5212.830078
3062.171915	5962.455333	1556.718750	5268.038086
3062.171915	5962.455333	1555.669922	5129.596680
3062.171915	5962.455333	1554.621094	5144.090332
3062.171915	5962.455333	1553.573242	4878.484863
3062.171915	5962.455333	1552.523438	5023.212891
3062.171915	5962.455333	1551.474609	5040.521973
3062.171915	5962.455333	1550.424805	4955.499023
3062.171915	5962.455333	1549.375000	5175.805176
3062.171915	5962.455333	1548.325195	4977.327148
3062.171915	5962.455333	1547.275391	4895.195801
3062.171915	5962.455333	1546.225586	4735.911133
3062.171915	5962.455333	1545.174805	4463.099609
3062.171915	5962.455333	1544.124023	3831.177979
3062.171915	5962.455333	1543.073242	4389.158203
3062.171915	5962.455333	1542.022461	4028.481445
3062.171915	5962.455333	1540.970703	3820.440674
3062.171915	5962.455333	1539.919922	3283.125977
3062.171915	5962.455333	1538.868164	3409.777588
3062.171915	5962.455333	1537.815430	3011.720215
3062.171915	5962.455333	1536.763672	2770.786865
3062.171915	5962.455333	1535.710938	2868.540771
3062.171915	5962.455333	1534.659180	2541.863281
3062.171915	5962.455333	1533.606445	2397.131104
3062.171915	5962.455333	1532.552734	2073.333008
3062.171915	5962.455333	1531.500000	2355.823242
3062.171915	5962.455333	1530.446289	1998.563599
3062.171915	5962.455333	1529.393555	1805.015259
3062.171915	5962.455333	1528.338867	1491.521973
3062.171915	5962.455333	1527.285156	1772.502930
3062.171915	5962.455333	1526.231445	1722.596436
3062.171915	5962.455333	1525.176758	1500.651001
3062.171915	5962.455333	1524.122070	1718.671265
3062.171915	5962.455333	1523.067383	1569.780029
3062.171915	5962.455333	1522.012695	1110.830200
3062.171915	5962.455333	1520.957031	1460.842773
3062.171915	5962.455333	1519.901367	1260.694824
3062.171915	5962.455333	1518.845703	1269.149292
3062.171915	5962.455333	1517.790039	1282.369751
3062.171915	5962.455333	1516.734375	1277.718872
3062.171915	5962.455333	1515.677734	1119.435547
3062.171915	5962.455333	1514.621094	1174.106323
3062.171915	5962.455333	1513.564453	1224.478516
3062.171915	5962.455333	1512.507813	1275.075073
3062.171915	5962.455333	1511.450195	1081.713623
3062.171915	5962.455333	1510.393555	1074.047607
3062.171915	5962.455333	1509.335938	707.286072
3062.171915	5962.455333	1508.278320	808.642700
3062.171915	5962.455333	1507.219727	618.778137
3062.171915	5962.455333	1506.162109	797.414001
3062.171915	5962.455333	1505.103516	940.089172
3062.171915	5962.455333	1504.044922	1137.153076
3062.171915	5962.455333	1502.986328	1038.692871
3062.171915	5962.455333	1501.926758	841.219666
3062.171915	5962.455333	1500.868164	824.608887
3062.171915	5962.455333	1499.808594	950.380188
3062.171915	5962.455333	1498.749023	990.655151
3062.171915	5962.455333	1497.688477	972.535828
3062.171915	5962.455333	1496.628906	938.920776
3062.171915	5962.455333	1495.568359	1065.618774
3062.171915	5962.455333	1494.507813	1075.342163
3062.171915	5962.455333	1493.447266	1080.826050
3062.171915	5962.455333	1492.386719	872.561462
3062.171915	5962.455333	1491.325195	993.481934
3062.171915	5962.455333	1490.263672	641.728271
3062.171915	5962.455333	1489.202148	517.785522
3062.171915	5962.455333	1488.140625	369.404480
3062.171915	5962.455333	1487.079102	428.408020
3062.171915	5962.455333	1486.016602	285.144836
3062.171915	5962.455333	1484.954102	416.676239
3062.171915	5962.455333	1483.891602	359.496979
3062.171915	5962.455333	1482.829102	-52.683399
3062.171915	5962.455333	1481.765625	147.115555
3062.171915	5962.455333	1480.702148	407.805603
3062.171915	5962.455333	1479.638672	187.754425
3062.171915	5962.455333	1478.575195	338.761322
3062.171915	5962.455333	1477.511719	117.164612
3062.171915	5962.455333	1476.447266	253.016251
3062.171915	5962.455333	1475.382813	-125.101547
3062.171915	5962.455333	1474.318359	110.067413
3062.171915	5962.455333	1473.253906	-143.785110
3062.171915	5962.455333	1472.189453	58.227917
3062.171915	5962.455333	1471.124023	415.171356
3062.171915	5962.455333	1470.058594	424.456024
3062.171915	5962.455333	1468.993164	654.013794
3062.171915	5962.455333	1467.927734	570.159363
3062.171915	5962.455333	1466.861328	770.946838
3062.171915	5962.455333	1465.794922	620.473328
3062.171915	5962.455333	1464.728516	653.729187
3062.171915	5962.455333	1463.662109	745.591553
3062.171915	5962.455333	1462.594727	1152.974854
3062.171915	5962.455333	1461.528320	945.078003
3062.171915	5962.455333	1460.460938	975.312073
3062.171915	5962.455333	1459.393555	773.045898
3062.171915	5962.455333	1458.326172	933.076355
3062.171915	5962.455333	1457.257813	1186.828857
3062.171915	5962.455333	1456.189453	740.714355
3062.171915	5962.455333	1455.121094	1045.642822
3062.171915	5962.455333	1454.052734	883.930725
3062.171915	5962.455333	1452.984375	1054.177368
3062.171915	5962.455333	1451.915039	841.608276
3062.171915	5962.455333	1450.845703	967.224731
3062.171915	5962.455333	1449.776367	1499.096802
3062.171915	5962.455333	1448.707031	1256.612915
3062.171915	5962.455333	1447.636719	1171.657715
3062.171915	5962.455333	1446.567383	1189.424316
3062.171915	5962.455333	1445.497070	1330.598389
3062.171915	5962.455333	1444.425781	1683.446045
3062.171915	5962.455333	1443.355469	1662.111816
3062.171915	5962.455333	1442.285156	1787.312744
3062.171915	5962.455333	1441.213867	2669.831543
3062.171915	5962.455333	1440.142578	2519.508301
3062.171915	5962.455333	1439.070313	2242.979248
3062.171915	5962.455333	1437.999023	2288.947266
3062.171915	5962.455333	1436.926758	2084.342041
3062.171915	5962.455333	1435.854492	1931.920532
3062.171915	5962.455333	1434.782227	2115.114014
3062.171915	5962.455333	1433.709961	1945.218506
3062.171915	5962.455333	1432.636719	1516.286377
3062.171915	5962.455333	1431.563477	1663.307617
3062.171915	5962.455333	1430.490234	1449.508179
3062.171915	5962.455333	1429.416992	1399.278076
3062.171915	5962.455333	1428.343750	1681.444702
3062.171915	5962.455333	1427.269531	1531.006714
3062.171915	5962.455333	1426.195313	1172.087524
3062.171915	5962.455333	1425.121094	1229.840576
3062.171915	5962.455333	1424.046875	1406.456787
3062.171915	5962.455333	1422.971680	1224.828003
3062.171915	5962.455333	1421.896484	1314.432129
3062.171915	5962.455333	1420.821289	1646.955811
3062.171915	5962.455333	1419.746094	1481.550659
3062.171915	5962.455333	1418.669922	1759.810791
3062.171915	5962.455333	1417.594727	1585.379272
3062.171915	5962.455333	1416.518555	1955.133179
3062.171915	5962.455333	1415.442383	2095.620850
3062.171915	5962.455333	1414.365234	2214.054688
3062.171915	5962.455333	1413.289063	2175.497803
3062.171915	5962.455333	1412.211914	2219.262451
3062.171915	5962.455333	1411.134766	2442.296387
3062.171915	5962.455333	1410.057617	2314.166992
3062.171915	5962.455333	1408.979492	2109.492188
3062.171915	5962.455333	1407.902344	2187.013428
3062.171915	5962.455333	1406.824219	2310.073486
3062.171915	5962.455333	1405.746094	2382.788574
3062.171915	5962.455333	1404.666992	1843.093384
3062.171915	5962.455333	1403.588867	1980.736084
3062.171915	5962.455333	1402.509766	2399.595703
3062.171915	5962.455333	1401.430664	2203.205811
3062.171915	5962.455333	1400.351563	1957.422119
3062.171915	5962.455333	1399.271484	2159.429199
3062.171915	5962.455333	1398.192383	2148.776611
3062.171915	5962.455333	1397.112305	2065.689941
3062.171915	5962.455333	1396.031250	2032.299438
3062.171915	5962.455333	1394.951172	2204.708252
3062.171915	5962.455333	1393.871094	1979.018677
3062.171915	5962.455333	1392.790039	2038.396851
3062.171915	5962.455333	1391.708984	1821.588501
3062.171915	5962.455333	1390.626953	1822.287476
3062.171915	5962.455333	1389.545898	1691.268188
3062.171915	5962.455333	1388.463867	1795.857300
3062.171915	5962.455333	1387.381836	1731.154907
3062.171915	5962.455333	1386.299805	1689.614868
3062.171915	5962.455333	1385.217773	1533.077271
3062.171915	5962.455333	1384.134766	1535.110107
3062.171915	5962.455333	1383.051758	1291.676147
3062.171915	5962.455333	1381.968750	1538.470947
3062.171915	5962.455333	1380.885742	1070.657104
3062.171915	5962.455333	1379.802734	1340.147095
3062.171915	5962.455333	1378.718750	1332.416138
3062.171915	5962.455333	1377.634766	1492.306519
3062.171915	5962.455333	1376.550781	1526.966919
3062.171915	5962.455333	1375.465820	1646.631104
3062.171915	5962.455333	1374.381836	1575.112183
3062.171915	5962.455333	1373.296875	1300.795288
3062.171915	5962.455333	1372.211914	1530.634888
3062.171915	5962.455333	1371.126953	1712.879150
3062.171915	5962.455333	1370.041016	1378.858521
3062.171915	5962.455333	1368.955078	1587.020752
3062.171915	5962.455333	1367.869141	1585.745117
3062.171915	5962.455333	1366.783203	1644.881348
3062.171915	5962.455333	1365.697266	1535.867188
3062.171915	5962.455333	1364.610352	1535.229126
3062.171915	5962.455333	1363.523438	1140.040894
3062.171915	5962.455333	1362.436523	1391.783203
3062.171915	5962.455333	1361.349609	1306.827271
3062.171915	5962.455333	1360.261719	1485.030396
3062.171915	5962.455333	1359.174805	997.688232
3062.171915	5962.455333	1358.086914	1219.195190
3062.171915	5962.455333	1356.998047	1234.766602
3062.171915	5962.455333	1355.910156	1355.091675
3062.171915	5962.455333	1354.821289	1269.296265
3062.171915	5962.455333	1353.732422	1288.469971
3062.171915	5962.455333	1352.643555	1220.991699
3062.171915	5962.455333	1351.554688	979.457214
3062.171915	5962.455333	1350.464844	1123.557251
3062.171915	5962.455333	1349.375000	1185.509766
3062.171915	5962.455333	1348.285156	1001.238342
3062.171915	5962.455333	1347.195313	1151.565430
3062.171915	5962.455333	1346.105469	1121.740967
3062.171915	5962.455333	1345.014648	1025.046265
3062.171915	5962.455333	1343.923828	1016.889771
3062.171915	5962.455333	1342.833008	901.863098
3062.171915	5962.455333	1341.741211	1036.242310
3062.171915	5962.455333	1340.650391	893.344604
3062.171915	5962.455333	1339.558594	989.370544
3062.171915	5962.455333	1338.466797	1155.538086
3062.171915	5962.455333	1337.374023	938.242981
3062.171915	5962.455333	1336.282227	885.879272
3062.171915	5962.455333	1335.189453	986.074524
3062.171915	5962.455333	1334.096680	715.698425
3062.171915	5962.455333	1333.003906	831.670776
3062.171915	5962.455333	1331.910156	877.421204
3062.171915	5962.455333	1330.817383	701.935974
3062.171915	5962.455333	1329.723633	845.338196
3062.171915	5962.455333	1328.629883	1006.918762
3062.171915	5962.455333	1327.535156	958.865479
3062.171915	5962.455333	1326.441406	1008.319824
3062.171915	5962.455333	1325.346680	1062.152100
3062.171915	5962.455333	1324.251953	947.988525
3062.171915	5962.455333	1323.156250	959.152222
3062.171915	5962.455333	1322.061523	1070.349854
3062.171915	5962.455333	1320.965820	1187.402222
3062.171915	5962.455333	1319.870117	1008.194397
3062.171915	5962.455333	1318.774414	961.578003
3062.171915	5962.455333	1317.678711	823.158203
3062.171915	5962.455333	1316.582031	967.524597
3062.171915	5962.455333	1315.485352	1206.519043
3062.171915	5962.455333	1314.388672	1269.487183
3062.171915	5962.455333	1313.291016	1238.905518
3062.171915	5962.455333	1312.194336	1407.023438
3062.171915	5962.455333	1311.096680	1209.122559
3062.171915	5962.455333	1309.999023	1235.688965
3062.171915	5962.455333	1308.901367	1301.960449
3062.171915	5962.455333	1307.802734	1499.806763
3062.171915	5962.455333	1306.705078	1272.927612
3062.171915	5962.455333	1305.606445	1423.558716
3062.171915	5962.455333	1304.506836	1461.481201
3062.171915	5962.455333	1303.408203	1664.298584
3062.171915	5962.455333	1302.308594	1669.260620
3062.171915	5962.455333	1301.208984	1780.215820
3062.171915	5962.455333	1300.109375	1745.032959
3062.171915	5962.455333	1299.009766	1675.756958
3062.171915	5962.455333	1297.909180	1801.258179
3062.171915	5962.455333	1296.808594	1930.253662
3062.171915	5962.455333	1295.708008	1580.700317
3062.171915	5962.455333	1294.607422	1754.219116
3062.171915	5962.455333	1293.506836	1632.555664
3062.171915	5962.455333	1292.405273	1903.522461
3062.171915	5962.455333	1291.303711	1690.838257
3062.171915	5962.455333	1290.202148	1486.629517
3062.171915	5962.455333	1289.099609	1320.572144
3062.171915	5962.455333	1287.998047	1359.730225
3062.171915	5962.455333	1286.895508	1348.377075
3062.171915	5962.455333	1285.792969	1089.364258
3062.171915	5962.455333	1284.689453	924.369446
3062.171915	5962.455333	1283.586914	1178.780396
3062.171915	5962.455333	1282.483398	1089.248291
3062.171915	5962.455333	1281.379883	1087.670898
3062.171915	5962.455333	1280.276367	1149.001221
3062.171915	5962.455333	1279.171875	987.593079
3062.171915	5962.455333	1278.067383	1080.207520
3062.171915	5962.455333	1276.962891	871.158997
3062.171915	5962.455333	1275.858398	870.552551
3062.171915	5962.455333	1274.753906	602.899841
3062.171915	5962.455333	1273.648438	820.084412
3062.171915	5962.455333	1272.542969	726.892395
3062.171915	5962.455333	1271.437500	729.854919
3062.171915	5962.455333	1270.331055	732.310669
3062.171915	5962.455333	1269.225586	859.997803
3062.171915	5962.455333	1268.119141	969.681824
3062.171915	5962.455333	1267.012695	1114.775757
3062.171915	5962.455333	1265.906250	960.586121
3062.171915	5962.455333	1264.798828	1000.977173
3062.171915	5962.455333	1263.691406	1072.914551
3062.171915	5962.455333	1262.583984	1201.985962
3062.171915	5962.455333	1261.476563	1118.562378
3062.171915	5962.455333	1260.368164	1060.193848
3062.171915	5962.455333	1259.260742	1188.532227
3062.171915	5962.455333	1258.152344	1164.991821
3062.171915	5962.455333	1257.043945	1348.213989
3062.171915	5962.455333	1255.934570	1148.877808
3062.171915	5962.455333	1254.825195	1167.901733
3062.171915	5962.455333	1253.716797	1075.034424
3062.171915	5962.455333	1252.606445	1166.592407
3062.171915	5962.455333	1251.497070	1170.823486
3062.171915	5962.455333	1250.387695	1258.758423
3062.171915	5962.455333	1249.277344	1193.160034
3062.171915	5962.455333	1248.166992	1179.003784
3062.171915	5962.455333	1247.055664	1168.251953
3062.171915	5962.455333	1245.945313	1388.852783
3062.171915	5962.455333	1244.833984	1098.012329
3062.171915	5962.455333	1243.722656	1236.100464
3062.171915	5962.455333	1242.611328	1240.228271
3062.171915	5962.455333	1241.499023	998.024292
3062.171915	5962.455333	1240.387695	775.718262
3062.171915	5962.455333	1239.275391	903.670410
3062.171915	5962.455333	1238.162109	835.497925
3062.171915	5962.455333	1237.049805	741.653320
3062.171915	5962.455333	1235.936523	663.403015
3062.171915	5962.455333	1234.823242	586.236084
3062.171915	5962.455333	1233.709961	591.010071
3062.171915	5962.455333	1232.596680	406.094238
3062.171915	5962.455333	1231.482422	505.888306
3062.171915	5962.455333	1230.369141	349.896027
3062.171915	5962.455333	1229.253906	567.945190
3062.171915	5962.455333	1228.139648	409.212219
3062.171915	5962.455333	1227.025391	527.667236
3062.171915	5962.455333	1225.910156	485.457947
3062.171915	5962.455333	1224.794922	507.159668
3062.171915	5962.455333	1223.679688	334.725800
3062.171915	5962.455333	1222.563477	124.680901
3062.171915	5962.455333	1221.447266	146.707855
3062.171915	5962.455333	1220.331055	121.363602
3062.171915	5962.455333	1219.214844	-43.769554
3062.171915	5962.455333	1218.098633	128.216904
3062.171915	5962.455333	1216.981445	55.777096
3062.171915	5962.455333	1215.864258	157.656693
3062.171915	5962.455333	1214.747070	239.268127
3062.171915	5962.455333	1213.629883	189.150833
3062.171915	5962.455333	1212.511719	252.999039
3062.171915	5962.455333	1211.393555	152.976608
3062.171915	5962.455333	1210.275391	366.654236
3062.171915	5962.455333	1209.157227	427.040161
3062.171915	5962.455333	1208.038086	352.709290
3062.171915	5962.455333	1206.918945	374.218353
3062.171915	5962.455333	1205.799805	517.370544
3062.171915	5962.455333	1204.680664	551.060852
3062.171915	5962.455333	1203.560547	447.301514
3062.171915	5962.455333	1202.441406	714.971802
3062.171915	5962.455333	1201.321289	634.447266
3062.171915	5962.455333	1200.200195	654.161865
3062.171915	5962.455333	1199.080078	720.049927
3062.171915	5962.455333	1197.958984	713.103882
3062.171915	5962.455333	1196.837891	735.779541
3062.171915	5962.455333	1195.716797	579.641907
3062.171915	5962.455333	1194.594727	505.734070
3062.171915	5962.455333	1193.473633	474.747070
3062.171915	5962.455333	1192.351563	136.262482
3062.171915	5962.455333	1191.229492	162.998291
3062.171915	5962.455333	1190.106445	165.483673
3062.171915	5962.455333	1188.984375	186.748123
3062.171915	5962.455333	1187.861328	1.986067
3062.171915	5962.455333	1186.738281	91.761475
3062.171915	5962.455333	1185.614258	165.218552
3062.171915	5962.455333	1184.491211	90.057396
3062.171915	5962.455333	1183.367188	243.049973
3062.171915	5962.455333	1182.243164	185.750885
3062.171915	5962.455333	1181.119141	31.098438
3062.171915	5962.455333	1179.994141	113.761887
3062.171915	5962.455333	1178.869141	113.591057
3062.171915	5962.455333	1177.744141	65.580933
3062.171915	5962.455333	1176.619141	71.496063
3062.171915	5962.455333	1175.493164	-137.361771
3062.171915	5962.455333	1174.368164	-88.628677
3062.171915	5962.455333	1173.242188	-43.532131
3062.171915	5962.455333	1172.115234	-73.948418
3062.171915	5962.455333	1170.989258	18.967415
3062.171915	5962.455333	1169.862305	88.331154
3062.171915	5962.455333	1168.735352	-74.279884
3062.171915	5962.455333	1167.608398	-4.858815
3062.171915	5962.455333	1166.481445	-98.031570
3062.171915	5962.455333	1165.353516	6.934585
3062.171915	5962.455333	1164.225586	-3.048589
3062.171915	5962.455333	1163.097656	-155.544464
3062.171915	5962.455333	1161.968750	-189.732666
3062.171915	5962.455333	1160.840820	-154.688248
3062.171915	5962.455333	1159.711914	44.173717
3062.171915	5962.455333	1158.583008	-158.765701
3062.171915	5962.455333	1157.453125	-313.505768
3062.171915	5962.455333	1156.324219	-265.942963
3062.171915	5962.455333	1155.194336	-67.864182
3062.171915	5962.455333	1154.064453	-198.345886
3062.171915	5962.455333	1152.933594	-257.853485
3062.171915	5962.455333	1151.803711	-61.365620
3062.171915	5962.455333	1150.672852	-286.995087
3062.171915	5962.455333	1149.541992	-255.521011
3062.171915	5962.455333	1148.411133	-204.336624
3062.171915	5962.455333	1147.279297	-315.502502
3062.171915	5962.455333	1146.147461	-278.622589
3062.171915	5962.455333	1145.015625	-208.692627
3062.171915	5962.455333	1143.883789	-154.096924
3062.171915	5962.455333	1142.750977	-304.513672
3062.171915	5962.455333	1141.619141	-211.638107
3062.171915	5962.455333	1140.486328	-53.286037
3062.171915	5962.455333	1139.352539	-202.239517
3062.171915	5962.455333	1138.219727	-273.822021
3062.171915	5962.455333	1137.085938	-116.854820
3062.171915	5962.455333	1135.952148	-37.449501
3062.171915	5962.455333	1134.818359	126.044876
3062.171915	5962.455333	1133.683594	190.576370
3062.171915	5962.455333	1132.549805	299.880310
3062.171915	5962.455333	1131.415039	461.977234
3062.171915	5962.455333	1130.279297	613.898621
3062.171915	5962.455333	1129.144531	675.805359
3062.171915	5962.455333	1128.008789	816.374512
3062.171915	5962.455333	1126.873047	678.041504
3062.171915	5962.455333	1125.737305	514.241455
3062.171915	5962.455333	1124.601563	545.718384
3062.171915	5962.455333	1123.464844	572.930115
3062.171915	5962.455333	1122.328125	482.974670
3062.171915	5962.455333	1121.191406	613.383057
3062.171915	5962.455333	1120.054688	557.831848
3062.171915	5962.455333	1118.916992	544.647766
3062.171915	5962.455333	1117.779297	398.160645
3062.171915	5962.455333	1116.641602	562.375305
3062.171915	5962.455333	1115.503906	328.290588
3062.171915	5962.455333	1114.365234	283.655670
3062.171915	5962.455333	1113.226563	233.428940
3062.171915	5962.455333	1112.087891	290.612274
3062.171915	5962.455333	1110.949219	201.394073
3062.171915	5962.455333	1109.809570	254.766220
3062.171915	5962.455333	1108.669922	449.489471
3062.171915	5962.455333	1107.530273	299.207306
3062.171915	5962.455333	1106.390625	335.874817
3062.171915	5962.455333	1105.250000	430.420013
3062.171915	5962.455333	1104.109375	440.554352
3062.171915	5962.455333	1102.968750	399.693909
3062.171915	5962.455333	1101.828125	448.294739
3062.171915	5962.455333	1100.686523	500.895844
3062.171915	5962.455333	1099.544922	646.242371
3062.171915	5962.455333	1098.403320	704.235840
3062.171915	5962.455333	1097.261719	659.596008
3062.171915	5962.455333	1096.120117	583.384583
3062.171915	5962.455333	1094.977539	569.809998
3062.171915	5962.455333	1093.834961	649.720520
3062.171915	5962.455333	1092.691406	614.186646
3062.171915	5962.455333	1091.548828	401.323822
3062.171915	5962.455333	1090.405273	452.607605
3062.171915	5962.455333	1089.261719	512.315613
3062.171915	5962.455333	1088.118164	509.244995
3062.171915	5962.455333	1086.973633	320.934448
3062.171915	5962.455333	1085.829102	553.132690
3062.171915	5962.455333	1084.684570	438.826324
3062.171915	5962.455333	1083.540039	425.109406
3062.171915	5962.455333	1082.395508	382.723480
3062.171915	5962.455333	1081.250000	145.987015
3062.171915	5962.455333	1080.104492	240.097641
3062.171915	5962.455333	1078.958984	453.078156
3062.171915	5962.455333	1077.812500	213.592453
3062.171915	5962.455333	1076.666016	310.750641
3062.171915	5962.455333	1075.519531	249.528671
3062.171915	5962.455333	1074.373047	291.670166
3062.171915	5962.455333	1073.226563	406.120880
3062.171915	5962.455333	1072.079102	452.930878
3062.171915	5962.455333	1070.931641	513.225586
3062.171915	5962.455333	1069.784180	387.106049
3062.171915	5962.455333	1068.635742	538.688477
3062.171915	5962.455333	1067.487305	370.677704
3062.171915	5962.455333	1066.338867	373.807678
3062.171915	5962.455333	1065.190430	618.773254
3062.171915	5962.455333	1064.041992	616.307373
3062.171915	5962.455333	1062.892578	667.837280
3062.171915	5962.455333	1061.743164	530.865417
3062.171915	5962.455333	1060.593750	546.796509
3062.171915	5962.455333	1059.443359	440.739288
3062.171915	5962.455333	1058.292969	432.374146
3062.171915	5962.455333	1057.142578	325.388184
3062.171915	5962.455333	1055.992188	267.706879
3062.171915	5962.455333	1054.841797	258.824005
3062.171915	5962.455333	1053.690430	370.149475
3062.171915	5962.455333	1052.539063	69.586975
3062.171915	5962.455333	1051.387695	137.366638
3062.171915	5962.455333	1050.235352	408.251617
3062.171915	5962.455333	1049.083984	275.584747
3062.171915	5962.455333	1047.931641	116.701134
3062.171915	5962.455333	1046.778320	117.544556
3062.171915	5962.455333	1045.625977	146.890076
3062.171915	5962.455333	1044.472656	-58.462891
3062.171915	5962.455333	1043.319336	-107.625404
3062.171915	5962.455333	1042.166016	87.509727
3062.171915	5962.455333	1041.012695	30.180565
3062.171915	5962.455333	1039.858398	40.473679
3062.171915	5962.455333	1038.704102	12.054811
3062.171915	5962.455333	1037.549805	39.310486
3062.171915	5962.455333	1036.394531	129.391479
3062.171915	5962.455333	1035.239258	55.695278
3062.171915	5962.455333	1034.083984	281.746155
3062.171915	5962.455333	1032.928711	377.417938
3062.171915	5962.455333	1031.773438	240.900925
3062.171915	5962.455333	1030.617188	378.043701
3062.171915	5962.455333	1029.460938	332.772583
3062.171915	5962.455333	1028.304688	224.393143
3062.171915	5962.455333	1027.147461	105.959740
3062.171915	5962.455333	1025.991211	298.210785
3062.171915	5962.455333	1024.833984	230.965118
3062.171915	5962.455333	1023.675781	141.754562
3062.171915	5962.455333	1022.518555	-5.572543
3062.171915	5962.455333	1021.360352	-84.501602
3062.171915	5962.455333	1020.202148	153.070267
3062.171915	5962.455333	1019.043945	161.547287
3062.171915	5962.455333	1017.884766	178.143372
3062.171915	5962.455333	1016.726563	89.529045
3062.171915	5962.455333	1015.567383	162.463165
3062.171915	5962.455333	1014.407227	-12.843637
3062.171915	5962.455333	1013.248047	253.759186
3062.171915	5962.455333	1012.087891	193.375717
3062.171915	5962.455333	1010.927734	251.670105
3062.171915	5962.455333	1009.767578	300.171631
3062.171915	5962.455333	1008.606445	301.881683
3062.171915	5962.455333	1007.446289	312.953552
3062.171915	5962.455333	1006.285156	358.056946
3062.171915	5962.455333	1005.123047	307.335236
3062.171915	5962.455333	1003.961914	294.603241
3062.171915	5962.455333	1002.799805	373.549866
3062.171915	5962.455333	1001.637695	122.073280
3062.171915	5962.455333	1000.475586	323.325806
3062.171915	5962.455333	999.312500	391.724335
3062.171915	5962.455333	998.149414	376.410400
3062.171915	5962.455333	996.986328	237.884064
3062.171915	5962.455333	995.823242	45.551537
3062.171915	5962.455333	994.659180	8.425115
3062.171915	5962.455333	993.496094	-95.325478
3062.171915	5962.455333	992.332031	33.931664
3062.171915	5962.455333	991.166992	32.162167
3062.171915	5962.455333	990.002930	82.438515
3062.171915	5962.455333	988.837891	74.668579
3062.171915	5962.455333	987.672852	115.071754
3062.171915	5962.455333	986.506836	6.039752
3062.171915	5962.455333	985.341797	133.585983
3062.171915	5962.455333	984.175781	-75.351883
3062.171915	5962.455333	983.009766	98.752426
3062.171915	5962.455333	981.843750	-49.677261
3062.171915	5962.455333	980.676758	70.168449
3062.171915	5962.455333	979.509766	183.398041
3062.171915	5962.455333	978.342773	17.868965
3062.171915	5962.455333	977.175781	-6.303553
3062.171915	5962.455333	976.007813	100.185738
3062.171915	5962.455333	974.839844	-44.886471
3062.171915	5962.455333	973.671875	18.673180
3062.171915	5962.455333	972.503906	94.025833
3062.171915	5962.455333	971.334961	-10.604545
3062.171915	5962.455333	970.166016	172.304062
3062.171915	5962.455333	968.997070	-45.240524
3062.171915	5962.455333	967.828125	-56.466835
3062.171915	5962.455333	966.658203	-84.644272
3062.171915	5962.455333	965.488281	129.720078
3062.171915	5962.455333	964.318359	216.752182
3062.171915	5962.455333	963.148438	-109.666145
3062.171915	5962.455333	961.977539	-36.825981
3062.171915	5962.455333	960.806641	255.690567
3062.171915	5962.455333	959.635742	-43.383141
3062.171915	5962.455333	958.463867	246.470276
3062.171915	5962.455333	957.292969	213.681747
3062.171915	5962.455333	956.121094	52.263542
3062.171915	5962.455333	954.948242	279.599274
3062.171915	5962.455333	953.776367	189.740204
3062.171915	5962.455333	952.603516	97.102669
3062.171915	5962.455333	951.430664	54.463249
3062.171915	5962.455333	950.257813	-85.786507
3062.171915	5962.455333	949.084961	118.516403
3062.171915	5962.455333	947.911133	9.638952
3062.171915	5962.455333	946.737305	-37.135284
3062.171915	5962.455333	945.563477	-82.876709
3062.171915	5962.455333	944.388672	110.844604
3062.171915	5962.455333	943.213867	-73.872246
3062.171915	5962.455333	942.039063	226.639618
3062.171915	5962.455333	940.864258	15.377169
3062.171915	5962.455333	939.688477	-87.685898
3062.171915	5962.455333	938.513672	289.687164
3062.171915	5962.455333	937.337891	-30.216326
3062.171915	5962.455333	936.161133	50.251865
3062.171915	5962.455333	934.985352	396.509277
3062.171915	5962.455333	933.808594	489.729797
3062.171915	5962.455333	932.631836	493.159210
3062.171915	5962.455333	931.454102	571.737793
3062.171915	5962.455333	930.277344	512.340271
3062.171915	5962.455333	929.099609	436.240906
3062.171915	5962.455333	927.921875	610.632813
3062.171915	5962.455333	926.743164	588.745239
3062.171915	5962.455333	925.565430	602.371033
3062.171915	5962.455333	924.386719	542.942383
3062.171915	5962.455333	923.208008	191.491348
3062.171915	5962.455333	922.028320	150.883743
3062.171915	5962.455333	920.849609	471.020050
3062.171915	5962.455333	919.669922	479.020660
3062.171915	5962.455333	919.474609	212.772583
3062.171915	5962.455333	918.309570	232.485794
3062.171915	5962.455333	917.143555	35.448132
3062.171915	5962.455333	915.977539	34.319664
3062.171915	5962.455333	914.810547	54.008930
3062.171915	5962.455333	913.644531	213.202698
3062.171915	5962.455333	912.477539	5.847248
3062.171915	5962.455333	911.310547	341.909332
3062.171915	5962.455333	910.143555	15.938347
3062.171915	5962.455333	908.975586	166.628860
3062.171915	5962.455333	907.807617	123.752312
3062.171915	5962.455333	906.639648	114.159851
3062.171915	5962.455333	905.471680	179.424301
3062.171915	5962.455333	904.303711	-42.290707
3062.171915	5962.455333	903.134766	64.534439
3062.171915	5962.455333	901.965820	46.596985
3062.171915	5962.455333	900.796875	-54.464863
3062.171915	5962.455333	899.626953	189.384064
3062.171915	5962.455333	898.457031	148.552917
3062.171915	5962.455333	897.287109	153.414246
3062.171915	5962.455333	896.117188	172.796661
3062.171915	5962.455333	894.947266	235.754303
3062.171915	5962.455333	893.776367	99.439438
3062.171915	5962.455333	892.605469	139.547348
3062.171915	5962.455333	891.434570	204.524719
3062.171915	5962.455333	890.262695	375.256195
3062.171915	5962.455333	889.091797	359.264740
3062.171915	5962.455333	887.919922	-54.802933
3062.171915	5962.455333	886.748047	308.633209
3062.171915	5962.455333	885.575195	222.190140
3062.171915	5962.455333	884.403320	-7.203866
3062.171915	5962.455333	883.230469	-145.353409
3062.171915	5962.455333	882.057617	130.792252
3062.171915	5962.455333	880.883789	13.372424
3062.171915	5962.455333	879.710938	-0.491213
3062.171915	5962.455333	878.537109	-18.490088
3062.171915	5962.455333	877.362305	15.257886
3062.171915	5962.455333	876.188477	-11.023085
3062.171915	5962.455333	875.013672	-12.467860
3062.171915	5962.455333	873.839844	118.445618
3062.171915	5962.455333	872.664063	104.565163
3062.171915	5962.455333	871.489258	30.725010
3062.171915	5962.455333	870.313477	-100.958817
3062.171915	5962.455333	869.138672	-17.676186
3062.171915	5962.455333	867.962891	-33.599213
3062.171915	5962.455333	866.786133	-45.383038
3062.171915	5962.455333	865.610352	58.485580
3062.171915	5962.455333	864.433594	139.601059
3062.171915	5962.455333	863.256836	43.137066
3062.171915	5962.455333	862.079102	-164.741989
3062.171915	5962.455333	860.902344	-104.275833
3062.171915	5962.455333	859.724609	-35.579094
3062.171915	5962.455333	858.546875	66.090195
3062.171915	5962.455333	857.368164	-13.764752
3062.171915	5962.455333	856.190430	-266.795776
3062.171915	5962.455333	855.011719	-150.713318
3062.171915	5962.455333	853.833008	-30.559635
3062.171915	5962.455333	852.654297	48.328358
3062.171915	5962.455333	851.474609	22.116859
3062.171915	5962.455333	850.294922	72.124931
3062.171915	5962.455333	849.115234	-54.996128
3062.171915	5962.455333	847.935547	-37.941704
3062.171915	5962.455333	846.754883	-181.456787
3062.171915	5962.455333	845.575195	-174.681549
3062.171915	5962.455333	844.393555	-221.398727
3062.171915	5962.455333	843.212891	-150.843384
3062.171915	5962.455333	842.032227	73.940544
3062.171915	5962.455333	840.850586	-184.621109
3062.171915	5962.455333	839.668945	-1.043354
3062.171915	5962.455333	838.486328	-405.430695
3062.171915	5962.455333	837.304688	-279.436066
3062.171915	5962.455333	836.122070	-256.227234
3062.171915	5962.455333	834.939453	-122.101547
3062.171915	5962.455333	833.756836	16.071661
3062.171915	5962.455333	832.573242	-248.287811
3062.171915	5962.455333	831.389648	-278.498749
3062.171915	5962.455333	830.206055	87.449318
3062.171915	5962.455333	829.022461	-96.743713
3062.171915	5962.455333	827.838867	-110.572281
3062.171915	5962.455333	826.654297	-118.241692
3062.171915	5962.455333	825.469727	-183.341263
3062.171915	5962.455333	824.284180	-289.424957
3062.171915	5962.455333	823.099609	-344.227692
3062.171915	5962.455333	821.914063	-204.293625
3062.171915	5962.455333	820.728516	-138.198410
3062.171915	5962.455333	819.542969	-178.676834
3062.171915	5962.455333	818.356445	-296.981232
3062.171915	5962.455333	817.169922	-44.566154
3062.171915	5962.455333	815.983398	-209.962341
3062.171915	5962.455333	814.796875	-268.851868
3062.171915	5962.455333	813.609375	-80.073074
3062.171915	5962.455333	812.422852	-376.354980
3062.171915	5962.455333	811.235352	-169.243988
3062.171915	5962.455333	810.046875	-58.360725
3062.171915	5962.455333	808.859375	-188.851166
3062.171915	5962.455333	807.670898	-31.010824
3062.171915	5962.455333	806.482422	96.086548
3062.171915	5962.455333	805.293945	-28.261732
3062.171915	5962.455333	804.104492	53.805977
3062.171915	5962.455333	802.915039	80.665154
3062.171915	5962.455333	801.725586	33.967567
3062.171915	5962.455333	800.536133	142.467499
3062.171915	5962.455333	799.345703	79.414207
3062.171915	5962.455333	798.155273	38.820869
3062.171915	5962.455333	796.964844	420.665375
3062.171915	5962.455333	795.774414	-36.251148
3062.171915	5962.455333	794.583008	53.706165
3062.171915	5962.455333	793.392578	80.375008
3062.171915	5962.455333	792.200195	5.068393
3062.171915	5962.455333	791.008789	-15.192094
3062.171915	5962.455333	789.816406	-159.793457
3062.171915	5962.455333	788.625000	17.608967
3062.171915	5962.455333	787.432617	-61.791862
3062.171915	5962.455333	786.239258	-106.551407
3062.171915	5962.455333	785.046875	154.156540
3062.171915	5962.455333	783.853516	-25.066048
3062.171915	5962.455333	782.660156	-25.101345
3062.171915	5962.455333	781.465820	-116.746483
3062.171915	5962.455333	780.272461	135.501648
3062.171915	5962.455333	779.078125	-49.782528
3062.171915	5962.455333	777.883789	-157.728210
3062.171915	5962.455333	776.688477	-194.480331
3062.171915	5962.455333	775.494141	-123.496529
3062.171915	5962.455333	774.298828	-166.404770
3062.171915	5962.455333	773.103516	-225.587128
3062.171915	5962.455333	771.907227	-22.660334
3062.171915	5962.455333	770.711914	-146.925583
3062.171915	5962.455333	769.515625	92.387306
3062.171915	5962.455333	768.318359	12.758872
3062.171915	5962.455333	767.122070	52.902729
3062.171915	5962.455333	765.924805	-40.970703
3062.171915	5962.455333	764.727539	1.122896
3062.171915	5962.455333	763.530273	134.460022
3062.171915	5962.455333	762.333008	206.843521
3062.171915	5962.455333	761.134766	96.630913
3062.171915	5962.455333	759.936523	124.301743
3062.171915	5962.455333	758.738281	157.998703
3062.171915	5962.455333	757.540039	5.167192
3062.171915	5962.455333	756.340820	-42.269039
3062.171915	5962.455333	755.141602	112.865982
3062.171915	5962.455333	753.942383	263.837006
3062.171915	5962.455333	752.742188	250.663315
3062.171915	5962.455333	751.541992	334.631378
3062.171915	5962.455333	750.341797	272.764679
3062.171915	5962.455333	749.141602	158.249847
3062.171915	5962.455333	747.941406	310.826172
3062.171915	5962.455333	746.740234	178.041122
3062.171915	5962.455333	745.539063	186.840439
3062.171915	5962.455333	744.337891	153.112915
3062.171915	5962.455333	743.135742	131.478043
3062.171915	5962.455333	741.933594	216.925720
3062.171915	5962.455333	740.731445	128.479462
3062.171915	5962.455333	739.529297	264.285797
3062.171915	5962.455333	738.326172	101.007996
3062.171915	5962.455333	737.124023	103.343124
3062.171915	5962.455333	735.919922	131.873444
3062.171915	5962.455333	734.716797	311.735565
3062.171915	5962.455333	733.513672	212.919861
3062.171915	5962.455333	732.309570	176.640091
3062.171915	5962.455333	731.105469	182.678619
3062.171915	5962.455333	729.900391	257.232483
3062.171915	5962.455333	728.696289	363.950714
3062.171915	5962.455333	727.491211	226.587646
3062.171915	5962.455333	726.286133	397.638733
3062.171915	5962.455333	725.080078	387.161224
3062.171915	5962.455333	723.874023	300.045166
3062.171915	5962.455333	722.668945	424.421204
3062.171915	5962.455333	721.461914	401.643005
3062.171915	5962.455333	720.255859	272.067047
3062.171915	5962.455333	719.048828	267.299377
3062.171915	5962.455333	717.841797	149.733398
3062.171915	5962.455333	716.634766	154.900452
3062.171915	5962.455333	715.427734	339.060425
3062.171915	5962.455333	714.219727	281.669434
3062.171915	5962.455333	713.011719	238.300735
3062.171915	5962.455333	711.803711	414.045349
3062.171915	5962.455333	710.594727	229.778091
3062.171915	5962.455333	709.385742	166.102783
3062.171915	5962.455333	708.176758	190.790100
3062.171915	5962.455333	706.967773	36.569660
3062.171915	5962.455333	705.758789	69.136971
3062.171915	5962.455333	704.548828	-167.502579
3062.171915	5962.455333	703.338867	97.832375
3062.171915	5962.455333	702.127930	154.196899
3062.171915	5962.455333	700.917969	178.333878
3062.171915	5962.455333	699.707031	-22.365524
3062.171915	5962.455333	698.496094	47.760838
3062.171915	5962.455333	697.285156	101.720016
3062.171915	5962.455333	696.073242	33.241592
3062.171915	5962.455333	694.861328	197.266251
3062.171915	5962.455333	693.649414	20.365551
3062.171915	5962.455333	692.436523	15.795230
3062.171915	5962.455333	691.224609	77.249634
3062.171915	5962.455333	690.011719	-123.839172
3062.171915	5962.455333	688.798828	9.526576
3062.171915	5962.455333	687.584961	48.627747
3062.171915	5962.455333	686.372070	129.653503
3062.171915	5962.455333	685.158203	36.413246
3062.171915	5962.455333	683.943359	39.165894
3062.171915	5962.455333	682.729492	151.854050
3062.171915	5962.455333	681.514648	332.403870
3062.171915	5962.455333	680.299805	334.787415
3062.171915	5962.455333	679.084961	185.111511
3062.171915	5962.455333	677.869141	115.354767
3062.171915	5962.455333	676.653320	273.363525
3062.171915	5962.455333	675.437500	305.315002
3062.171915	5962.455333	674.221680	111.404022
3062.171915	5962.455333	673.004883	326.919403
3062.171915	5962.455333	671.789063	408.445068
3062.171915	5962.455333	670.571289	425.942017
3062.171915	5962.455333	669.354492	353.501068
3062.171915	5962.455333	668.136719	426.664856
3062.171915	5962.455333	666.919922	513.654785
3062.171915	5962.455333	665.701172	518.713135
3062.171915	5962.455333	664.483398	272.367310
3062.171915	5962.455333	663.264648	394.897675
3062.171915	5962.455333	662.045898	567.104004
3062.171915	5962.455333	660.827148	394.317902
3062.171915	5962.455333	659.608398	452.646606
3062.171915	5962.455333	658.388672	582.560669
3062.171915	5962.455333	657.168945	459.341766
3062.171915	5962.455333	655.949219	379.874390
3062.171915	5962.455333	654.728516	373.994171
3062.171915	5962.455333	653.507813	658.630554
3062.171915	5962.455333	652.287109	531.068481
3062.171915	5962.455333	651.066406	524.821472
3062.171915	5962.455333	649.844727	627.875305
3062.171915	5962.455333	648.623047	744.693970
3062.171915	5962.455333	647.401367	626.707092
3062.171915	5962.455333	646.179688	651.797363
3062.171915	5962.455333	644.957031	742.353699
3062.171915	5962.455333	643.734375	467.107056
3062.171915	5962.455333	642.511719	853.470581
3062.171915	5962.455333	641.289063	895.910034
3062.171915	5962.455333	640.065430	729.688049
3062.171915	5962.455333	638.841797	863.239258
3062.171915	5962.455333	637.618164	1070.069580
3062.171915	5962.455333	636.393555	849.983276
3062.171915	5962.455333	635.168945	985.062927
3062.171915	5962.455333	633.944336	750.970764
3062.171915	5962.455333	632.719727	911.570190
3062.171915	5962.455333	631.494141	655.548096
3062.171915	5962.455333	630.269531	613.645569
3062.171915	5962.455333	629.042969	379.367889
3062.171915	5962.455333	627.817383	571.158508
3062.171915	5962.455333	626.590820	495.269562
3062.171915	5962.455333	625.365234	399.493622
3062.171915	5962.455333	624.137695	216.496231
3062.171915	5962.455333	622.911133	298.798126
3062.171915	5962.455333	621.683594	349.273865
3062.171915	5962.455333	620.456055	354.094147
3062.171915	5962.455333	619.228516	164.874664
3062.171915	5962.455333	618.000977	207.098297
3062.171915	5962.455333	616.772461	225.453125
3062.171915	5962.455333	615.543945	87.460869
3062.171915	5962.455333	614.314453	143.173767
3062.171915	5962.455333	613.085938	281.779907
3062.171915	5962.455333	611.856445	139.577530
3062.171915	5962.455333	610.626953	258.144470
3062.171915	5962.455333	609.397461	169.128769
3062.171915	5962.455333	608.166992	56.337292
3062.171915	5962.455333	606.936523	16.548359
3062.171915	5962.455333	605.706055	0.360336
3062.171915	5962.455333	604.474609	64.994904
3062.171915	5962.455333	603.244141	-83.623940
3062.171915	5962.455333	602.012695	-234.260620
3062.171915	5962.455333	600.780273	-35.804222
3062.171915	5962.455333	599.548828	-66.296021
3062.171915	5962.455333	598.316406	141.693481
3062.171915	5962.455333	597.083984	-9.279173
3062.171915	5962.455333	595.851563	131.398224
3062.171915	5962.455333	594.618164	232.501587
3062.171915	5962.455333	593.384766	-88.119255
3062.171915	5962.455333	592.151367	24.607933
3062.171915	5962.455333	590.917969	204.142136
3062.171915	5962.455333	589.683594	157.092102
3062.171915	5962.455333	588.449219	-94.740829
3062.171915	5962.455333	587.214844	94.251831
3062.171915	5962.455333	585.979492	135.502869
3062.171915	5962.455333	584.745117	101.900833
3062.171915	5962.455333	583.509766	-61.583336
3062.171915	5962.455333	582.273438	-97.288551
3062.171915	5962.455333	581.038086	-26.906857
3062.171915	5962.455333	579.801758	-37.232296
3062.171915	5962.455333	578.565430	58.469830
3062.171915	5962.455333	577.329102	-91.524849
3062.171915	5962.455333	576.091797	178.779572
3062.171915	5962.455333	574.854492	-32.227650
3062.171915	5962.455333	573.617188	-88.125328
3062.171915	5962.455333	572.378906	3.129184
3062.171915	5962.455333	571.141602	-29.363970
3062.171915	5962.455333	569.903320	20.478230
3062.171915	5962.455333	568.664063	56.483112
3062.171915	5962.455333	567.425781	-9.578866
3062.171915	5962.455333	566.186523	-114.911110
3062.171915	5962.455333	564.947266	203.169205
3062.171915	5962.455333	563.708008	131.010147
3062.171915	5962.455333	562.467773	-19.576403
3062.171915	5962.455333	561.227539	23.783978
3062.171915	5962.455333	559.987305	41.594673
3062.171915	5962.455333	558.747070	-24.874321
3062.171915	5962.455333	557.505859	235.574448
3062.171915	5962.455333	556.264648	137.636948
3062.171915	5962.455333	555.023438	423.255066
3062.171915	5962.455333	553.781250	352.580292
3062.171915	5962.455333	552.539063	236.883926
3062.171915	5962.455333	551.296875	197.453598
3062.171915	5962.455333	550.054688	249.885529
3062.171915	5962.455333	548.811523	227.944305
3062.171915	5962.455333	547.569336	272.419678
3062.171915	5962.455333	546.325195	133.123764
3062.171915	5962.455333	545.082031	120.833374
3062.171915	5962.455333	543.837891	-8.705225
3062.171915	5962.455333	542.593750	248.427109
3062.171915	5962.455333	541.349609	-11.989779
3062.171915	5962.455333	540.105469	104.397163
3062.171915	5962.455333	538.860352	-85.716103
3062.171915	5962.455333	537.615234	-29.943489
3062.171915	5962.455333	536.369141	-225.889877
3062.171915	5962.455333	535.124023	-140.935806
3062.171915	5962.455333	533.877930	-63.862854
3062.171915	5962.455333	532.631836	56.029587
3062.171915	5962.455333	531.384766	43.290798
3062.171915	5962.455333	530.138672	-199.410736
3062.171915	5962.455333	528.891602	74.236877
3062.171915	5962.455333	527.643555	-55.472015
3062.171915	5962.455333	526.396484	-64.406944
3062.171915	5962.455333	525.148438	-11.069634
3062.171915	5962.455333	523.900391	-12.286753
3062.171915	5962.455333	522.652344	-13.527642
3062.171915	5962.455333	521.403320	-184.079224
3062.171915	5962.455333	520.154297	-119.196869
3062.171915	5962.455333	518.905273	-318.869537
3062.171915	5962.455333	517.656250	-160.692627
3062.171915	5962.455333	516.406250	102.370041
3062.171915	5962.455333	515.156250	-46.751431
3062.171915	5962.455333	513.906250	-129.756042
3062.171915	5962.455333	512.655273	59.245792
3062.171915	5962.455333	511.404297	-78.170380
3062.171915	5962.455333	510.153320	-36.878468
3062.171915	5962.455333	508.902344	-15.031728
3062.171915	5962.455333	507.650391	-220.327652
3062.171915	5962.455333	506.398438	-334.330444
3062.171915	5962.455333	505.146484	-50.531406
3062.171915	5962.455333	503.893555	-271.242371
3062.171915	5962.455333	502.641602	-167.964951
3062.171915	5962.455333	501.388672	-74.443016
3062.171915	5962.455333	500.134766	-269.832092
3062.171915	5962.455333	498.881836	-226.733459
3062.171915	5962.455333	497.627930	-208.857040
3062.171915	5962.455333	496.374023	-94.122879
3062.171915	5962.455333	495.119141	-24.000450
3062.171915	5962.455333	493.865234	-99.145020
3062.171915	5962.455333	492.610352	-133.608490
3062.171915	5962.455333	491.355469	-135.152969
3062.171915	5962.455333	490.099609	-125.095840
3062.171915	5962.455333	488.843750	-144.067520
3062.171915	5962.455333	487.587891	-16.013210
3062.171915	5962.455333	486.332031	-81.421165
3062.171915	5962.455333	485.075195	81.357750
3062.171915	5962.455333	483.818359	-22.719311
3062.171915	5962.455333	482.561523	-250.453339
3062.171915	5962.455333	481.304688	20.462990
3062.171915	5962.455333	480.046875	-62.298088
3062.171915	5962.455333	478.789063	-114.121574
3062.171915	5962.455333	477.531250	-57.783428
3062.171915	5962.455333	476.272461	64.161743
3062.171915	5962.455333	475.013672	0.740753
3062.171915	5962.455333	473.754883	101.380463
3062.171915	5962.455333	472.496094	188.463699
3062.171915	5962.455333	471.236328	92.232292
3062.171915	5962.455333	469.976563	73.179428
3062.171915	5962.455333	468.716797	206.452225
3062.171915	5962.455333	467.456055	237.473831
3062.171915	5962.455333	466.196289	405.321289
3062.171915	5962.455333	464.935547	43.154541
3062.171915	5962.455333	463.673828	251.379959
3062.171915	5962.455333	462.413086	155.173874
3062.171915	5962.455333	461.151367	234.221176
3062.171915	5962.455333	459.889648	155.335327
3062.171915	5962.455333	458.626953	355.558594
3062.171915	5962.455333	457.364258	226.581146
3062.171915	5962.455333	456.101563	176.514587
3062.171915	5962.455333	454.838867	124.512375
3062.171915	5962.455333	453.575195	84.027191
3062.171915	5962.455333	452.312500	124.285240
3062.171915	5962.455333	451.047852	247.129547
3062.171915	5962.455333	449.784180	206.513092
3062.171915	5962.455333	448.519531	225.424408
3062.171915	5962.455333	447.254883	63.684391
3062.171915	5962.455333	445.990234	-74.995117
3062.171915	5962.455333	444.725586	-4.362427
3062.171915	5962.455333	443.459961	-29.830828
3062.171915	5962.455333	442.194336	169.219788
3062.171915	5962.455333	440.927734	-213.380249
3062.171915	5962.455333	439.662109	-10.695767
3062.171915	5962.455333	438.395508	63.282913
3062.171915	5962.455333	437.127930	87.264099
3062.171915	5962.455333	435.861328	-99.768501
3062.171915	5962.455333	434.593750	0.716218
3062.171915	5962.455333	433.326172	141.296265
3062.171915	5962.455333	432.058594	308.525909
3062.171915	5962.455333	430.790039	205.429428
3062.171915	5962.455333	429.521484	42.871456
3062.171915	5962.455333	428.252930	65.995399
3062.171915	5962.455333	426.984375	94.709045
3062.171915	5962.455333	425.714844	127.077263
3062.171915	5962.455333	424.445313	117.170097
3062.171915	5962.455333	423.174805	162.575073
3062.171915	5962.455333	421.905273	37.549690
3062.171915	5962.455333	420.634766	38.603485
3062.171915	5962.455333	419.364258	136.976776
3062.171915	5962.455333	418.092773	64.960457
3062.171915	5962.455333	416.822266	218.294464
3062.171915	5962.455333	415.550781	205.089478
3062.171915	5962.455333	414.278320	-58.610378
3062.171915	5962.455333	413.006836	-39.756496
3062.171915	5962.455333	411.734375	87.666077
3062.171915	5962.455333	410.461914	235.769638
3062.171915	5962.455333	409.188477	186.921692
3062.171915	5962.455333	407.916016	174.075378
3062.171915	5962.455333	406.642578	-115.721176
3062.171915	5962.455333	405.368164	53.980892
3062.171915	5962.455333	404.094727	30.681902
3062.171915	5962.455333	402.820313	83.305435
3062.171915	5962.455333	401.545898	181.300735
3062.171915	5962.455333	400.270508	231.227325
3062.171915	5962.455333	398.996094	170.249207
3062.171915	5962.455333	397.720703	-20.652182
3062.171915	5962.455333	396.444336	81.404709
3062.171915	5962.455333	395.168945	-60.728024
3062.171915	5962.455333	393.892578	-3.366945
3062.171915	5962.455333	392.616211	4.021339
3062.171915	5962.455333	391.339844	52.791279
3062.171915	5962.455333	390.062500	243.716217
3062.171915	5962.455333	388.785156	25.094875
3062.171915	5962.455333	387.507813	161.648560
3062.171915	5962.455333	386.229492	164.485931
3062.171915	5962.455333	384.951172	90.716995
3062.171915	5962.455333	383.672852	60.099751
3062.171915	5962.455333	382.394531	-1.515522
3062.171915	5962.455333	381.115234	-73.252403
3062.171915	5962.455333	379.835938	245.620987
3062.171915	5962.455333	378.556641	201.014969
3062.171915	5962.455333	377.277344	110.169434
3062.171915	5962.455333	375.997070	79.357094
3062.171915	5962.455333	374.716797	57.301907
3062.171915	5962.455333	373.435547	146.395447
3062.171915	5962.455333	372.155273	20.352545
3062.171915	5962.455333	370.874023	242.441895
3062.171915	5962.455333	369.591797	364.981262
3062.171915	5962.455333	368.310547	336.877960
3062.171915	5962.455333	367.028320	281.334534
3062.171915	5962.455333	365.746094	251.415939
3062.171915	5962.455333	364.463867	428.922913
3062.171915	5962.455333	363.180664	171.657898
3062.171915	5962.455333	361.897461	210.759308
3062.171915	5962.455333	360.614258	419.172455
3062.171915	5962.455333	359.330078	272.477753
3062.171915	5962.455333	358.045898	160.694809
3062.171915	5962.455333	356.761719	178.355804
3062.171915	5962.455333	355.477539	219.427902
3062.171915	5962.455333	354.192383	83.389679
3062.171915	5962.455333	352.907227	25.575768
3062.171915	5962.455333	351.622070	44.009823
3062.171915	5962.455333	350.336914	98.922806
3062.171915	5962.455333	349.050781	-155.522980
3062.171915	5962.455333	347.764648	-169.462753
3062.171915	5962.455333	346.477539	-218.848190
3062.171915	5962.455333	345.191406	113.644859
3062.171915	5962.455333	343.904297	23.509560
3062.171915	5962.455333	342.616211	-164.415787
3062.171915	5962.455333	341.329102	-125.491135
3062.171915	5962.455333	340.041016	-422.143707
3062.171915	5962.455333	338.752930	20.864471
3062.171915	5962.455333	337.463867	-284.768097
3062.171915	5962.455333	336.175781	-213.053009
3062.171915	5962.455333	334.886719	-299.651550
3062.171915	5962.455333	333.596680	-126.185951
3062.171915	5962.455333	332.307617	-88.395760
3062.171915	5962.455333	331.017578	-139.259766
3062.171915	5962.455333	329.727539	-273.065308
3062.171915	5962.455333	328.436523	-118.973671
3062.171915	5962.455333	327.146484	-170.270981
3062.171915	5962.455333	325.855469	-212.457550
3062.171915	5962.455333	324.563477	14.047229
3062.171915	5962.455333	323.272461	50.157352
3062.171915	5962.455333	321.980469	264.425232
3062.171915	5962.455333	320.688477	103.949554
3062.171915	5962.455333	319.395508	23.765247
3062.171915	5962.455333	318.103516	-137.725250
3062.171915	5962.455333	316.810547	-98.820747
3062.171915	5962.455333	315.516602	80.166718
3062.171915	5962.455333	314.223633	4.813793
3062.171915	5962.455333	312.929688	268.451416
3062.171915	5962.455333	311.635742	-56.550606
3062.171915	5962.455333	310.340820	317.635712
3062.171915	5962.455333	309.045898	157.678802
3062.171915	5962.455333	307.750977	-80.240089
3062.171915	5962.455333	306.456055	123.440071
3062.171915	5962.455333	305.160156	194.420441
3062.171915	5962.455333	303.865234	462.885040
3062.171915	5962.455333	302.568359	371.622437
3062.171915	5962.455333	301.272461	528.283997
3062.171915	5962.455333	299.975586	662.624939
3062.171915	5962.455333	298.678711	776.556641
