1999.980469	21.391970
1999.016602	-8.053801
1998.052734	28.785601
1997.087891	3.624866
1996.123047	-46.335751
1995.158203	15.164577
1994.193359	-64.563522
1993.228516	-10.572479
1992.262695	70.603149
1991.297852	42.803570
1990.332031	22.411234
1989.366211	4.473445
1988.399414	21.151533
1987.433594	-6.725846
1986.466797	51.939556
1985.500977	14.126619
1984.534180	-11.335577
1983.567383	138.679214
1982.599609	9.365308
1981.632813	11.029360
1980.665039	-133.078156
1979.697266	108.146126
1978.729492	38.115627
1977.761719	143.386612
1976.792969	31.372219
1975.825195	82.271347
1974.856445	27.027779
1973.887695	-57.818077
1972.918945	-53.849419
1971.949219	24.086718
1970.980469	109.375893
1970.010742	98.471680
1969.041016	43.189907
1968.071289	-34.265327
1967.101563	31.201418
1966.130859	7.945606
1965.161133	-99.056023
1964.190430	-70.591354
1963.219727	56.333706
1962.249023	-18.652987
1961.277344	56.507538
1960.306641	1.212005
1959.334961	9.892599
1958.363281	48.077339
1957.391602	-2.297842
1956.419922	75.197838
1955.447266	39.567822
1954.474609	58.017376
1953.501953	34.674286
1952.529297	-113.977707
1951.556641	56.774853
1950.583984	-18.157070
1949.610352	147.587524
1948.636719	62.831356
1947.663086	125.385979
1946.689453	119.190651
1945.715820	-41.601028
1944.741211	69.987358
1943.767578	-12.252325
1942.792969	77.206192
1941.818359	63.641651
1940.842773	116.269188
1939.868164	14.453197
1938.892578	-43.217873
1937.916992	-81.269974
1936.941406	81.567131
1935.965820	6.759223
1934.990234	29.929058
1934.013672	-22.813282
1933.037109	17.481823
1932.060547	-15.664700
1931.083984	132.276871
1930.107422	-28.104445
1929.129883	2.366104
1928.153320	25.486971
1927.175781	-17.423304
1926.198242	-65.209076
1925.219727	131.447433
1924.242188	95.867363
1923.263672	50.524994
1922.285156	115.128441
1921.306641	-106.059250
1920.328125	-26.801147
1919.349609	130.555435
1918.370117	41.302605
1917.391602	-35.713863
1916.412109	-7.775853
1915.431641	22.589865
1914.452148	-61.700626
1913.472656	2.806609
1912.492188	91.671951
1911.511719	19.602724
1910.531250	-25.628054
1909.550781	12.015314
1908.569336	20.404953
1907.588867	79.949593
1906.607422	7.947866
1905.625977	-61.591892
1904.644531	-94.585419
1903.662109	33.093300
1902.680664	-65.618225
1901.698242	122.840836
1900.715820	21.715845
1899.733398	27.655756
1898.750000	77.368095
1897.767578	44.390953
1896.784180	33.304909
1895.800781	112.155853
1894.817383	91.340752
1893.833984	9.790756
1892.850586	88.601799
1891.866211	-46.351357
1890.881836	37.296734
1889.897461	35.937408
1888.913086	112.256195
1887.927734	52.634918
1886.943359	-55.494102
1885.958008	18.372055
1884.972656	55.825878
1883.987305	52.037739
1883.001953	33.702427
1882.015625	8.100183
1881.029297	30.983397
1880.042969	-11.572783
1879.056641	-49.267868
1878.070313	-31.233011
1877.083984	81.251709
1876.096680	125.890099
1875.109375	17.983370
1874.122070	33.568325
1873.134766	124.171516
1872.146484	13.902995
1871.159180	31.896469
1870.170898	88.582558
1869.182617	50.930420
1868.194336	22.962690
1867.205078	-75.102180
1866.216797	41.981556
1865.227539	11.610577
1864.238281	73.060677
1863.249023	86.173584
1862.259766	-6.988050
1861.269531	54.425560
1860.279297	14.414821
1859.290039	73.384674
1858.298828	96.128738
1857.308594	36.823692
1856.318359	-44.173374
1855.327148	9.929687
1854.335938	-8.336451
1853.344727	-86.875435
1852.353516	-27.980572
1851.362305	105.605621
1850.370117	87.324692
1849.377930	85.912888
1848.385742	67.636963
1847.393555	58.998531
1846.401367	57.584179
1845.408203	-16.057638
1844.415039	61.967545
1843.421875	5.191861
1842.428711	-22.692160
1841.435547	84.148155
1840.441406	-20.714819
1839.448242	6.720366
1838.454102	-42.796959
1837.459961	90.393791
1836.464844	12.029785
1835.470703	87.481140
1834.475586	16.346771
1833.480469	50.924732
1832.485352	11.035978
1831.490234	-14.435070
1830.495117	96.938011
1829.499023	97.852791
1828.502930	122.760429
1827.506836	-39.494202
1826.510742	-2.585268
1825.513672	132.639130
1824.517578	66.378326
1823.520508	-50.211243
1822.523438	51.370911
1821.526367	37.872009
1820.529297	62.711155
1819.531250	-56.208305
1818.533203	88.390015
1817.535156	139.530685
1816.537109	49.378914
1815.539063	26.284445
1814.540039	106.110565
1813.541992	-96.473312
1812.542969	-107.583809
1811.543945	106.161232
1810.543945	80.653137
1809.544922	55.149017
1808.544922	91.806625
1807.544922	-60.389572
1806.544922	-11.788528
1805.544922	-30.115429
1804.544922	32.781258
1803.543945	-93.044075
1802.542969	-111.367432
1801.541992	32.664631
1800.541016	-81.175255
1799.539063	93.807648
1798.538086	70.660873
1797.536133	135.788147
1796.534180	17.213318
1795.532227	29.843548
1794.529297	-71.992172
1793.527344	35.993507
1792.524414	48.588284
1791.521484	42.105843
1790.518555	23.704807
1789.514648	-70.927696
1788.511719	-53.590919
1787.507813	73.267670
1786.503906	88.171989
1785.500000	100.681816
1784.496094	79.859818
1783.491211	118.522240
1782.486328	78.654472
1781.481445	29.278677
1780.476563	60.768581
1779.471680	127.902458
1778.465820	16.710855
1777.460938	26.768009
1776.455078	1.166565
1775.449219	-17.306499
1774.442383	87.737740
1773.436523	9.863582
1772.429688	50.733189
1771.422852	3.738555
1770.416016	42.201668
1769.409180	-11.911449
1768.402344	-35.168457
1767.394531	69.674019
1766.386719	41.646683
1765.378906	32.591312
1764.371094	16.417297
1763.362305	-11.613466
1762.354492	130.997116
1761.345703	38.958637
1760.336914	34.601444
1759.328125	46.816875
1758.318359	32.966640
1757.308594	-28.242668
1756.299805	128.352844
1755.290039	52.928272
1754.279297	-29.577950
1753.269531	67.749428
1752.258789	39.658203
1751.249023	18.664246
1750.238281	7.125677
1749.226563	-30.425310
1748.215820	12.394403
1747.204102	52.823502
1746.193359	-20.184549
1745.181641	-64.828102
1744.168945	-33.885994
1743.157227	72.601402
1742.144531	-31.089943
1741.132813	-45.050175
1740.120117	23.586231
1739.106445	68.588799
1738.093750	0.325452
1737.080078	-18.390087
1736.067383	57.223969
1735.053711	7.833360
1734.040039	-91.053085
1733.025391	0.997703
1732.011719	5.815441
1730.997070	29.468393
1729.982422	97.858253
1728.967773	-26.907778
1727.952148	-118.672050
1726.937500	13.241685
1725.921875	-19.670414
1724.906250	-66.699226
1723.890625	86.274178
1722.875000	-36.053871
1721.858398	88.610703
1720.841797	6.284434
1719.825195	27.427080
1718.808594	62.655872
1717.791992	100.212067
1716.774414	-24.388117
1715.756836	-64.375908
1714.739258	-5.707546
1713.721680	-24.566824
1712.704102	-5.861401
1711.685547	104.377296
1710.667969	-78.811394
1709.649414	24.341146
1708.630859	-41.475571
1707.611328	0.623258
1706.592773	61.460480
1705.573242	-135.661148
1704.553711	-11.543794
1703.534180	28.137814
1702.513672	-18.912701
1701.494141	135.543610
1700.473633	13.512547
1699.453125	-12.454964
1698.432617	17.777864
1697.412109	59.696705
1696.390625	110.952423
1695.369141	3.041512
1694.347656	-29.961479
1693.326172	-34.887524
1692.304688	32.687290
1691.282227	95.549294
1690.260742	97.592628
1689.238281	162.740219
1688.214844	43.220390
1687.192383	89.644623
1686.168945	115.015884
1685.146484	168.401215
1684.123047	34.930527
1683.099609	195.698792
1682.075195	202.323853
1681.051758	120.250023
1680.027344	271.552216
1679.002930	98.490967
1677.978516	144.757065
1676.953125	244.637009
1675.928711	220.891830
1674.903320	159.847153
1673.877930	28.894619
1672.852539	-25.110905
1671.826172	93.311653
1670.800781	162.765411
1669.774414	148.339111
1668.748047	133.912750
1667.721680	91.548454
1666.694336	198.165268
1665.667969	251.211090
1664.640625	-9.887977
1663.613281	85.039108
1662.585938	70.607452
1661.557617	-25.216059
1660.530273	6.869300
1659.501953	36.610893
1658.473633	70.984711
1657.444336	188.990097
1656.416016	116.445389
1655.386719	32.308628
1654.358398	71.284378
1653.328125	73.087219
1652.298828	2.924217
1651.269531	62.757862
1650.239258	-12.026283
1649.208984	70.978714
1648.178711	142.350372
1647.148438	39.754368
1646.117188	60.084553
1645.086914	161.544830
1644.055664	202.698151
1643.024414	236.880707
1641.992188	213.122787
1640.960938	180.107819
1639.928711	198.053558
1638.896484	49.269794
1637.864258	180.670471
1636.832031	187.026749
1635.798828	93.865280
1634.766602	74.781113
1633.733398	166.740280
1632.699219	200.838638
1631.666016	193.301102
1630.632813	148.773987
1629.598633	83.457779
1628.564453	147.586365
1627.530273	107.711388
1626.495117	171.807297
1625.460938	173.517471
1624.425781	193.699310
1623.390625	317.770782
1622.355469	298.674408
1621.319336	351.129761
1620.284180	292.808014
1619.248047	310.639862
1618.211914	376.903809
1617.174805	403.936920
1616.138672	313.372009
1615.101563	294.304321
1614.065430	143.874512
1613.027344	233.152390
1611.990234	135.783783
1610.953125	275.709961
1609.915039	139.222275
1608.876953	214.624176
1607.838867	170.290054
1606.800781	287.091187
1605.761719	309.498138
1604.723633	288.186951
1603.684570	338.194763
1602.644531	404.282745
1601.605469	286.398163
1600.566406	446.736938
1599.526367	404.745941
1598.486328	500.658325
1597.446289	357.585999
1596.405273	262.812103
1595.365234	282.917145
1594.324219	289.239136
1593.283203	380.508759
1592.242188	283.526855
1591.200195	347.230225
1590.159180	266.364288
1589.117188	249.765930
1588.075195	334.096405
1587.032227	182.205811
1585.990234	225.259705
1584.947266	245.378708
1583.904297	263.203796
1582.861328	212.288116
1581.818359	273.652313
1580.775391	197.572662
1579.731445	245.186890
1578.687500	258.446198
1577.643555	299.176453
1576.598633	298.700684
1575.554688	128.907455
1574.509766	229.140442
1573.464844	221.838898
1572.419922	271.719269
1571.374023	248.421494
1570.329102	248.002090
1569.283203	231.590668
1568.237305	203.768997
1567.191406	258.212524
1566.144531	150.466293
1565.098633	273.427734
1564.051758	99.524178
1563.004883	245.292191
1561.957031	151.361801
1560.910156	214.932144
1559.862305	194.070984
1558.814453	40.928379
1557.766602	252.747635
1556.718750	211.399994
1555.669922	190.594147
1554.621094	103.709351
1553.573242	105.743210
1552.523438	130.566986
1551.474609	189.561905
1550.424805	118.729027
1549.375000	157.230515
1548.325195	182.068954
1547.275391	79.447838
1546.225586	95.212273
1545.174805	213.364288
1544.124023	24.390921
1543.073242	151.631409
1542.022461	192.427460
1540.970703	119.548447
1539.919922	121.719170
1538.868164	30.727573
1537.815430	-5.687644
1536.763672	5.629865
1535.710938	28.309919
1534.659180	60.078640
1533.606445	155.414032
1532.552734	53.249630
1531.500000	144.037048
1530.446289	85.051964
1529.393555	187.166885
1528.338867	91.934517
1527.285156	53.444469
1526.231445	105.669144
1525.176758	103.485558
1524.122070	-0.662978
1523.067383	-14.124489
1522.012695	33.598209
1520.957031	-7.015039
1519.901367	74.682396
1518.845703	61.274853
1517.790039	9.407701
1516.734375	-31.108398
1515.677734	82.266037
1514.621094	123.220764
1513.564453	48.825474
1512.507813	-45.876518
1511.450195	40.342556
1510.393555	33.867813
1509.335938	38.710365
1508.278320	45.826721
1507.219727	-64.515976
1506.162109	5.892202
1505.103516	-147.270996
1504.044922	15.724533
1502.986328	-24.482668
1501.926758	-51.117096
1500.868164	17.044930
1499.808594	-43.391937
1498.749023	-0.035549
1497.688477	-173.163559
1496.628906	-10.270677
1495.568359	82.695625
1494.507813	-31.697039
1493.447266	-87.442238
1492.386719	37.076069
1491.325195	-47.906487
1490.263672	-42.761093
1489.202148	126.756226
1488.140625	-18.916464
1487.079102	13.280959
1486.016602	45.483128
1484.954102	-50.539871
1483.891602	-43.042362
1482.829102	83.654915
1481.765625	165.351929
1480.702148	24.498400
1479.638672	43.293346
1478.575195	199.147476
1477.511719	-11.207460
1476.447266	189.529816
1475.382813	123.005440
1474.318359	94.702370
1473.253906	156.189026
1472.189453	42.726692
1471.124023	84.020287
1470.058594	149.985870
1468.993164	7.553906
1467.927734	-58.638107
1466.861328	79.061852
1465.794922	10.708419
1464.728516	-62.108997
1463.662109	138.159439
1462.594727	-52.997761
1461.528320	4.005261
1460.460938	52.049061
1459.393555	71.525818
1458.326172	-83.978012
1457.257813	93.582314
1456.189453	61.100872
1455.121094	-89.082474
1454.052734	97.283768
1452.984375	89.510651
1451.915039	-4.846484
1450.845703	-27.772095
1449.776367	-24.229298
1448.707031	-45.483700
1447.636719	56.058918
1446.567383	-73.309105
1445.497070	39.432449
1444.425781	78.108612
1443.355469	52.948357
1442.285156	-18.302938
1441.213867	3.202224
1440.142578	-72.525452
1439.070313	103.965324
1437.999023	118.723167
1436.926758	-30.200888
1435.854492	20.527264
1434.782227	149.097321
1433.709961	-12.465096
1432.636719	-7.529631
1431.563477	70.647903
1430.490234	47.742535
1429.416992	93.095078
1428.343750	51.299759
1427.269531	3.975291
1426.195313	84.159706
1425.121094	148.944534
1424.046875	53.563881
1422.971680	162.676590
1421.896484	154.649918
1420.821289	195.933105
1419.746094	60.801720
1418.669922	291.901001
1417.594727	132.591309
1416.518555	147.996155
1415.442383	188.549835
1414.365234	176.443542
1413.289063	162.869507
1412.211914	140.687469
1411.134766	232.506439
1410.057617	179.548813
1408.979492	187.508286
1407.902344	244.104752
1406.824219	174.513779
1405.746094	179.972473
1404.666992	167.191467
1403.588867	16.676611
1402.509766	165.942734
1401.430664	190.701721
1400.351563	210.335602
1399.271484	62.235245
1398.192383	140.370926
1397.112305	238.783051
1396.031250	214.011902
1394.951172	185.928726
1393.871094	182.107071
1392.790039	155.448196
1391.708984	194.814911
1390.626953	147.607758
1389.545898	115.823067
1388.463867	182.747620
1387.381836	225.457260
1386.299805	67.667290
1385.217773	-41.925861
1384.134766	76.530846
1383.051758	148.430359
1381.968750	242.297974
1380.885742	127.427818
1379.802734	201.345673
1378.718750	118.587769
1377.634766	189.576004
1376.550781	138.604706
1375.465820	98.399376
1374.381836	113.098640
1373.296875	196.609619
1372.211914	125.110458
1371.126953	115.710205
1370.041016	117.098503
1368.955078	106.538925
1367.869141	53.449814
1366.783203	254.687286
1365.697266	173.458740
1364.610352	143.597000
1363.523438	131.046677
1362.436523	294.656036
1361.349609	201.602264
1360.261719	116.301910
1359.174805	174.367783
1358.086914	126.319977
1356.998047	176.442841
1355.910156	187.490677
1354.821289	282.409912
1353.732422	138.279053
1352.643555	219.397308
1351.554688	116.919579
1350.464844	304.264557
1349.375000	120.652008
1348.285156	85.902397
1347.195313	131.447479
1346.105469	183.246857
1345.014648	235.063736
1343.923828	169.138855
1342.833008	187.674210
1341.741211	95.041718
1340.650391	151.748917
1339.558594	159.421844
1338.466797	204.203201
1337.374023	251.468155
1336.282227	241.492905
1335.189453	259.685333
1334.096680	202.666382
1333.003906	350.021851
1331.910156	320.916748
1330.817383	223.838287
1329.723633	191.570496
1328.629883	166.660263
1327.535156	263.837067
1326.441406	243.940598
1325.346680	238.732727
1324.251953	121.576225
1323.156250	143.025803
1322.061523	195.643951
1320.965820	197.189728
1319.870117	111.683273
1318.774414	99.219925
1317.678711	88.337135
1316.582031	94.858002
1315.485352	73.473557
1314.388672	154.533508
1313.291016	97.485023
1312.194336	-16.101326
1311.096680	-10.815194
1309.999023	83.017792
1308.901367	55.022480
1307.802734	38.909260
1306.705078	108.990807
1305.606445	-20.697214
1304.506836	37.140987
1303.408203	59.341206
1302.308594	75.154755
1301.208984	60.981758
1300.109375	138.223907
1299.009766	145.608109
1297.909180	191.553314
1296.808594	129.969635
1295.708008	38.512886
1294.607422	60.920486
1293.506836	167.684219
1292.405273	82.863213
1291.303711	61.361412
1290.202148	32.057816
1289.099609	90.030869
1287.998047	40.997467
1286.895508	117.163513
1285.792969	48.756870
1284.689453	73.235901
1283.586914	-0.065119
1282.483398	111.235535
1281.379883	116.252678
1280.276367	31.741997
1279.171875	-0.752904
1278.067383	55.929878
1276.962891	-5.672222
1275.858398	-42.326698
1274.753906	-4.522731
1273.648438	55.001820
1272.542969	42.734016
1271.437500	-13.925913
1270.331055	1.573002
1269.225586	-18.807938
1268.119141	12.632980
1267.012695	-29.456316
1265.906250	28.536802
1264.798828	25.125000
1263.691406	-28.913687
1262.583984	19.609055
1261.476563	65.003609
1260.368164	10.518254
1259.260742	-14.484183
1258.152344	1.957861
1257.043945	39.944904
1255.934570	-34.496681
1254.825195	0.227266
1253.716797	-69.195107
1252.606445	-78.649445
1251.497070	-74.809013
1250.387695	-93.136215
1249.277344	-131.531418
1248.166992	52.756016
1247.055664	7.334024
1245.945313	43.178642
1244.833984	7.879678
1243.722656	-92.479958
1242.611328	8.881557
1241.499023	-4.485691
1240.387695	-37.777809
1239.275391	-17.640310
1238.162109	-18.973989
1237.049805	69.272118
1235.936523	14.650496
1234.823242	0.306787
1233.709961	42.431995
1232.596680	-35.167149
1231.482422	-0.688591
1230.369141	52.618809
1229.253906	35.256977
1228.139648	-2.978954
1227.025391	-12.155096
1225.910156	-51.650791
1224.794922	73.477448
1223.679688	46.875957
1222.563477	-46.661018
1221.447266	18.167917
1220.331055	-5.392022
1219.214844	16.426838
1218.098633	-0.560955
1216.981445	-58.057011
1215.864258	-11.307038
1214.747070	67.841408
1213.629883	46.826889
1212.511719	4.584771
1211.393555	36.924030
1210.275391	31.952438
1209.157227	5.487720
1208.038086	41.270885
1206.918945	92.516449
1205.799805	57.992088
1204.680664	37.094395
1203.560547	76.626869
1202.441406	13.034342
1201.321289	43.069942
1200.200195	58.934208
1199.080078	-4.311310
1197.958984	41.874588
1196.837891	28.590729
1195.716797	-1.372007
1194.594727	111.340157
1193.473633	-1.688006
1192.351563	70.387177
1191.229492	10.128896
1190.106445	-8.070017
1188.984375	-20.369621
1187.861328	-14.148210
1186.738281	-23.321072
1185.614258	-63.322304
1184.491211	-26.640297
1183.367188	-20.833544
1182.243164	-14.453061
1181.119141	-16.535101
1179.994141	31.883928
1178.869141	-54.259174
1177.744141	-60.408867
1176.619141	-3.659257
1175.493164	-40.417374
1174.368164	-16.431273
1173.242188	-117.561043
1172.115234	-17.463560
1170.989258	-1.632683
1169.862305	-20.851631
1168.735352	-9.680135
1167.608398	-99.840958
1166.481445	-109.646698
1165.353516	-77.434364
1164.225586	-39.694569
1163.097656	-55.665447
1161.968750	-9.886653
1160.840820	5.341180
1159.711914	-44.440315
1158.583008	-1.608919
1157.453125	-4.909630
1156.324219	-60.075390
1155.194336	-11.493090
1154.064453	-18.700138
1152.933594	-47.978668
1151.803711	-38.047894
1150.672852	-33.298412
1149.541992	-4.636744
1148.411133	-38.672348
1147.279297	49.996449
1146.147461	49.018818
1145.015625	22.893211
1143.883789	-40.361160
1142.750977	37.990597
1141.619141	26.170593
1140.486328	8.208502
1139.352539	-89.243919
1138.219727	19.541597
1137.085938	48.855667
1135.952148	16.322157
1134.818359	80.737877
1133.683594	81.792740
1132.549805	15.107189
1131.415039	-35.435696
1130.279297	-9.206617
1129.144531	-5.564565
1128.008789	110.992134
1126.873047	23.414095
1125.737305	-40.208904
1124.601563	8.836462
1123.464844	-64.332222
1122.328125	-73.850243
1121.191406	3.568240
1120.054688	-25.788746
1118.916992	12.626046
1117.779297	106.470581
1116.641602	70.088318
1115.503906	6.468229
1114.365234	-12.140328
1113.226563	85.454102
1112.087891	39.738537
1110.949219	44.384327
1109.809570	24.850033
1108.669922	-8.034180
1107.530273	81.891563
1106.390625	126.874557
1105.250000	94.054459
1104.109375	12.773217
1102.968750	158.022491
1101.828125	81.217064
1100.686523	54.247780
1099.544922	168.484467
1098.403320	156.523514
1097.261719	118.282166
1096.120117	78.788460
1094.977539	77.616081
1093.834961	149.573624
1092.691406	38.258915
1091.548828	45.499912
1090.405273	87.453484
1089.261719	67.451195
1088.118164	86.734261
1086.973633	200.041092
1085.829102	53.869091
1084.684570	15.752166
1083.540039	108.840225
1082.395508	61.359581
1081.250000	63.958038
1080.104492	43.558815
1078.958984	117.860405
1077.812500	-13.811686
1076.666016	19.097637
1075.519531	39.155270
1074.373047	130.139297
1073.226563	127.414963
1072.079102	120.125366
1070.931641	95.577354
1069.784180	16.608593
1068.635742	-23.188389
1067.487305	113.204483
1066.338867	57.801144
1065.190430	100.086952
1064.041992	145.544846
1062.892578	61.779037
1061.743164	123.014679
1060.593750	45.383629
1059.443359	16.542074
1058.292969	8.003537
1057.142578	25.882547
1055.992188	72.475517
1054.841797	-25.740473
1053.690430	144.275970
1052.539063	73.837273
1051.387695	-19.680830
1050.235352	69.461296
1049.083984	-21.664961
1047.931641	11.270185
1046.778320	79.782852
1045.625977	-10.760580
1044.472656	-15.370717
1043.319336	-25.403284
1042.166016	-76.317955
1041.012695	28.358458
1039.858398	129.666763
1038.704102	-11.324397
1037.549805	34.276127
1036.394531	55.416359
1035.239258	98.539223
1034.083984	38.921143
1032.928711	35.264313
1031.773438	85.878357
1030.617188	148.694168
1029.460938	60.543865
1028.304688	-22.972130
1027.147461	67.608040
1025.991211	-4.332071
1024.833984	-56.575577
1023.675781	26.037462
1022.518555	102.225136
1021.360352	62.124928
1020.202148	64.688934
1019.043945	181.059052
1017.884766	43.423187
1016.726563	-67.776878
1015.567383	-34.743816
1014.407227	44.283886
1013.248047	-6.979940
1012.087891	24.765154
1010.927734	18.424215
1009.767578	-14.860842
1008.606445	35.506252
1007.446289	2.392975
1006.285156	23.671474
1005.123047	-67.726074
1003.961914	51.908440
1002.799805	21.125090
1001.637695	94.245743
1000.475586	30.355688
999.312500	11.240579
998.149414	-34.851662
996.986328	36.052914
995.823242	15.757367
994.659180	36.923553
993.496094	70.466255
992.332031	-2.955433
991.166992	23.940519
990.002930	-13.804833
988.837891	-12.100563
987.672852	-37.126171
986.506836	-8.770632
985.341797	23.033049
984.175781	-12.660633
983.009766	110.960793
981.843750	43.653751
980.676758	-2.560112
979.509766	-25.708635
978.342773	9.931162
977.175781	45.943348
976.007813	65.100517
974.839844	11.535746
973.671875	23.470308
972.503906	-20.761242
971.334961	22.108545
970.166016	-6.181519
968.997070	-8.827641
967.828125	73.749123
966.658203	-61.630096
965.488281	-5.633442
964.318359	14.892735
963.148438	92.997345
961.977539	47.761997
960.806641	70.373802
959.635742	27.957584
958.463867	-28.931902
957.292969	-53.277435
956.121094	-11.093641
954.948242	31.372965
953.776367	20.571772
952.603516	0.678302
951.430664	-6.585634
950.257813	20.024675
949.084961	-35.646446
947.911133	-44.428097
946.737305	-88.658997
945.563477	74.607971
944.388672	3.185524
943.213867	23.572372
942.039063	-114.955284
940.864258	70.383392
939.688477	-27.716055
938.513672	34.942204
937.337891	-25.236925
936.161133	37.423866
934.985352	-27.276291
933.808594	8.563088
932.631836	-65.005562
931.454102	4.224254
930.277344	-38.079166
929.099609	35.632328
927.921875	-109.341499
926.743164	89.306183
925.565430	118.364777
924.386719	111.715424
923.208008	-59.942207
922.028320	49.373505
920.849609	4.838709
919.669922	5.527874
919.474609	54.035057
918.309570	65.207390
917.143555	34.046051
915.977539	7.348622
914.810547	109.812752
913.644531	47.483044
912.477539	27.467604
911.310547	16.358957
910.143555	-19.222963
908.975586	116.495399
907.807617	63.109749
906.639648	31.979027
905.471680	71.999535
904.303711	87.550972
903.134766	3.092659
901.965820	14.203469
900.796875	-8.013030
899.626953	-25.780869
898.457031	-41.323425
897.287109	-63.521992
896.117188	45.239201
894.947266	76.285400
893.776367	16.353006
892.605469	-10.284278
891.434570	-36.913029
890.262695	69.504173
889.091797	60.600388
887.919922	25.102261
886.748047	104.844528
885.575195	29.469820
884.403320	-1.576294
883.230469	-76.902145
882.057617	7.216651
880.883789	35.958366
879.710938	71.325455
878.537109	-17.237213
877.362305	33.609997
876.188477	-63.759605
875.013672	15.821008
873.839844	37.882378
872.664063	-21.854029
871.489258	22.303459
870.313477	-77.181023
869.138672	-26.405834
867.962891	13.304087
866.786133	-15.458470
865.610352	-19.925652
864.433594	-114.892128
863.256836	-33.271702
862.079102	-88.483559
860.902344	-4.698795
859.724609	125.366257
858.546875	92.202103
857.368164	54.641502
856.190430	-15.968102
855.011719	-40.271751
853.833008	142.538681
852.654297	67.545235
851.474609	5.795729
850.294922	-53.728119
849.115234	29.865049
847.935547	45.191681
846.754883	-157.342239
845.575195	-89.184189
844.393555	-14.455833
843.212891	62.439095
842.032227	0.781078
840.850586	-34.473389
839.668945	-47.736397
838.486328	-25.837099
837.304688	70.746529
836.122070	-17.214109
834.939453	88.109604
833.756836	13.351693
832.573242	35.208618
831.389648	30.718971
830.206055	107.415199
829.022461	30.515289
827.838867	109.370049
826.654297	69.776756
825.469727	-28.996750
824.284180	-31.285269
823.099609	-33.575066
821.914063	-2.999576
820.728516	23.180223
819.542969	-25.117739
818.356445	64.553215
817.169922	-36.278332
815.983398	-42.952759
814.796875	-21.178366
813.609375	-113.184509
812.422852	-38.910568
811.235352	118.436005
810.046875	37.384209
808.859375	39.434124
807.670898	23.995958
806.482422	89.412987
805.293945	-65.856117
804.104492	23.574753
802.915039	102.046669
801.725586	32.014648
800.536133	27.496450
799.345703	44.801979
798.155273	27.185162
796.964844	37.933037
795.774414	31.224495
794.583008	100.838661
793.392578	2.544946
792.200195	61.231396
791.008789	170.013489
789.816406	71.757133
788.625000	21.462233
787.432617	-2.679865
786.239258	97.301941
785.046875	-31.351463
783.853516	62.057343
782.660156	68.377762
781.465820	-42.794960
780.272461	83.174362
779.078125	-93.207550
777.883789	43.583519
776.688477	41.185276
775.494141	-15.552720
774.298828	-52.714352
773.103516	60.038818
771.907227	101.062241
770.711914	74.743103
769.515625	2.835631
768.318359	54.684429
767.122070	93.484337
765.924805	62.828880
764.727539	-13.375845
763.530273	5.878109
762.333008	83.666573
761.134766	35.672832
759.936523	39.714359
758.738281	-62.439903
757.540039	-69.224876
756.340820	43.128643
755.141602	42.809723
753.942383	-63.615334
752.742188	33.493999
751.541992	59.130756
750.341797	-12.627782
749.141602	6.503924
747.941406	-15.477168
746.740234	-63.407368
745.539063	16.242270
744.337891	134.761673
743.135742	9.003726
741.933594	-2.187427
740.731445	140.003052
739.529297	130.933914
738.326172	124.020287
737.124023	192.665741
735.919922	146.872375
734.716797	155.041672
733.513672	284.027191
732.309570	186.445435
731.105469	213.986801
729.900391	207.007248
728.696289	184.930725
727.491211	165.010040
726.286133	134.313797
725.080078	123.011688
723.874023	4.003350
722.668945	93.932388
721.461914	93.382950
720.255859	45.464996
719.048828	6.166360
717.841797	-15.911833
716.634766	43.759846
715.427734	-12.751339
714.219727	-6.886621
713.011719	33.364819
711.803711	-57.532284
710.594727	103.039642
709.385742	68.008682
708.176758	101.723122
706.967773	25.878401
705.758789	-92.891312
704.548828	37.408966
703.338867	-29.822910
702.127930	-11.201358
700.917969	9.546320
699.707031	30.273420
698.496094	-19.791101
697.285156	18.062609
696.073242	-14.852900
694.861328	12.243358
693.649414	-14.253211
692.436523	-27.897518
691.224609	-137.932327
690.011719	83.985977
688.798828	-47.461403
687.584961	56.590508
686.372070	-36.300446
685.158203	63.400219
683.943359	94.592041
682.729492	46.625412
681.514648	122.684662
680.299805	70.429581
679.084961	86.578819
677.869141	130.487045
676.653320	93.177589
675.437500	122.086426
674.221680	84.766937
673.004883	145.664078
671.789063	76.307159
670.571289	85.930550
669.354492	12.319530
668.136719	-16.475590
666.919922	57.104881
665.701172	43.210468
664.483398	78.342659
663.264648	72.946701
662.045898	1.475055
660.827148	104.729675
659.608398	37.512520
658.388672	98.091423
657.168945	39.391060
655.949219	1.988790
654.728516	53.978596
653.507813	35.710003
652.287109	25.943966
651.066406	-9.357382
649.844727	40.403564
648.623047	5.083473
647.401367	67.544136
646.179688	-6.051367
644.957031	73.352531
643.734375	-17.238508
642.511719	64.227501
641.289063	113.792068
640.065430	150.582260
638.841797	70.602325
637.618164	171.017807
636.393555	152.563400
635.168945	117.132095
633.944336	39.285908
632.719727	48.388863
631.494141	191.021362
630.269531	170.386185
629.042969	20.488371
627.817383	143.923782
626.590820	102.084343
625.365234	-81.630020
624.137695	-0.641186
622.911133	12.564857
621.683594	76.539360
620.456055	182.787292
619.228516	73.210312
618.000977	96.903214
616.772461	38.106937
615.543945	-27.021404
614.314453	-30.844645
613.085938	49.843567
611.856445	7.948342
610.626953	-6.484955
609.397461	-54.714783
608.166992	118.747299
606.936523	112.698914
605.706055	53.878422
604.474609	-34.471348
603.244141	98.701370
602.012695	-12.848105
600.780273	40.106373
599.548828	38.213577
598.316406	78.460945
597.083984	74.425247
595.851563	-39.176823
594.618164	36.828396
593.384766	-19.884855
592.151367	20.264368
590.917969	22.493500
589.683594	22.603146
588.449219	-15.174306
587.214844	29.095385
585.979492	-27.622398
584.745117	-99.046524
583.509766	39.780220
582.273438	39.810135
581.038086	-16.909231
579.801758	-90.425095
578.565430	27.228193
577.329102	104.918488
576.091797	54.484921
574.854492	48.145370
573.617188	29.205200
572.378906	113.078239
571.141602	-63.227608
569.903320	-80.066292
568.664063	-25.612432
567.425781	49.774994
566.186523	102.062546
564.947266	5.529970
563.708008	26.359118
562.467773	53.453281
561.227539	93.092957
559.987305	-85.050735
558.747070	-45.414810
557.505859	-28.827442
556.264648	17.039753
555.023438	39.867676
553.781250	-48.176979
552.539063	64.558662
551.296875	26.709352
550.054688	64.118614
548.811523	91.055168
547.569336	-3.206912
546.325195	44.608288
545.082031	-32.908443
543.837891	56.642170
542.593750	45.946491
541.349609	72.818497
540.105469	70.461075
538.860352	-21.608519
537.615234	84.506058
536.369141	-17.962851
535.124023	17.212238
533.877930	29.438871
532.631836	-50.038464
531.384766	-66.979378
530.138672	-42.252304
528.891602	-84.184349
527.643555	67.543106
526.396484	-36.850731
525.148438	-45.462502
523.900391	-43.667576
522.652344	51.744247
521.403320	109.673744
520.154297	-48.692448
518.905273	106.949364
517.656250	-3.540215
516.406250	-22.543388
515.156250	-35.304688
513.906250	-6.514317
512.655273	-33.811310
511.404297	-25.796661
510.153320	7.127007
508.902344	-1.471733
507.650391	-74.393303
506.398438	-95.416214
505.146484	14.244396
503.893555	-15.080316
502.641602	-46.461777
501.388672	-158.668777
500.134766	2.728565
498.881836	-55.564381
497.627930	-6.112781
496.374023	-37.450111
495.119141	-2.512330
493.865234	32.415169
492.610352	32.144886
491.355469	-79.861336
490.099609	23.340155
488.843750	-88.609383
487.587891	-47.480145
486.332031	6.040439
485.075195	69.876221
483.818359	175.020447
482.561523	87.972404
481.304688	-7.296453
480.046875	-40.563969
478.789063	56.270451
477.531250	41.591782
476.272461	64.072838
475.013672	30.834906
473.754883	111.081757
472.496094	13.915849
471.236328	96.200851
469.976563	58.875584
468.716797	52.489223
467.456055	83.202026
466.196289	58.276699
464.935547	117.820267
463.673828	107.318100
462.413086	12.404156
461.151367	102.804558
459.889648	125.249687
458.626953	38.627934
457.364258	-8.867237
456.101563	62.953499
454.838867	70.996971
453.575195	-7.312388
452.312500	126.126190
451.047852	127.982780
449.784180	33.273087
448.519531	55.687096
447.254883	43.176338
445.990234	45.040752
444.725586	141.329987
443.459961	137.006332
442.194336	108.056801
440.927734	109.884758
439.662109	175.288681
438.395508	-7.464838
437.127930	189.127228
435.861328	98.669197
434.593750	137.341797
433.326172	108.375984
432.058594	71.217529
430.790039	77.067261
429.521484	93.137718
428.252930	94.856712
426.984375	57.673260
425.714844	30.717648
424.445313	67.171745
423.174805	46.320995
421.905273	2.965961
420.634766	145.643082
419.364258	26.610487
418.092773	52.689720
416.822266	33.784058
415.550781	55.707890
414.278320	10.198212
413.006836	-16.947941
411.734375	4.872082
410.461914	-67.232529
409.188477	46.328957
407.916016	-97.230698
406.642578	28.441164
405.368164	78.566917
404.094727	-22.232481
402.820313	19.632534
401.545898	49.200825
400.270508	68.513550
398.996094	-12.042678
397.720703	3.085192
396.444336	87.365074
395.168945	-17.758280
393.892578	27.689539
392.616211	-67.343178
391.339844	-30.186077
390.062500	-19.563194
388.785156	23.507341
387.507813	105.099930
386.229492	30.071119
384.951172	48.455181
383.672852	-30.776791
382.394531	5.700203
381.115234	86.731537
379.835938	-9.006533
378.556641	-52.038677
377.277344	22.535631
375.997070	-4.488051
374.716797	33.288101
373.435547	3.993708
372.155273	-63.939827
370.874023	-54.952148
369.591797	-46.112694
368.310547	-17.156786
367.028320	5.554531
365.746094	40.252449
364.463867	-2.172928
363.180664	22.057276
361.897461	62.297020
360.614258	-53.475365
359.330078	-68.227890
358.045898	-42.709656
356.761719	146.405899
355.477539	108.791626
354.192383	28.531075
352.907227	45.095863
351.622070	51.329300
350.336914	91.672447
349.050781	42.892879
347.764648	14.083581
346.477539	87.986282
345.191406	-7.932635
343.904297	-15.295380
342.616211	21.448135
341.329102	37.731041
340.041016	-14.852840
338.752930	49.222492
337.463867	26.281532
336.175781	55.438629
334.886719	78.205978
333.596680	108.678658
332.307617	-92.796394
331.017578	23.583172
329.727539	-9.415125
328.436523	-46.806381
327.146484	-76.505760
325.855469	-3.998091
324.563477	-155.187897
323.272461	-81.502647
321.980469	-12.307070
320.688477	28.281353
319.395508	-18.017654
318.103516	-66.754631
316.810547	8.580565
315.516602	11.089708
314.223633	51.260033
312.929688	28.662270
311.635742	17.591759
310.340820	26.039547
309.045898	-6.187559
307.750977	89.390923
306.456055	5.892668
305.160156	-44.098331
303.865234	165.893951
302.568359	124.661346
301.272461	114.879829
299.975586	84.401215
298.678711	137.371689
