1999.980469	-158.725708
1999.016602	-48.128490
1998.052734	-13.607293
1997.087891	-167.622482
1996.123047	44.929276
1995.158203	26.842167
1994.193359	-28.564802
1993.228516	74.361259
1992.262695	53.294884
1991.297852	27.122019
1990.332031	-1.669418
1989.366211	-5.857303
1988.399414	-185.842773
1987.433594	91.697067
1986.466797	89.540581
1985.500977	69.939278
1984.534180	124.380760
1983.567383	-9.172709
1982.599609	45.015614
1981.632813	192.954315
1980.665039	36.873329
1979.697266	33.871349
1978.729492	52.986759
1977.761719	86.805222
1976.792969	-12.787736
1975.825195	-28.528255
1974.856445	9.930025
1973.887695	100.093246
1972.918945	-66.397133
1971.949219	159.216171
1970.980469	83.843567
1970.010742	13.351190
1969.041016	26.613945
1968.071289	-85.883301
1967.101563	-57.965321
1966.130859	56.096024
1965.161133	-44.229771
1964.190430	155.849442
1963.219727	-111.998932
1962.249023	43.593906
1961.277344	21.871099
1960.306641	260.939636
1959.334961	140.673828
1958.363281	207.348984
1957.391602	77.209068
1956.419922	-48.007866
1955.447266	161.125793
1954.474609	-15.757250
1953.501953	254.656097
1952.529297	129.348801
1951.556641	-15.597151
1950.583984	-15.607098
1949.610352	234.831985
1948.636719	89.860062
1947.663086	168.300140
1946.689453	217.236938
1945.715820	172.885956
1944.741211	67.195900
1943.767578	201.914688
1942.792969	186.963440
1941.818359	-2.091299
1940.842773	-112.641388
1939.868164	88.128891
1938.892578	36.393311
1937.916992	21.419468
1936.941406	128.929794
1935.965820	236.390823
1934.990234	236.056656
1934.013672	208.783600
1933.037109	127.661880
1932.060547	7.406872
1931.083984	70.719299
1930.107422	119.327171
1929.129883	48.055870
1928.153320	243.387283
1927.175781	47.415985
1926.198242	86.213860
1925.219727	239.878616
1924.242188	66.019417
1923.263672	99.912872
1922.285156	104.484726
1921.306641	52.883087
1920.328125	-86.605270
1919.349609	-55.127224
1918.370117	-65.153114
1917.391602	-53.201019
1916.412109	24.638336
1915.431641	-70.763939
1914.452148	19.263878
1913.472656	111.705902
1912.492188	182.177628
1911.511719	-115.488892
1910.531250	-10.856275
1909.550781	-125.579979
1908.569336	-218.321915
1907.588867	-18.688053
1906.607422	-62.679317
1905.625977	66.254425
1904.644531	-99.448158
1903.662109	-80.073555
1902.680664	99.938057
1901.698242	17.093081
1900.715820	-43.812431
1899.733398	-29.276443
1898.750000	-31.757349
1897.767578	101.941139
1896.784180	138.360138
1895.800781	-121.756721
1894.817383	155.301498
1893.833984	55.665615
1892.850586	160.137344
1891.866211	-53.590370
1890.881836	80.027695
1889.897461	-143.290771
1888.913086	-14.535167
1887.927734	-31.434904
1886.943359	73.011467
1885.958008	-50.619663
1884.972656	131.435028
1883.987305	-38.215771
1883.001953	32.255390
1882.015625	-122.744232
1881.029297	-74.074951
1880.042969	-182.930862
1879.056641	-93.057327
1878.070313	74.311005
1877.083984	50.290569
1876.096680	-48.779736
1875.109375	74.936897
1874.122070	-26.501745
1873.134766	184.308807
1872.146484	92.584419
1871.159180	37.192192
1870.170898	30.204781
1869.182617	158.656616
1868.194336	180.679184
1867.205078	52.818398
1866.216797	-29.064610
1865.227539	-101.244316
1864.238281	68.217445
1863.249023	73.358833
1862.259766	59.181896
1861.269531	-186.799667
1860.279297	67.070488
1859.290039	64.983894
1858.298828	84.622124
1857.308594	17.391582
1856.318359	-8.800490
1855.327148	39.792011
1854.335938	28.079311
1853.344727	59.771885
1852.353516	-113.451042
1851.362305	38.767483
1850.370117	29.475319
1849.377930	-73.776726
1848.385742	32.578262
1847.393555	-27.286865
1846.401367	83.832008
1845.408203	-57.880085
1844.415039	-141.772720
1843.421875	15.020290
1842.428711	-56.831600
1841.435547	-54.084751
1840.441406	49.674366
1839.448242	114.912628
1838.454102	38.266159
1837.459961	117.893204
1836.464844	62.891354
1835.470703	-93.020050
1834.475586	99.480629
1833.480469	22.871969
1832.485352	-96.946632
1831.490234	-46.248127
1830.495117	-53.195114
1829.499023	218.276718
1828.502930	60.074230
1827.506836	206.634415
1826.510742	48.470444
1825.513672	-8.913922
1824.517578	96.774109
1823.520508	68.146019
1822.523438	219.295715
1821.526367	-5.895422
1820.529297	-10.569494
1819.531250	3.908038
1818.533203	219.566711
1817.535156	178.882599
1816.537109	-74.901588
1815.539063	49.630676
1814.540039	154.948822
1813.541992	75.949509
1812.542969	37.632584
1811.543945	126.093147
1810.543945	59.042751
1809.544922	137.860641
1808.544922	147.295563
1807.544922	41.971973
1806.544922	185.210754
1805.544922	15.363028
1804.544922	117.896149
1803.543945	26.898521
1802.542969	124.567978
1801.541992	-11.806828
1800.541016	-83.701881
1799.539063	83.072701
1798.538086	-0.793757
1797.536133	-53.639351
1796.534180	17.545931
1795.532227	153.069809
1794.529297	2.384300
1793.527344	209.324493
1792.524414	225.477356
1791.521484	8.055693
1790.518555	88.515213
1789.514648	149.857132
1788.511719	163.514481
1787.507813	19.972446
1786.503906	-47.358746
1785.500000	42.409256
1784.496094	129.733170
1783.491211	-70.921089
1782.486328	137.657623
1781.481445	-29.685263
1780.476563	-18.638538
1779.471680	44.681313
1778.465820	155.487167
1777.460938	47.558479
1776.455078	94.096642
1775.449219	133.456619
1774.442383	13.614851
1773.436523	226.279770
1772.429688	125.394753
1771.422852	86.239700
1770.416016	28.076111
1769.409180	7.870562
1768.402344	32.718548
1767.394531	121.570961
1766.386719	191.380753
1765.378906	-9.204824
1764.371094	67.645126
1763.362305	-12.021948
1762.354492	45.767826
1761.345703	231.451324
1760.336914	99.570587
1759.328125	171.406738
1758.318359	77.402603
1757.308594	-40.279526
1756.299805	69.307953
1755.290039	-140.708023
1754.279297	188.851044
1753.269531	184.653061
1752.258789	-41.937923
1751.249023	38.975639
1750.238281	96.172722
1749.226563	72.926590
1748.215820	113.473877
1747.204102	-16.186899
1746.193359	5.383208
1745.181641	107.223602
1744.168945	83.804832
1743.157227	10.769219
1742.144531	13.271197
1741.132813	-187.267960
1740.120117	-10.160247
1739.106445	37.059563
1738.093750	91.302231
1737.080078	-12.550572
1736.067383	-158.848190
1735.053711	178.221573
1734.040039	128.515366
1733.025391	165.991898
1732.011719	111.517014
1730.997070	9.900687
1729.982422	-127.049103
1728.967773	157.581757
1727.952148	133.600525
1726.937500	95.468117
1725.921875	-126.285095
1724.906250	-16.174156
1723.890625	2.094967
1722.875000	-80.835030
1721.858398	14.974747
1720.841797	110.710571
1719.825195	20.637226
1718.808594	191.479462
1717.791992	-51.411037
1716.774414	-122.720490
1715.756836	-46.034874
1714.739258	115.141075
1713.721680	55.471596
1712.704102	49.789871
1711.685547	-21.658825
1710.667969	-86.072517
1709.649414	156.900452
1708.630859	251.937073
1707.611328	84.182899
1706.592773	-95.264870
1705.573242	-42.551891
1704.553711	5.417930
1703.534180	27.551077
1702.513672	103.534973
1701.494141	-40.779930
1700.473633	-4.704589
1699.453125	61.770359
1698.432617	-28.703459
1697.412109	-18.505655
1696.390625	-99.638412
1695.369141	34.532780
1694.347656	-67.703705
1693.326172	80.378990
1692.304688	-134.160248
1691.282227	-159.237793
1690.260742	-79.121590
1689.238281	82.743019
1688.214844	-19.587101
1687.192383	74.377113
1686.168945	-105.068619
1685.146484	189.691833
1684.123047	-38.809582
1683.099609	99.322792
1682.075195	218.692902
1681.051758	232.963028
1680.027344	163.186386
1679.002930	172.733383
1677.978516	200.910049
1676.953125	156.745041
1675.928711	236.155777
1674.903320	222.252899
1673.877930	98.779976
1672.852539	238.661240
1671.826172	243.321747
1670.800781	213.017044
1669.774414	150.087051
1668.748047	189.615341
1667.721680	308.259552
1666.694336	75.347969
1665.667969	210.212555
1664.640625	396.185242
1663.613281	302.902435
1662.585938	260.803040
1661.557617	439.609833
1660.530273	371.881500
1659.501953	287.881500
1658.473633	382.847870
1657.444336	315.097076
1656.416016	498.263184
1655.386719	618.619263
1654.358398	399.859985
1653.328125	587.479553
1652.298828	515.016968
1651.269531	514.514160
1650.239258	469.899780
1649.208984	518.087952
1648.178711	626.550781
1647.148438	672.338562
1646.117188	690.262695
1645.086914	589.940125
1644.055664	637.976501
1643.024414	829.656189
1641.992188	768.699707
1640.960938	686.910583
1639.928711	690.828064
1638.896484	597.478699
1637.864258	719.458618
1636.832031	797.403137
1635.798828	717.933167
1634.766602	712.531067
1633.733398	769.575806
1632.699219	858.963440
1631.666016	830.379395
1630.632813	746.311829
1629.598633	881.859131
1628.564453	672.996216
1627.530273	669.853394
1626.495117	578.912964
1625.460938	737.460022
1624.425781	835.892212
1623.390625	781.900024
1622.355469	845.652100
1621.319336	807.821106
1620.284180	804.620789
1619.248047	829.097229
1618.211914	673.649048
1617.174805	912.603333
1616.138672	791.783203
1615.101563	972.989502
1614.065430	863.728210
1613.027344	791.368774
1611.990234	970.168701
1610.953125	1024.514526
1609.915039	889.990112
1608.876953	819.993225
1607.838867	828.297668
1606.800781	831.999817
1605.761719	959.964722
1604.723633	952.146362
1603.684570	1130.655396
1602.644531	989.415039
1601.605469	799.954590
1600.566406	879.553223
1599.526367	989.004761
1598.486328	995.007629
1597.446289	812.614136
1596.405273	896.765625
1595.365234	813.240112
1594.324219	837.676697
1593.283203	901.143799
1592.242188	840.646851
1591.200195	1011.968140
1590.159180	777.117981
1589.117188	925.469849
1588.075195	849.007324
1587.032227	715.254761
1585.990234	973.621826
1584.947266	1021.013489
1583.904297	846.099548
1582.861328	774.380615
1581.818359	1032.593506
1580.775391	828.054138
1579.731445	857.186584
1578.687500	694.004272
1577.643555	787.283203
1576.598633	587.593933
1575.554688	843.358398
1574.509766	893.140991
1573.464844	906.328247
1572.419922	892.088684
1571.374023	818.426453
1570.329102	913.980103
1569.283203	854.100464
1568.237305	693.725647
1567.191406	640.813110
1566.144531	699.865417
1565.098633	642.455200
1564.051758	639.886719
1563.004883	577.991577
1561.957031	621.131531
1560.910156	627.775757
1559.862305	600.217896
1558.814453	750.618408
1557.766602	638.721863
1556.718750	563.380432
1555.669922	586.120117
1554.621094	453.892334
1553.573242	576.975525
1552.523438	460.806763
1551.474609	511.004517
1550.424805	435.951874
1549.375000	331.359863
1548.325195	388.475952
1547.275391	233.925583
1546.225586	541.425964
1545.174805	352.841431
1544.124023	414.588867
1543.073242	364.905945
1542.022461	444.886841
1540.970703	422.565948
1539.919922	457.117004
1538.868164	393.969666
1537.815430	460.387146
1536.763672	501.832977
1535.710938	454.720459
1534.659180	269.155609
1533.606445	297.103546
1532.552734	347.773743
1531.500000	244.150909
1530.446289	294.891815
1529.393555	268.528778
1528.338867	208.188721
1527.285156	143.382187
1526.231445	146.656586
1525.176758	329.036072
1524.122070	187.314636
1523.067383	29.831518
1522.012695	69.538223
1520.957031	-108.161087
1519.901367	49.391701
1518.845703	9.959607
1517.790039	178.832993
1516.734375	200.583450
1515.677734	145.437637
1514.621094	-6.916324
1513.564453	123.556053
1512.507813	145.480072
1511.450195	214.916519
1510.393555	160.053329
1509.335938	304.132935
1508.278320	127.351936
1507.219727	147.224411
1506.162109	327.502411
1505.103516	300.002869
1504.044922	286.109741
1502.986328	279.041992
1501.926758	290.079590
1500.868164	488.443787
1499.808594	289.733185
1498.749023	350.532715
1497.688477	548.913391
1496.628906	424.861755
1495.568359	242.300049
1494.507813	183.815857
1493.447266	294.400574
1492.386719	301.364014
1491.325195	184.495300
1490.263672	229.862244
1489.202148	-60.202923
1488.140625	-61.971493
1487.079102	55.593822
1486.016602	-85.599449
1484.954102	180.506470
1483.891602	-30.272818
1482.829102	-81.251595
1481.765625	4.991502
1480.702148	199.144897
1479.638672	123.603287
1478.575195	-21.516014
1477.511719	-2.514615
1476.447266	-41.811729
1475.382813	-22.763165
1474.318359	166.988632
1473.253906	78.410561
1472.189453	5.666820
1471.124023	42.972210
1470.058594	-52.082092
1468.993164	5.346786
1467.927734	0.067533
1466.861328	12.959212
1465.794922	-5.593287
1464.728516	103.625938
1463.662109	215.091568
1462.594727	252.899643
1461.528320	73.313423
1460.460938	184.640198
1459.393555	3.412949
1458.326172	184.120987
1457.257813	141.802002
1456.189453	309.139191
1455.121094	275.700012
1454.052734	301.711945
1452.984375	250.354782
1451.915039	257.516022
1450.845703	362.408875
1449.776367	357.212036
1448.707031	394.231171
1447.636719	585.306213
1446.567383	247.711472
1445.497070	296.713715
1444.425781	489.099213
1443.355469	418.682037
1442.285156	585.584351
1441.213867	518.762634
1440.142578	369.891266
1439.070313	453.184662
1437.999023	379.296112
1436.926758	289.238312
1435.854492	518.375916
1434.782227	339.566376
1433.709961	658.639648
1432.636719	493.704834
1431.563477	579.019958
1430.490234	467.343781
1429.416992	323.925201
1428.343750	406.560028
1427.269531	234.554886
1426.195313	205.954636
1425.121094	51.083374
1424.046875	151.866776
1422.971680	451.269867
1421.896484	196.418320
1420.821289	342.152802
1419.746094	450.657776
1418.669922	403.507843
1417.594727	269.561249
1416.518555	297.488861
1415.442383	271.292969
1414.365234	362.827606
1413.289063	264.928162
1412.211914	277.434845
1411.134766	389.839905
1410.057617	392.015289
1408.979492	431.227356
1407.902344	428.836395
1406.824219	447.612732
1405.746094	432.639221
1404.666992	616.125793
1403.588867	462.176422
1402.509766	377.261078
1401.430664	647.061951
1400.351563	476.068146
1399.271484	515.629456
1398.192383	440.698883
1397.112305	597.086792
1396.031250	553.803772
1394.951172	567.208862
1393.871094	570.360962
1392.790039	428.182434
1391.708984	354.698761
1390.626953	519.794312
1389.545898	544.366577
1388.463867	326.100708
1387.381836	232.707489
1386.299805	299.528412
1385.217773	293.575958
1384.134766	118.495476
1383.051758	364.570831
1381.968750	404.815399
1380.885742	422.162506
1379.802734	380.571838
1378.718750	400.782715
1377.634766	380.083649
1376.550781	356.654968
1375.465820	549.580872
1374.381836	460.967560
1373.296875	416.823547
1372.211914	420.260315
1371.126953	404.836151
1370.041016	198.219437
1368.955078	330.916046
1367.869141	403.190338
1366.783203	230.215744
1365.697266	325.248810
1364.610352	377.464935
1363.523438	558.994812
1362.436523	540.690552
1361.349609	432.566498
1360.261719	610.570679
1359.174805	461.708405
1358.086914	468.027435
1356.998047	327.770721
1355.910156	458.641541
1354.821289	426.945770
1353.732422	321.739380
1352.643555	410.744690
1351.554688	273.995514
1350.464844	337.971436
1349.375000	436.162903
1348.285156	331.153503
1347.195313	440.341339
1346.105469	283.524811
1345.014648	328.744232
1343.923828	449.770172
1342.833008	423.712524
1341.741211	475.589264
1340.650391	344.891693
1339.558594	461.809418
1338.466797	425.741669
1337.374023	364.339386
1336.282227	395.605225
1335.189453	239.506470
1334.096680	274.974426
1333.003906	407.524292
1331.910156	475.147949
1330.817383	215.841934
1329.723633	196.465363
1328.629883	249.270706
1327.535156	307.676666
1326.441406	349.827972
1325.346680	344.145569
1324.251953	220.175644
1323.156250	136.303879
1322.061523	172.073166
1320.965820	384.352875
1319.870117	320.070038
1318.774414	344.601135
1317.678711	293.488739
1316.582031	458.093231
1315.485352	328.212585
1314.388672	456.424469
1313.291016	355.332550
1312.194336	356.614990
1311.096680	424.227539
1309.999023	265.876251
1308.901367	391.663269
1307.802734	617.498901
1306.705078	377.690033
1305.606445	325.398743
1304.506836	381.653900
1303.408203	451.668457
1302.308594	311.130005
1301.208984	397.451447
1300.109375	341.396942
1299.009766	369.843018
1297.909180	471.359467
1296.808594	290.377563
1295.708008	409.563904
1294.607422	383.978546
1293.506836	199.639648
1292.405273	215.691254
1291.303711	205.693512
1290.202148	151.611801
1289.099609	-1.449798
1287.998047	178.774796
1286.895508	62.399506
1285.792969	111.736328
1284.689453	38.488056
1283.586914	205.612045
1282.483398	198.786804
1281.379883	-49.952118
1280.276367	90.514000
1279.171875	34.216118
1278.067383	71.313805
1276.962891	95.098610
1275.858398	43.636486
1274.753906	91.335197
1273.648438	103.142776
1272.542969	242.771454
1271.437500	150.874100
1270.331055	32.377323
1269.225586	177.198105
1268.119141	137.394165
1267.012695	130.889603
1265.906250	240.231827
1264.798828	90.259590
1263.691406	154.152817
1262.583984	93.825134
1261.476563	23.860083
1260.368164	53.272224
1259.260742	111.384666
1258.152344	5.301185
1257.043945	12.477057
1255.934570	121.749130
1254.825195	173.648849
1253.716797	206.719376
1252.606445	194.568787
1251.497070	82.750267
1250.387695	-105.713799
1249.277344	2.366013
1248.166992	37.257458
1247.055664	27.160707
1245.945313	18.299170
1244.833984	50.348015
1243.722656	-22.711134
1242.611328	-26.992950
1241.499023	-15.057019
1240.387695	23.160891
1239.275391	44.033234
1238.162109	28.733431
1237.049805	55.481972
1235.936523	-92.172913
1234.823242	-49.458569
1233.709961	37.412685
1232.596680	-47.966770
1231.482422	-64.705345
1230.369141	-52.113766
1229.253906	44.504028
1228.139648	-71.955055
1227.025391	-76.838669
1225.910156	21.788715
1224.794922	-107.955498
1223.679688	-105.461327
1222.563477	4.508499
1221.447266	-129.198120
1220.331055	50.697758
1219.214844	-27.836479
1218.098633	71.985916
1216.981445	5.364124
1215.864258	29.816000
1214.747070	-12.622676
1213.629883	113.629768
1212.511719	39.685574
1211.393555	326.145660
1210.275391	177.536011
1209.157227	-1.128044
1208.038086	-17.021433
1206.918945	11.799582
1205.799805	10.787788
1204.680664	82.321762
1203.560547	133.492188
1202.441406	67.196777
1201.321289	233.042999
1200.200195	65.885017
1199.080078	134.185028
1197.958984	68.910835
1196.837891	72.543381
1195.716797	-41.255512
1194.594727	93.292267
1193.473633	79.923485
1192.351563	151.608749
1191.229492	20.326185
1190.106445	-28.027979
1188.984375	-35.279346
1187.861328	-12.577522
1186.738281	-27.277342
1185.614258	34.742985
1184.491211	48.924572
1183.367188	-82.852013
1182.243164	-78.398560
1181.119141	-78.922371
1179.994141	-159.397919
1178.869141	-144.846893
1177.744141	-140.022964
1176.619141	-149.505493
1175.493164	-166.036591
1174.368164	-7.777336
1173.242188	-57.014923
1172.115234	1.919299
1170.989258	-117.184479
1169.862305	-161.520264
1168.735352	-94.518761
1167.608398	50.976059
1166.481445	-9.063369
1165.353516	-71.597542
1164.225586	-98.015076
1163.097656	-66.092056
1161.968750	-9.993611
1160.840820	30.688484
1159.711914	60.317036
1158.583008	21.273081
1157.453125	-10.859071
1156.324219	-86.149033
1155.194336	-63.823513
1154.064453	-75.274818
1152.933594	-117.785393
1151.803711	-179.777222
1150.672852	-90.168076
1149.541992	-126.076729
1148.411133	-100.425217
1147.279297	-55.569328
1146.147461	-6.147784
1145.015625	-18.248627
1143.883789	28.482487
1142.750977	-36.881596
1141.619141	-62.641819
1140.486328	-49.977547
1139.352539	23.534851
1138.219727	-39.076824
1137.085938	-96.454453
1135.952148	73.438774
1134.818359	4.865917
1133.683594	104.299088
1132.549805	275.993378
1131.415039	263.627045
1130.279297	270.256012
1129.144531	407.093109
1128.008789	346.436981
1126.873047	270.004364
1125.737305	123.633545
1124.601563	133.415726
1123.464844	344.702728
1122.328125	232.533157
1121.191406	177.174515
1120.054688	302.898193
1118.916992	175.340118
1117.779297	192.643005
1116.641602	282.147583
1115.503906	85.345047
1114.365234	165.712509
1113.226563	292.210663
1112.087891	79.107513
1110.949219	135.030487
1109.809570	75.739815
1108.669922	190.999542
1107.530273	121.626511
1106.390625	91.274025
1105.250000	15.245709
1104.109375	192.635773
1102.968750	172.644409
1101.828125	181.883392
1100.686523	252.099167
1099.544922	170.501266
1098.403320	222.556503
1097.261719	177.499222
1096.120117	125.241074
1094.977539	-12.852998
1093.834961	236.265091
1092.691406	100.327461
1091.548828	211.967529
1090.405273	90.347275
1089.261719	62.800507
1088.118164	199.355087
1086.973633	222.069687
1085.829102	29.830460
1084.684570	-38.096443
1083.540039	32.277779
1082.395508	81.491249
1081.250000	227.088364
1080.104492	22.626324
1078.958984	86.109573
1077.812500	71.185471
1076.666016	123.332191
1075.519531	145.339355
1074.373047	220.202118
1073.226563	138.537750
1072.079102	228.441727
1070.931641	189.984177
1069.784180	273.354126
1068.635742	42.328159
1067.487305	209.605865
1066.338867	360.703461
1065.190430	311.144409
1064.041992	219.681290
1062.892578	273.127655
1061.743164	48.964508
1060.593750	198.758316
1059.443359	67.306007
1058.292969	-15.889381
1057.142578	73.633667
1055.992188	78.368416
1054.841797	69.316933
1053.690430	107.357559
1052.539063	144.975876
1051.387695	74.040665
1050.235352	194.724152
1049.083984	115.043495
1047.931641	38.343048
1046.778320	83.498360
1045.625977	137.010117
1044.472656	180.110748
1043.319336	96.833870
1042.166016	56.476479
1041.012695	39.957661
1039.858398	-29.344963
1038.704102	217.771759
1037.549805	80.884644
1036.394531	35.672508
1035.239258	17.274132
1034.083984	149.425018
1032.928711	41.207325
1031.773438	38.089958
1030.617188	188.350281
1029.460938	3.257072
1028.304688	105.832458
1027.147461	86.738991
1025.991211	118.172493
1024.833984	57.053127
1023.675781	31.834122
1022.518555	69.223129
1021.360352	189.214417
1020.202148	117.399223
1019.043945	141.348495
1017.884766	43.598671
1016.726563	38.195995
1015.567383	95.329376
1014.407227	75.767464
1013.248047	-48.718765
1012.087891	125.180084
1010.927734	93.544182
1009.767578	68.272606
1008.606445	72.129684
1007.446289	-51.602680
1006.285156	170.939911
1005.123047	152.669174
1003.961914	150.456985
1002.799805	190.068497
1001.637695	37.167542
1000.475586	14.074097
999.312500	70.994240
998.149414	272.329132
996.986328	120.737656
995.823242	100.030037
994.659180	85.671059
993.496094	-136.646271
992.332031	-68.264061
991.166992	-70.014206
990.002930	-107.708008
988.837891	16.744467
987.672852	-143.021561
986.506836	23.896078
985.341797	-24.427551
984.175781	-41.996876
983.009766	17.016253
981.843750	6.295600
980.676758	-55.336319
979.509766	-145.672409
978.342773	-39.621170
977.175781	-1.349440
976.007813	7.649807
974.839844	22.382561
973.671875	21.597528
972.503906	145.684036
971.334961	25.505013
970.166016	-23.964756
968.997070	33.009277
967.828125	-17.371552
966.658203	-90.704338
965.488281	142.818283
964.318359	-99.225883
963.148438	-80.053467
961.977539	27.599691
960.806641	122.733887
959.635742	103.096359
958.463867	18.586481
957.292969	101.667679
956.121094	123.138046
954.948242	-7.050134
953.776367	-45.847446
952.603516	112.740433
951.430664	100.647469
950.257813	132.950485
949.084961	85.618370
947.911133	113.462502
946.737305	-83.136322
945.563477	-9.417213
944.388672	16.123539
943.213867	119.809143
942.039063	-70.183983
940.864258	99.968994
939.688477	6.283962
938.513672	343.778870
937.337891	240.875000
936.161133	280.362457
934.985352	170.622543
933.808594	145.654587
932.631836	255.889282
931.454102	79.844368
930.277344	196.870483
929.099609	194.821793
927.921875	119.455238
926.743164	176.918869
925.565430	167.986237
924.386719	76.609581
923.208008	-53.671432
922.028320	-21.399706
920.849609	-87.547722
919.669922	-85.839592
919.474609	111.998558
918.309570	27.509911
917.143555	93.985771
915.977539	64.391617
914.810547	23.370996
913.644531	-141.065079
912.477539	85.307884
911.310547	-138.492844
910.143555	-90.397369
908.975586	26.181179
907.807617	-92.470886
906.639648	76.544472
905.471680	28.662848
904.303711	8.172897
903.134766	-3.191606
901.965820	-60.178978
900.796875	31.076077
899.626953	-164.991531
898.457031	17.410927
897.287109	92.614059
896.117188	-146.667236
894.947266	-50.976875
893.776367	165.382721
892.605469	33.234077
891.434570	69.608475
890.262695	231.154129
889.091797	180.974609
887.919922	96.677330
886.748047	78.376839
885.575195	66.899033
884.403320	-17.350222
883.230469	-94.752342
882.057617	9.708588
880.883789	-22.233845
879.710938	0.357035
878.537109	11.572382
877.362305	109.079170
876.188477	-165.857269
875.013672	-195.504730
873.839844	-45.839073
872.664063	126.451103
871.489258	37.745308
870.313477	-50.932335
869.138672	1.026351
867.962891	-49.079144
866.786133	-69.701988
865.610352	25.265539
864.433594	-38.437187
863.256836	-22.827368
862.079102	-14.028033
860.902344	-55.065205
859.724609	78.248665
858.546875	91.520912
857.368164	159.097687
856.190430	59.189365
855.011719	9.084479
853.833008	53.989017
852.654297	-61.694244
851.474609	-138.903381
850.294922	-19.429457
849.115234	-123.754967
847.935547	-42.765240
846.754883	-97.363220
845.575195	10.670832
844.393555	132.200424
843.212891	163.361908
842.032227	-51.537270
840.850586	-94.844444
839.668945	-5.022999
838.486328	66.704681
837.304688	9.835315
836.122070	-83.098724
834.939453	-58.775154
833.756836	109.781029
832.573242	-19.205357
831.389648	137.986435
830.206055	-36.027481
829.022461	37.751785
827.838867	41.686928
826.654297	-93.963600
825.469727	-31.506845
824.284180	-115.354301
823.099609	75.294655
821.914063	49.917942
820.728516	-153.122025
819.542969	-75.039749
818.356445	36.716610
817.169922	9.070524
815.983398	1.645873
814.796875	-34.994492
813.609375	20.457067
812.422852	69.134834
811.235352	41.443771
810.046875	152.922272
808.859375	60.114334
807.670898	27.913141
806.482422	125.822304
805.293945	129.477417
804.104492	177.964340
802.915039	282.463470
801.725586	113.448288
800.536133	27.403984
799.345703	28.760593
798.155273	54.741539
796.964844	107.570770
795.774414	-144.158600
794.583008	-124.921402
793.392578	42.012234
792.200195	-21.626051
791.008789	120.574333
789.816406	99.411926
788.625000	-62.648457
787.432617	-92.741928
786.239258	40.345646
785.046875	137.600647
783.853516	67.211128
782.660156	86.194115
781.465820	-53.432198
780.272461	215.638504
779.078125	-46.788647
777.883789	77.040237
776.688477	15.567115
775.494141	36.656052
774.298828	178.179413
773.103516	-32.766052
771.907227	3.870916
770.711914	223.282135
769.515625	21.314962
768.318359	64.542397
767.122070	38.663181
765.924805	79.600258
764.727539	40.324493
763.530273	41.123310
762.333008	104.232368
761.134766	220.710114
759.936523	114.594879
758.738281	139.762955
757.540039	51.459759
756.340820	-5.695771
755.141602	121.689743
753.942383	40.046307
752.742188	189.547974
751.541992	-58.770710
750.341797	75.092529
749.141602	66.728348
747.941406	40.579445
746.740234	145.405243
745.539063	57.052387
744.337891	168.440170
743.135742	37.914368
741.933594	67.134697
740.731445	40.872002
739.529297	34.551899
738.326172	127.969337
737.124023	-15.835187
735.919922	217.107880
734.716797	272.688538
733.513672	312.714935
732.309570	222.038559
731.105469	102.590294
729.900391	138.120529
728.696289	193.528961
727.491211	271.014221
726.286133	220.129379
725.080078	71.919182
723.874023	155.934296
722.668945	82.915932
721.461914	-9.994253
720.255859	3.184898
719.048828	173.203995
717.841797	-34.618114
716.634766	-17.108170
715.427734	-6.257973
714.219727	-70.500488
713.011719	-70.735977
711.803711	-20.245781
710.594727	-82.323753
709.385742	-64.996544
708.176758	-47.704666
706.967773	123.891174
705.758789	255.707428
704.548828	21.585882
703.338867	-16.357405
702.127930	-27.878813
700.917969	75.108963
699.707031	-15.759341
698.496094	-102.215706
697.285156	-96.216225
696.073242	-28.630144
694.861328	115.906326
693.649414	-30.016479
692.436523	-147.317688
691.224609	-40.315357
690.011719	57.817806
688.798828	28.400824
687.584961	42.915386
686.372070	-37.075981
685.158203	49.872990
683.943359	110.401421
682.729492	118.181854
681.514648	143.489532
680.299805	129.252579
679.084961	29.417831
677.869141	315.696808
676.653320	193.872223
675.437500	69.876251
674.221680	130.063492
673.004883	47.720608
671.789063	57.425873
670.571289	130.633789
669.354492	265.118591
668.136719	130.138000
666.919922	-147.137207
665.701172	48.528004
664.483398	12.083421
663.264648	168.188019
662.045898	52.916313
660.827148	215.452560
659.608398	102.350639
658.388672	-76.324654
657.168945	70.749390
655.949219	71.308800
654.728516	100.243530
653.507813	170.645416
652.287109	72.816902
651.066406	154.059479
649.844727	-22.372192
648.623047	133.012253
647.401367	161.736008
646.179688	138.060059
644.957031	116.547119
643.734375	166.986008
642.511719	263.166046
641.289063	84.611450
640.065430	12.899040
638.841797	233.177597
637.618164	-1.974442
636.393555	-10.533512
635.168945	205.181488
633.944336	41.957962
632.719727	131.276230
631.494141	-27.557453
630.269531	-47.095066
629.042969	59.516533
627.817383	-3.574124
626.590820	76.847626
625.365234	-53.653809
624.137695	224.485474
622.911133	20.083172
621.683594	69.931984
620.456055	-49.681255
619.228516	10.980670
618.000977	84.625191
616.772461	99.609245
615.543945	8.227563
614.314453	-128.700516
613.085938	88.012291
611.856445	241.717133
610.626953	50.566715
609.397461	-1.770550
608.166992	173.480209
606.936523	6.254473
605.706055	40.574184
604.474609	38.038906
603.244141	-74.952911
602.012695	39.429718
600.780273	-58.392349
599.548828	-2.521075
598.316406	-74.351593
597.083984	11.760194
595.851563	-27.621750
594.618164	32.471252
593.384766	-4.759054
592.151367	25.023277
590.917969	-64.071869
589.683594	-161.782379
588.449219	86.157021
587.214844	-74.188721
585.979492	22.467415
584.745117	-68.730751
583.509766	-51.984604
582.273438	-78.409843
581.038086	-53.049648
579.801758	4.646059
578.565430	86.034363
577.329102	-48.211849
576.091797	-83.252350
574.854492	6.711855
573.617188	-19.711300
572.378906	-15.969184
571.141602	-31.609358
569.903320	142.236099
568.664063	77.050621
567.425781	-33.301273
566.186523	47.904797
564.947266	92.505386
563.708008	81.165550
562.467773	31.122959
561.227539	47.754684
559.987305	29.990894
558.747070	78.859894
557.505859	121.264389
556.264648	-12.491826
555.023438	-71.016220
553.781250	12.205257
552.539063	30.994894
551.296875	24.027918
550.054688	-92.367126
548.811523	-19.912544
547.569336	174.782776
546.325195	-130.263779
545.082031	-126.429703
543.837891	-56.140434
542.593750	-60.880001
541.349609	103.661507
540.105469	-46.757793
538.860352	-179.970581
537.615234	72.311989
536.369141	129.682510
535.124023	84.305695
533.877930	71.055908
532.631836	44.987007
531.384766	-68.758141
530.138672	-94.761101
528.891602	195.689423
527.643555	-140.289230
526.396484	150.071350
525.148438	-29.750473
523.900391	164.355576
522.652344	-100.796509
521.403320	-34.852551
520.154297	-26.564690
518.905273	-43.880253
517.656250	17.780256
516.406250	4.752889
515.156250	28.005056
513.906250	157.887161
512.655273	-57.675461
511.404297	-87.681358
510.153320	10.208056
508.902344	-160.403549
507.650391	-17.785275
506.398438	18.292658
505.146484	33.071987
503.893555	52.109692
502.641602	103.077431
501.388672	-11.951939
500.134766	-33.315437
498.881836	43.184284
497.627930	174.947144
496.374023	57.900715
495.119141	238.503555
493.865234	57.746243
492.610352	25.801939
491.355469	10.868519
490.099609	125.495148
488.843750	38.350258
487.587891	138.060638
486.332031	295.032776
485.075195	80.578331
483.818359	118.676979
482.561523	88.878105
481.304688	173.599670
480.046875	114.099800
478.789063	179.679718
477.531250	168.924164
476.272461	175.108093
475.013672	217.284988
473.754883	181.063263
472.496094	51.669464
471.236328	191.165283
469.976563	112.573151
468.716797	277.338104
467.456055	226.207047
466.196289	289.287933
464.935547	246.569916
463.673828	140.403839
462.413086	270.991730
461.151367	357.099152
459.889648	86.046822
458.626953	374.855164
457.364258	378.370636
456.101563	255.139297
454.838867	243.789734
453.575195	456.104950
452.312500	372.846375
451.047852	435.118591
449.784180	271.605469
448.519531	342.159027
447.254883	317.726654
445.990234	385.966797
444.725586	451.981201
443.459961	553.688660
442.194336	347.705719
440.927734	508.157349
439.662109	483.143738
438.395508	418.027435
437.127930	521.191772
435.861328	359.060303
434.593750	398.828552
433.326172	545.714233
432.058594	406.407928
430.790039	397.359741
429.521484	400.776489
428.252930	368.307220
426.984375	587.811829
425.714844	628.495178
424.445313	776.090149
423.174805	644.173889
421.905273	724.148315
420.634766	564.624390
419.364258	526.663940
418.092773	654.229492
416.822266	525.639404
415.550781	518.490906
414.278320	523.678528
413.006836	541.197876
411.734375	376.130707
410.461914	441.331573
409.188477	751.298401
407.916016	547.770630
406.642578	542.936890
405.368164	445.687195
404.094727	425.608307
402.820313	392.649567
401.545898	290.336273
400.270508	478.427673
398.996094	502.987152
397.720703	525.067383
396.444336	498.673645
395.168945	601.467957
393.892578	718.426208
392.616211	734.654968
391.339844	572.939514
390.062500	519.407593
388.785156	559.374756
387.507813	661.461426
386.229492	683.719238
384.951172	745.102417
383.672852	605.728638
382.394531	530.524780
381.115234	425.609894
379.835938	549.445374
378.556641	605.969910
377.277344	416.045532
375.997070	483.855652
374.716797	617.646240
373.435547	492.557037
372.155273	495.929138
370.874023	355.011688
369.591797	496.401428
368.310547	422.775452
367.028320	423.294647
365.746094	269.195190
364.463867	490.647125
363.180664	301.754425
361.897461	560.949097
360.614258	337.228088
359.330078	231.110291
358.045898	250.824112
356.761719	140.907303
355.477539	320.696960
354.192383	327.192810
352.907227	222.751221
351.622070	223.141525
350.336914	311.681519
349.050781	332.757629
347.764648	139.239044
346.477539	247.250809
345.191406	95.115562
343.904297	91.010345
342.616211	87.762062
341.329102	-11.916243
340.041016	46.578262
338.752930	23.055567
337.463867	155.471603
336.175781	40.341721
334.886719	-32.701988
333.596680	83.100739
332.307617	21.728672
331.017578	39.496414
329.727539	-20.700975
328.436523	20.861267
327.146484	-137.418503
325.855469	8.381164
324.563477	-56.107136
323.272461	-97.420158
321.980469	-136.343872
320.688477	103.628006
319.395508	-95.694221
318.103516	20.927977
316.810547	-132.488998
315.516602	-211.521729
314.223633	-38.886292
312.929688	123.383102
311.635742	-0.767970
310.340820	52.200909
309.045898	-26.716339
307.750977	-87.176407
306.456055	152.773651
305.160156	153.618912
303.865234	355.928040
302.568359	467.195190
301.272461	253.183273
299.975586	561.073975
298.678711	348.269714
