2000.043945	-283.551605
1999.080078	-456.692291
1998.116211	9.625423
1997.151367	-102.597466
1996.186523	-181.047485
1995.222656	108.685837
1994.256836	-110.269936
1993.291992	93.410942
1992.327148	-20.736509
1991.361328	94.580414
1990.395508	-18.623604
1989.429688	317.807068
1988.463867	215.472778
1987.497070	354.899200
1986.531250	125.071259
1985.564453	62.829445
1984.597656	84.025642
1983.630859	-142.574570
1982.664063	107.270370
1981.696289	87.149460
1980.728516	170.243240
1979.761719	247.816025
1978.792969	-25.773928
1977.825195	-65.214867
1976.857422	228.141129
1975.888672	385.205200
1974.919922	68.001945
1973.951172	470.909149
1972.982422	675.933044
1972.013672	614.149719
1971.043945	61.352821
1970.075195	228.274933
1969.105469	471.223328
1968.135742	183.925507
1967.165039	305.457275
1966.195313	404.477936
1965.224609	384.978180
1964.253906	407.087463
1963.283203	-19.153118
1962.312500	88.711174
1961.341797	129.869095
1960.370117	141.286530
1959.399414	135.275909
1958.427734	274.224304
1957.455078	152.267639
1956.483398	42.484077
1955.511719	92.395927
1954.539063	-27.444157
1953.566406	415.408081
1952.593750	47.142120
1951.621094	-466.033295
1950.647461	-99.805573
1949.674805	185.152939
1948.701172	332.438080
1947.727539	37.727337
1946.753906	81.763008
1945.780273	282.771515
1944.805664	326.641449
1943.831055	321.393127
1942.856445	166.509979
1941.881836	87.662598
1940.907227	-194.658356
1939.932617	145.697693
1938.957031	-232.132446
1937.981445	27.233488
1937.005859	-24.621092
1936.030273	-108.292717
1935.054688	-69.479713
1934.078125	-55.148003
1933.101563	252.946793
1932.125000	325.992401
1931.148438	-51.218250
1930.171875	178.494339
1929.194336	-93.297684
1928.217773	-110.607330
1927.240234	-49.622211
1926.262695	316.978546
1925.284180	121.305557
1924.306641	-157.342804
1923.328125	311.841522
1922.350586	-69.242088
1921.372070	-103.289635
1920.392578	-227.619522
1919.414063	-49.098797
1918.434570	136.744293
1917.456055	49.217903
1916.476563	-304.190643
1915.497070	25.723774
1914.516602	284.843964
1913.537109	-41.394093
1912.556641	83.660843
1911.576172	55.146694
1910.595703	94.954315
1909.615234	-191.748215
1908.633789	-405.172302
1907.653320	-143.422653
1906.671875	208.421539
1905.690430	0.106400
1904.708984	-61.985786
1903.727539	143.781082
1902.745117	366.578064
1901.762695	-199.060364
1900.780273	191.712509
1899.797852	207.797989
1898.815430	90.175369
1897.832031	55.335815
1896.849609	-256.585693
1895.866211	-38.449459
1894.882813	196.668549
1893.898438	103.743706
1892.915039	-210.163971
1891.930664	-79.426437
1890.947266	-220.679352
1889.962891	-172.443085
1888.977539	-68.348396
1887.993164	326.984222
1887.007813	105.870361
1886.023438	-39.920116
1885.038086	6.006547
1884.051758	22.859072
1883.066406	10.625677
1882.081055	-282.789001
1881.094727	138.964981
1880.108398	83.181183
1879.122070	-1.639077
1878.135742	-166.349976
1877.148438	213.976486
1876.162109	-28.179913
1875.174805	-105.589523
1874.187500	-54.670124
1873.199219	276.982697
1872.211914	-303.737396
1871.223633	-400.374329
1870.236328	168.188202
1869.248047	110.179657
1868.258789	102.964226
1867.270508	40.126926
1866.282227	-307.908508
1865.292969	-334.425476
1864.303711	-13.033394
1863.314453	6.253003
1862.324219	-80.756073
1861.334961	73.700340
1860.344727	-175.113693
1859.354492	153.032349
1858.364258	302.424408
1857.374023	-35.698429
1856.383789	627.442017
1855.392578	-29.094450
1854.401367	62.153378
1853.410156	300.385498
1852.418945	314.278473
1851.426758	-98.502563
1850.435547	462.343414
1849.443359	-111.869888
1848.451172	280.014374
1847.458984	255.020447
1846.466797	412.957764
1845.473633	676.694153
1844.480469	157.949295
1843.487305	38.809944
1842.494141	340.698883
1841.500977	81.851402
1840.506836	-160.150253
1839.513672	278.383636
1838.519531	144.425217
1837.525391	524.839417
1836.530273	469.985504
1835.536133	232.405655
1834.541016	530.571228
1833.545898	141.511780
1832.550781	-12.166175
1831.555664	566.448669
1830.560547	210.837860
1829.564453	388.094421
1828.568359	404.361847
1827.572266	406.094513
1826.576172	167.793655
1825.580078	210.062119
1824.583008	103.500168
1823.585938	579.435730
1822.588867	304.749054
1821.591797	689.093933
1820.594727	493.260895
1819.596680	400.361298
1818.599609	91.758766
1817.601563	144.736984
1816.603516	96.965019
1815.604492	321.956085
1814.606445	101.501007
1813.607422	359.565918
1812.608398	265.652710
1811.609375	293.595184
1810.610352	-27.835283
1809.610352	327.393280
1808.611328	330.863037
1807.611328	123.796104
1806.611328	-162.241852
1805.610352	77.307922
1804.610352	796.759705
1803.609375	562.732666
1802.608398	307.105988
1801.607422	220.897461
1800.606445	275.367126
1799.605469	441.794678
1798.603516	269.104980
1797.601563	444.607971
1796.599609	557.817810
1795.597656	286.807312
1794.595703	347.133667
1793.592773	342.857758
1792.589844	500.454742
1791.587891	529.092102
1790.583984	300.176636
1789.581055	347.467194
1788.577148	232.566071
1787.574219	355.619263
1786.570313	316.509521
1785.566406	98.667015
1784.561523	232.912811
1783.557617	512.035400
1782.552734	388.771606
1781.547852	293.872803
1780.542969	132.197693
1779.538086	293.726074
1778.532227	374.133514
1777.527344	518.461365
1776.521484	477.147308
1775.515625	-13.419025
1774.508789	96.952950
1773.502930	176.181519
1772.496094	395.237885
1771.489258	82.192528
1770.482422	557.076477
1769.475586	94.147377
1768.467773	231.454086
1767.460938	64.831894
1766.453125	348.679321
1765.445313	229.056778
1764.437500	301.288513
1763.428711	316.363953
1762.420898	430.749756
1761.412109	156.244781
1760.403320	419.399048
1759.393555	400.341919
1758.384766	397.643555
1757.375000	271.585602
1756.366211	325.266602
1755.356445	416.557251
1754.345703	306.430115
1753.335938	80.188202
1752.325195	572.912048
1751.315430	149.944778
1750.304688	60.315281
1749.292969	372.386963
1748.282227	-17.901907
1747.270508	151.812393
1746.259766	4.633123
1745.248047	95.868576
1744.235352	127.788620
1743.223633	374.372894
1742.211914	127.193832
1741.199219	125.369858
1740.186523	-79.645348
1739.173828	-169.174805
1738.160156	-336.756805
1737.147461	-120.006592
1736.133789	202.556549
1735.120117	173.461716
1734.106445	-174.086548
1733.091797	-319.029694
1732.078125	-313.301025
1731.063477	170.476761
1730.048828	378.259766
1729.034180	279.584778
1728.019531	60.648682
1727.003906	58.169315
1725.988281	111.982620
1724.972656	97.320793
1723.957031	-58.705013
1722.941406	-57.260971
1721.924805	106.264542
1720.909180	243.677094
1719.892578	-98.794197
1718.875977	-396.663422
1717.858398	-332.694550
1716.841797	-80.943687
1715.824219	-99.659592
1714.806641	-158.480499
1713.789063	0.935546
1712.770508	-520.808899
1711.752930	-138.725143
1710.734375	156.174820
1709.715820	-241.457153
1708.697266	48.314770
1707.678711	-220.471954
1706.659180	-236.051437
1705.640625	-202.534546
1704.621094	-187.966141
1703.600586	-86.855980
1702.581055	21.107943
1701.561523	-342.070374
1700.541016	292.643799
1699.520508	93.173569
1698.500000	27.111343
1697.478516	262.921204
1696.458008	285.506775
1695.436523	293.879547
1694.415039	271.693909
1693.393555	466.948608
1692.372070	63.216640
1691.349609	454.586517
1690.327148	1168.322632
1689.304688	752.599426
1688.282227	500.513672
1687.259766	311.497681
1686.236328	732.174744
1685.213867	900.330139
1684.190430	825.414551
1683.166016	986.219543
1682.142578	834.058472
1681.119141	700.527100
1680.094727	1164.314575
1679.070313	1018.885864
1678.045898	1134.673584
1677.020508	1024.081543
1675.996094	1235.244629
1674.970703	1320.326660
1673.945313	1374.996338
1672.919922	1494.811279
1671.893555	1274.307983
1670.868164	1727.067017
1669.841797	1376.029419
1668.815430	1921.575073
1667.789063	1686.909912
1666.761719	1559.324219
1665.735352	1918.149414
1664.708008	2039.423340
1663.680664	2114.069336
1662.653320	2177.008301
1661.625000	2588.670898
1660.597656	2686.275635
1659.569336	2481.586914
1658.541016	2683.660645
1657.512695	2588.187744
1656.483398	2718.055420
1655.455078	2787.471191
1654.425781	2633.870605
1653.396484	3204.731934
1652.366211	2951.223877
1651.336914	3141.128174
1650.306641	3275.231934
1649.276367	3151.744141
1648.246094	3445.831787
1647.215820	3496.287109
1646.185547	3447.019775
1645.154297	3506.710205
1644.123047	4027.633301
1643.091797	3989.874756
1642.060547	3525.823975
1641.028320	3620.224365
1639.997070	3756.317871
1638.964844	3614.486084
1637.931641	3410.205078
1636.899414	3877.313965
1635.867188	3617.599365
1634.833984	3816.132568
1633.800781	3848.067139
1632.767578	3697.308838
1631.734375	3962.895752
1630.700195	3544.055664
1629.666016	3768.040283
1628.631836	3506.656738
1627.597656	3603.588379
1626.563477	3929.248047
1625.528320	3864.477539
1624.493164	4127.722656
1623.458008	4088.471436
1622.422852	4194.738281
1621.387695	3890.225342
1620.351563	4079.696533
1619.315430	3867.746094
1618.279297	3845.107178
1617.243164	3822.568359
1616.207031	3608.749512
1615.169922	3685.555664
1614.132813	3349.869385
1613.095703	3357.760010
1612.058594	3190.660400
1611.020508	3733.178467
1609.983398	3464.950684
1608.945313	3302.839111
1607.907227	3433.276367
1606.868164	3591.383057
1605.830078	3303.133789
1604.791016	3893.997559
1603.751953	3244.882813
1602.712891	3290.714355
1601.673828	3470.030029
1600.633789	4231.037109
1599.594727	4118.458496
1598.554688	4081.889893
1597.513672	3999.505615
1596.473633	4128.665527
1595.433594	3844.509521
1594.392578	3941.785400
1593.351563	3540.981689
1592.310547	3996.675781
1591.268555	3885.481934
1590.227539	3728.628418
1589.185547	3576.572266
1588.143555	3355.938232
1587.100586	3642.333984
1586.058594	3798.126709
1585.015625	3669.778809
1583.972656	3594.375244
1582.929688	3473.356201
1581.886719	3082.243408
1580.843750	3357.996582
1579.799805	3265.125977
1578.755859	3241.169678
1577.711914	3375.371582
1576.666992	3164.114258
1575.623047	3538.937012
1574.578125	3257.215576
1573.533203	3323.482422
1572.488281	3369.349121
1571.443359	2795.786377
1570.397461	2954.158447
1569.351563	2742.430176
1568.305664	3058.857666
1567.259766	2952.724365
1566.213867	2390.016357
1565.166992	2569.954102
1564.120117	2697.532715
1563.073242	2377.851807
1562.026367	2515.007324
1560.978516	2759.583252
1559.930664	2283.343506
1558.883789	2936.656250
1557.834961	2668.568848
1556.787109	2485.205322
1555.739258	2776.330566
1554.690430	2611.728760
1553.641602	2442.881104
1552.592773	2547.750244
1551.542969	2488.809082
1550.494141	2430.156250
1549.444336	2515.219971
1548.394531	2575.464600
1547.344727	1909.864136
1546.293945	2330.267578
1545.244141	2445.899902
1544.193359	2461.649170
1543.142578	2166.075439
1542.090820	1798.110474
1541.040039	1548.785767
1539.988281	1170.260742
1538.936523	1792.071167
1537.884766	957.503235
1536.833008	1111.698975
1535.780273	1104.849487
1534.727539	896.184570
1533.674805	572.096008
1532.622070	448.159149
1531.569336	726.238342
1530.515625	718.592285
1529.461914	713.507935
1528.408203	652.005798
1527.354492	527.317383
1526.299805	504.987335
1525.246094	414.956665
1524.191406	218.735992
1523.136719	-42.830952
1522.081055	-140.893753
1521.026367	112.435448
1519.970703	216.501358
1518.915039	-73.115196
1517.859375	-59.007263
1516.802734	340.122101
1515.747070	388.681244
1514.690430	141.162018
1513.633789	260.448425
1512.577148	199.080063
1511.519531	336.995697
1510.461914	511.324524
1509.405273	401.128082
1508.346680	666.364014
1507.289063	839.169250
1506.231445	874.436035
1505.172852	377.057922
1504.114258	889.396484
1503.055664	961.666809
1501.996094	1013.899780
1500.937500	879.136169
1499.877930	909.418152
1498.818359	1021.195679
1497.757813	1119.711548
1496.698242	1071.937744
1495.637695	688.625671
1494.577148	761.024658
1493.516602	824.693420
1492.456055	690.393555
1491.394531	1137.572510
1490.333008	929.572266
1489.271484	129.826279
1488.209961	435.963226
1487.148438	803.053223
1486.085938	531.275513
1485.023438	417.388397
1483.960938	540.032227
1482.898438	98.480049
1481.834961	379.138702
1480.772461	246.369553
1479.708984	86.998451
1478.644531	188.643005
1477.581055	-32.950512
1476.517578	28.914183
1475.453125	-34.772575
1474.388672	222.959259
1473.323242	193.491150
1472.258789	117.363312
1471.193359	301.636353
1470.127930	129.845505
1469.062500	652.841614
1467.997070	132.135651
1466.930664	178.704315
1465.865234	352.771820
1464.798828	500.405823
1463.731445	677.688354
1462.665039	1138.240356
1461.597656	682.513794
1460.530273	780.224854
1459.462891	297.251373
1458.395508	400.459595
1457.327148	536.855774
1456.259766	333.311279
1455.191406	564.039063
1454.123047	634.390198
1453.053711	500.332764
1451.985352	286.118774
1450.916016	173.974884
1449.846680	459.079102
1448.776367	-55.349529
1447.707031	208.419266
1446.636719	157.528214
1445.566406	151.556488
1444.496094	65.944168
1443.425781	342.424255
1442.354492	233.377426
1441.283203	431.991058
1440.211914	484.052795
1439.140625	835.361938
1438.069336	668.495239
1436.997070	901.322632
1435.924805	845.471619
1434.852539	733.233643
1433.780273	349.939087
1432.707031	625.638672
1431.633789	403.431396
1430.560547	611.667114
1429.487305	737.719299
1428.413086	648.596375
1427.339844	761.139832
1426.265625	519.860779
1425.191406	612.903442
1424.116211	348.917969
1423.041992	779.396057
1421.966797	793.495178
1420.891602	604.370361
1419.816406	332.215057
1418.740234	697.281921
1417.665039	163.005630
1416.588867	34.639580
1415.512695	68.052391
1414.435547	339.083405
1413.359375	87.853050
1412.282227	-144.524307
1411.205078	-242.524689
1410.127930	-534.857178
1409.049805	-352.779053
1407.972656	-192.058823
1406.894531	-147.279358
1405.816406	-392.398285
1404.737305	58.866840
1403.659180	13.335723
1402.580078	-33.514374
1401.500977	36.565079
1400.421875	-112.037430
1399.341797	5.531740
1398.262695	63.402790
1397.182617	273.882965
1396.102539	-15.639629
1395.021484	-178.216919
1393.941406	-232.056168
1392.860352	-206.653412
1391.779297	-424.457275
1390.698242	-64.688736
1389.616211	-87.918457
1388.535156	-61.246162
1387.453125	355.005676
1386.371094	-51.370277
1385.288086	-39.987038
1384.206055	133.499603
1383.123047	-84.684654
1382.040039	310.677887
1380.957031	190.799728
1379.873047	308.416290
1378.789063	510.236908
1377.705078	532.368652
1376.621094	610.512207
1375.537109	592.497253
1374.452148	880.805969
1373.367188	864.389099
1372.282227	824.338013
1371.197266	976.654175
1370.112305	1133.346924
1369.026367	1039.258423
1367.940430	1229.354248
1366.854492	1104.038452
1365.767578	1051.520630
1364.681641	969.010742
1363.594727	729.317627
1362.507813	1159.695313
1361.419922	872.842346
1360.333008	549.252869
1359.245117	974.896667
1358.157227	654.058716
1357.069336	452.189514
1355.981445	694.138245
1354.892578	546.310974
1353.803711	636.648376
1352.714844	914.312012
1351.625000	497.755188
1350.536133	770.356812
1349.446289	960.479309
1348.356445	736.281494
1347.266602	718.878052
1346.175781	1117.074219
1345.085938	1173.818481
1343.995117	872.751404
1342.903320	977.694885
1341.812500	944.467773
1340.720703	1373.156616
1339.629883	1220.630737
1338.538086	1368.691528
1337.445313	1220.868286
1336.353516	994.471008
1335.260742	1542.126099
1334.167969	1761.811646
1333.075195	1469.275146
1331.981445	1782.389282
1330.888672	1755.901367
1329.794922	1636.492798
1328.701172	1759.973389
1327.606445	1809.888062
1326.512695	1742.436768
1325.417969	1846.809082
1324.323242	2162.697754
1323.227539	2247.010742
1322.132813	2287.811035
1321.037109	1999.281128
1319.941406	2059.593506
1318.845703	1907.363281
1317.750000	1757.111206
1316.653320	1738.710693
1315.556641	1777.271973
1314.459961	1646.007446
1313.363281	1693.688110
1312.265625	1289.398438
1311.167969	1415.193726
1310.070313	1337.860840
1308.972656	1110.373901
1307.874023	1215.520508
1306.776367	1068.523193
1305.677734	1358.990601
1304.579102	1379.357178
1303.479492	1289.398804
1302.380859	1154.291138
1301.281250	1306.912598
1300.181641	1223.802856
1299.081055	1455.304321
1297.981445	1074.580933
1296.880859	1015.487671
1295.780273	1142.830078
1294.679688	1274.074585
1293.578125	1192.337036
1292.476563	961.313599
1291.375000	914.334106
1290.273438	1103.568237
1289.171875	847.783386
1288.069336	622.028870
1286.966797	606.319397
1285.864258	536.281799
1284.761719	571.099365
1283.658203	574.091003
1282.554688	848.925842
1281.451172	661.150635
1280.347656	663.736023
1279.244141	664.494324
1278.139648	629.799011
1277.035156	787.141663
1275.930664	938.612061
1274.825195	483.474182
1273.720703	435.289948
1272.615234	788.460205
1271.508789	529.285522
1270.403320	359.285309
1269.297852	591.989075
1268.191406	863.060791
1267.084961	534.912659
1265.977539	226.593430
1264.871094	389.898499
1263.763672	364.723938
1262.656250	333.601410
1261.548828	315.138489
1260.440430	482.862152
1259.333008	467.760010
1258.224609	575.657227
1257.115234	378.503021
1256.006836	9.957400
1254.897461	344.513123
1253.788086	433.688812
1252.678711	314.027771
1251.569336	383.342834
1250.458984	261.754181
1249.349609	420.756805
1248.239258	371.266449
1247.127930	272.416077
1246.017578	511.605560
1244.906250	421.045074
1243.794922	207.219070
1242.683594	297.053772
1241.571289	212.942261
1240.459961	523.560791
1239.347656	413.515198
1238.234375	452.860504
1237.122070	570.599731
1236.008789	163.398743
1234.896484	360.434906
1233.782227	362.189453
1232.668945	455.137543
1231.555664	255.322174
1230.441406	398.450073
1229.327148	108.821625
1228.211914	309.985138
1227.097656	183.078537
1225.982422	215.894928
1224.867188	187.155106
1223.751953	236.883331
1222.635742	452.766174
1221.520508	209.999374
1220.404297	185.287140
1219.287109	32.581203
1218.170898	14.867173
1217.053711	-153.022507
1215.936523	-236.617889
1214.819336	38.412071
1213.702148	-82.466743
1212.583984	-167.892883
1211.465820	0.154903
1210.347656	-101.212921
1209.229492	10.508661
1208.110352	-28.094711
1206.992188	5.933937
1205.873047	62.772507
1204.752930	45.701111
1203.633789	111.941208
1202.513672	221.193436
1201.393555	-74.666100
1200.273438	-109.645897
1199.152344	-178.372101
1198.032227	-221.971466
1196.911133	-233.387100
1195.790039	-112.316376
1194.667969	-285.942535
1193.545898	105.162384
1192.424805	-287.213806
1191.301758	-194.565628
1190.179688	-468.897583
1189.056641	-108.984581
1187.933594	-41.882275
1186.810547	-103.966103
1185.687500	-114.970833
1184.563477	81.977898
1183.440430	67.794159
1182.316406	163.400803
1181.191406	-0.855245
1180.067383	236.825745
1178.942383	30.830696
1177.817383	289.689331
1176.692383	7.467789
1175.566406	-1.706555
1174.440430	192.485535
1173.314453	342.807556
1172.188477	249.392151
1171.062500	224.272430
1169.935547	114.668861
1168.808594	13.149551
1167.681641	132.517151
1166.553711	34.374634
1165.426758	165.638855
1164.298828	190.478561
1163.170898	127.907951
1162.041992	191.097870
1160.914063	-29.057060
1159.785156	256.923370
1158.656250	25.182909
1157.526367	107.540344
1156.397461	313.975464
1155.267578	161.080765
1154.137695	-85.817772
1153.006836	-330.382294
1151.876953	-217.067337
1150.746094	4.880601
1149.615234	13.758883
1148.484375	-99.453720
1147.352539	-76.582062
1146.220703	-96.824417
1145.088867	-69.918770
1143.957031	-228.347214
1142.825195	-340.541016
1141.692383	-336.538513
1140.559570	-344.429840
1139.426758	-318.310242
1138.292969	-193.337555
1137.159180	-350.769409
1136.025391	-144.603394
1134.891602	-73.331200
1133.757813	-179.134003
1132.623047	-190.916306
1131.488281	-70.470100
1130.353516	-152.052673
1129.217773	145.380341
1128.083008	56.638237
1126.947266	168.109879
1125.811523	94.759865
1124.674805	-21.979231
1123.539063	66.638535
1122.402344	-36.502853
1121.265625	-74.328850
1120.127930	-278.227631
1118.990234	-14.866563
1117.853516	-6.037454
1116.714844	-4.711617
1115.577148	215.962616
1114.439453	490.395691
1113.300781	429.751495
1112.162109	131.199432
1111.022461	7.877825
1109.883789	499.442017
1108.744141	267.552460
1107.604492	-49.070087
1106.463867	17.407507
1105.324219	88.450256
1104.183594	-75.096794
1103.042969	81.872421
1101.902344	-26.295509
1100.760742	96.800385
1099.619141	79.875923
1098.477539	168.111710
1097.335938	93.473511
1096.193359	329.512299
1095.051758	308.910065
1093.909180	277.115417
1092.765625	144.281296
1091.623047	477.615814
1090.479492	543.920410
1089.335938	220.107376
1088.192383	318.468658
1087.047852	333.343506
1085.903320	287.593750
1084.758789	226.874664
1083.614258	190.339691
1082.469727	325.269135
1081.324219	79.659935
1080.178711	178.831528
1079.033203	451.056427
1077.886719	295.858704
1076.740234	122.620522
1075.593750	291.671143
1074.447266	225.453064
1073.300781	205.590408
1072.153320	201.284454
1071.005859	45.418003
1069.858398	109.828079
1068.709961	29.996956
1067.561523	363.837006
1066.413086	297.991913
1065.264648	229.144501
1064.116211	84.395470
1062.966797	23.865345
1061.817383	358.976746
1060.667969	133.555008
1059.517578	65.966522
1058.368164	83.093254
1057.217773	262.053406
1056.067383	330.537628
1054.916016	-110.519691
1053.764648	250.726547
1052.613281	356.929871
1051.461914	383.817963
1050.310547	375.132294
1049.158203	343.377136
1048.005859	256.411682
1046.853516	266.444122
1045.700195	599.546936
1044.547852	271.367676
1043.394531	404.809814
1042.240234	350.407471
1041.086914	803.994263
1039.932617	314.549286
1038.778320	359.899170
1037.624023	464.453247
1036.469727	454.462708
1035.314453	760.667358
1034.159180	873.767029
1033.003906	1228.936768
1031.847656	1464.908325
1030.692383	1837.836792
1029.536133	1808.596558
1028.378906	1284.499146
1027.222656	1122.008667
1026.065430	731.077148
1024.908203	667.295715
1023.750977	531.573669
1022.593750	174.597672
1021.435547	180.032562
1020.277344	69.991013
1019.119141	-72.541519
1017.959961	156.406311
1016.800781	40.390663
1015.641602	329.703644
1014.482422	21.217400
1013.323242	296.210388
1012.163086	-65.289719
1011.002930	16.496120
1009.842773	61.836536
1008.681641	-114.692101
1007.520508	17.882717
1006.359375	-201.008286
1005.198242	-51.006672
1004.037109	114.046791
1002.875000	321.568054
1001.712891	489.715363
1000.550781	179.091278
999.387695	298.873322
998.224609	2.055776
997.061523	271.145447
995.898438	133.623764
994.734375	251.691544
993.571289	55.803459
992.407227	206.670685
991.242188	46.362419
990.078125	98.962395
988.913086	131.031174
987.748047	-123.794174
986.583008	-31.210062
985.416992	-306.455444
984.250977	-217.258469
983.084961	-5.514751
981.918945	308.503082
980.751953	59.999264
979.584961	142.804337
978.417969	-171.412949
977.250977	87.424370
976.083008	-6.551879
974.915039	109.641220
973.747070	323.160645
972.579102	-27.569006
971.410156	25.583929
970.242188	-438.536377
969.072266	-36.530434
967.903320	271.543457
966.733398	77.068993
965.563477	53.058399
964.393555	-18.206427
963.223633	69.030998
962.052734	-52.457253
960.881836	50.655563
959.710938	254.606339
958.540039	193.805817
957.368164	166.303268
956.196289	155.741882
955.024414	77.979553
953.851563	277.840942
952.679688	-131.274887
951.506836	197.144089
950.333984	212.485107
949.160156	208.021942
947.986328	-76.270294
946.812500	-155.035690
945.638672	17.200727
944.464844	-22.951267
943.290039	106.153023
942.115234	98.713326
940.940430	22.612791
939.764648	107.468697
938.588867	-151.177429
937.413086	123.176628
936.237305	46.775288
935.060547	72.403702
933.883789	-148.355637
932.707031	-82.457588
931.530273	23.492586
930.352539	-209.181000
929.175781	-1.395589
927.998047	-51.673088
926.819336	144.178024
925.641602	112.765884
924.462891	81.359512
923.284180	-274.120789
922.104492	-109.169395
920.924805	-152.375824
919.746094	-140.983810
919.551758	-328.460480
918.386719	27.683605
917.220703	-124.384933
916.054688	-2.327869
914.887695	-107.085052
913.721680	-259.046448
912.554688	-172.458908
911.387695	-222.833923
910.220703	-242.511398
909.052734	-250.376617
907.885742	55.530060
906.717773	-195.358704
905.548828	-330.584106
904.380859	27.018532
903.211914	23.801744
902.042969	86.574310
900.874023	-420.933502
899.704102	-42.406006
898.535156	-191.666763
897.365234	5.312366
896.194336	190.443161
895.024414	-142.398727
893.853516	12.074507
892.682617	77.060257
891.511719	179.651947
890.340820	-326.994537
889.168945	-85.626205
887.997070	-13.647200
886.825195	-63.940746
885.653320	-39.020927
884.480469	-204.435623
883.307617	-57.350739
882.134766	-133.465942
880.961914	-12.311017
879.788086	111.140289
878.614258	-373.418579
877.440430	-179.570129
876.266602	-46.818825
875.091797	92.910301
873.916992	270.091949
872.742188	88.418945
871.567383	-252.615189
870.391602	-152.861359
869.215820	-36.762817
868.040039	123.785271
866.864258	14.864334
865.687500	-112.759514
864.510742	-3.857620
863.333984	-208.721664
862.157227	-17.969501
860.979492	-190.020676
859.802734	-78.942482
858.625000	165.405167
857.446289	-128.250015
856.268555	3.725961
855.089844	-32.683247
853.911133	337.567505
852.731445	76.734184
851.552734	192.105270
850.373047	64.488358
849.193359	177.426712
848.013672	129.187134
846.833008	69.273453
845.652344	275.408661
844.471680	199.090027
843.291016	244.076462
842.110352	39.443302
840.928711	28.414934
839.747070	75.642189
838.564453	-100.953384
837.382813	-79.432327
836.200195	119.129341
835.017578	79.956779
833.834961	187.488571
832.651367	164.542542
831.467773	57.752140
830.284180	220.962173
829.100586	32.665882
827.916992	44.491276
826.732422	153.970810
825.547852	-38.980663
824.363281	-55.186310
823.177734	256.360779
821.992188	-22.633373
820.806641	-41.300579
819.621094	427.877777
818.434570	327.728729
817.249023	339.028992
816.062500	410.646362
814.875000	356.829803
813.688477	235.662888
812.500977	79.690926
811.313477	287.952332
810.125977	120.315338
808.937500	214.737427
807.749023	-17.850260
806.560547	322.145111
805.372070	-3.199279
804.182617	172.019180
802.994141	446.703369
801.803711	84.293289
800.614258	171.186935
799.424805	-103.185776
798.234375	314.575531
797.043945	484.474762
795.852539	358.082123
794.662109	615.658752
793.470703	540.025574
792.279297	212.311768
791.087891	97.340668
789.895508	366.023956
788.703125	565.194153
787.510742	727.235168
786.318359	600.396118
785.125000	392.705597
783.931641	540.592224
782.738281	919.178101
781.544922	658.220337
780.350586	713.415100
779.156250	671.609375
777.961914	844.239746
776.767578	608.541748
775.572266	405.137268
774.376953	547.490662
773.181641	553.724121
771.986328	444.657318
770.790039	441.519226
769.593750	608.723694
768.397461	669.842346
767.201172	696.308044
766.003906	667.431519
764.806641	610.857605
763.609375	708.362854
762.412109	656.210327
761.213867	672.982117
760.015625	827.610352
758.817383	556.783875
757.618164	789.322815
756.419922	867.698303
755.220703	792.020020
754.021484	911.509521
752.821289	688.680176
751.621094	497.984222
750.420898	800.798218
749.220703	1000.106018
748.020508	816.036011
746.819336	776.468445
745.618164	633.600159
744.416992	912.618408
743.214844	813.133423
742.012695	802.977356
740.810547	964.593201
739.608398	1284.127197
738.406250	1356.022217
737.203125	1395.718506
736.000000	1295.613281
734.795898	1733.427368
733.592773	2010.727783
732.388672	1768.355225
731.184570	1887.455444
729.979492	2001.821533
728.775391	1599.188965
727.570313	1701.915771
726.365234	1436.450562
725.160156	965.295227
723.954102	878.104126
722.748047	1030.713013
721.541992	920.483154
720.334961	814.758118
719.128906	298.011139
717.921875	304.083405
716.714844	631.822998
715.506836	340.989197
714.298828	301.094330
713.090820	311.281219
711.882813	344.155518
710.674805	272.037842
709.465820	131.462479
708.256836	45.526367
707.047852	321.766968
705.837891	144.495773
704.627930	582.069824
703.417969	418.262970
702.208008	293.112793
700.998047	632.192017
699.787109	363.481750
698.576172	688.538879
697.364258	547.086487
696.153320	642.082275
694.941406	432.280609
693.729492	777.082458
692.516602	305.785126
691.304688	554.833252
690.091797	637.843933
688.878906	877.427673
687.665039	946.506470
686.451172	870.163696
685.237305	1116.050659
684.023438	955.543030
682.809570	835.841064
681.594727	1115.303955
680.379883	1253.951294
679.165039	1070.484985
677.949219	1195.287842
676.733398	1236.088379
675.517578	1204.268799
674.301758	1022.855347
673.084961	1201.548828
671.869141	1051.732422
670.651367	1327.511719
669.434570	1175.289429
668.216797	1228.977295
667.000000	1192.056885
665.781250	1089.463013
664.563477	1023.017395
663.344727	1056.004395
662.125977	926.132507
660.907227	891.160889
659.688477	740.882019
658.468750	834.584106
657.249023	916.874329
656.029297	1084.871460
654.808594	1216.599854
653.587891	1266.936646
652.367188	1229.170410
651.146484	1132.685669
649.924805	1020.381592
648.704102	799.806458
647.482422	813.768860
646.259766	1046.342529
645.037109	893.330994
643.815430	787.652954
642.591797	690.969238
641.369141	862.325806
640.145508	740.788574
638.921875	797.126221
637.698242	520.229187
636.474609	540.484192
635.250000	452.676941
634.025391	385.109436
632.800781	609.922241
631.575195	580.494934
630.349609	402.658844
629.124023	703.634705
627.898438	435.887451
626.671875	156.985962
625.445313	558.810669
624.218750	455.119385
622.992188	571.494324
621.764648	407.180145
620.537109	65.606155
619.309570	-37.983337
618.081055	183.752029
616.852539	-153.127472
615.624023	-104.162697
614.395508	166.732437
613.166992	16.089355
611.937500	71.680054
610.708008	-11.675345
609.477539	5.804939
608.248047	-155.891388
607.017578	161.664337
605.787109	-505.942139
604.555664	1.809224
603.325195	-56.795044
602.093750	-133.265717
600.861328	-200.749084
599.629883	136.592026
598.397461	-237.200348
597.165039	-107.853088
595.932617	14.753065
594.699219	-48.129311
593.465820	132.540405
592.232422	152.350174
590.999023	-290.051514
589.764648	-169.638626
588.530273	115.926201
587.295898	307.678101
586.061523	-100.779434
584.826172	70.935158
583.590820	177.942184
582.355469	-36.125629
581.119141	-36.058575
579.882813	-156.295120
578.646484	-207.356934
577.410156	-44.480598
576.172852	142.875687
574.935547	109.747749
573.698242	150.160645
572.460938	-20.845011
571.222656	-267.385620
569.984375	220.463013
568.746094	120.909317
567.506836	148.225586
566.267578	-57.871342
565.028320	225.248718
563.789063	37.133835
562.548828	184.696930
561.309570	-43.179276
560.068359	-168.723160
558.828125	70.047577
557.586914	146.713531
556.345703	-191.663712
555.104492	-28.278700
553.863281	55.236439
552.621094	-80.818733
551.378906	-45.971046
550.136719	-146.317703
548.893555	-60.332649
547.650391	194.138504
546.407227	-98.747810
545.164063	-178.753220
543.919922	-108.029518
542.675781	-362.788177
541.431641	117.691330
540.186523	192.962143
538.941406	-167.691589
537.696289	84.768661
536.451172	-246.800323
535.205078	-38.511555
533.959961	200.716141
532.712891	-112.755692
531.466797	-63.546543
530.219727	-100.467873
528.972656	52.692673
527.725586	-12.812502
526.478516	-31.850267
525.230469	8.797792
523.982422	82.603020
522.734375	167.471558
521.485352	-38.886311
520.236328	-128.183426
518.987305	0.956588
517.737305	-6.619597
516.488281	-33.984646
515.238281	-78.923264
513.988281	63.502991
512.737305	183.876587
511.486328	304.235107
510.235352	180.133469
508.984375	-179.465530
507.732422	112.672318
506.480469	149.417725
505.228516	142.158737
503.976563	236.103546
502.723633	492.762878
501.470703	353.520264
500.217773	447.360565
498.963867	521.368042
497.709961	487.654083
496.456055	486.888458
495.202148	556.379272
493.947266	634.590759
492.692383	864.219299
491.437500	795.169922
490.181641	1086.007568
488.926758	1111.168335
487.670898	1291.995728
486.414063	1623.995117
485.158203	1664.133423
483.901367	1414.782227
482.644531	1505.155762
481.386719	1731.234375
480.128906	1575.891846
478.871094	1823.501343
477.613281	1678.875122
476.355469	1617.354248
475.096680	1667.327515
473.837891	2198.562256
472.578125	1659.455566
471.319336	1931.950073
470.059570	2241.290283
468.799805	2167.625977
467.539063	2259.896973
466.278320	2301.607910
465.017578	2122.337158
463.756836	1811.784180
462.495117	2175.990234
461.233398	2127.005859
459.971680	2027.506226
458.709961	1991.014648
457.447266	2165.863525
456.184570	2119.903076
454.921875	2106.295410
453.658203	2077.020020
452.394531	2372.220947
451.130859	2185.083252
449.867188	2298.338867
448.602539	2419.779785
447.337891	2172.497803
446.073242	2005.395508
444.807617	2504.170166
443.542969	2224.945313
442.276367	2378.400635
441.010742	2220.005615
439.744141	2533.178223
438.478516	2208.233398
437.210938	2404.688477
435.944336	2517.755615
434.676758	2562.656982
433.409180	2445.968750
432.141602	2502.398682
430.873047	2516.722656
429.604492	2495.471924
428.335938	2653.618164
427.067383	2437.409912
425.797852	2908.440918
424.528320	2471.247803
423.258789	2562.667969
421.988281	2462.159668
420.717773	2471.276123
419.447266	2303.713867
418.175781	2603.351074
416.905273	2455.309570
415.633789	2360.333740
414.362305	2684.481689
413.089844	2665.045654
411.817383	2243.773193
410.544922	2230.563721
409.272461	2456.288086
407.999023	2578.819336
406.725586	2693.410645
405.452148	2371.745605
404.177734	2660.717529
402.903320	2273.476807
401.628906	2306.361084
400.354492	2395.982666
399.079102	2559.514404
397.803711	2205.002930
396.528320	2490.357178
395.251953	2547.054199
393.976563	2284.606445
392.700195	2106.701172
391.422852	2265.703125
390.145508	2629.785400
388.869141	2206.628174
387.590820	2109.283447
386.313477	2158.686768
385.035156	2042.040649
383.756836	1908.148682
382.478516	2256.832764
381.199219	2219.559570
379.919922	2072.248535
378.640625	1840.754028
377.360352	1910.343384
376.080078	2050.536133
374.799805	1641.518311
373.519531	1877.560547
372.238281	2007.469482
370.957031	1545.340942
369.675781	1757.786865
368.394531	1709.302979
367.112305	1277.425537
365.830078	1085.479492
364.546875	1644.385010
363.264648	1733.941406
361.981445	1448.688721
360.698242	1480.097900
359.414063	1263.358521
358.129883	1328.637451
356.845703	1098.615112
355.561523	1182.519287
354.276367	1421.288452
352.991211	944.456970
351.706055	1126.302612
350.420898	1205.593872
349.134766	852.268921
347.848633	1116.201172
346.561523	808.255493
345.275391	802.503906
343.988281	800.877991
342.700195	499.391815
341.413086	595.929871
340.125000	775.420349
338.836914	456.135376
337.548828	769.426147
336.259766	788.990234
334.970703	117.542145
333.681641	300.351288
332.391602	281.252594
331.101563	207.807632
329.811523	103.448059
328.521484	181.586761
327.230469	371.391144
325.939453	209.775070
324.648438	-44.975460
323.356445	-70.994957
322.064453	-73.093468
320.772461	-81.238983
319.480469	164.528946
318.187500	-129.090286
316.894531	3.580205
315.601563	-202.622360
314.307617	-172.769226
313.013672	-405.179443
311.719727	-124.883263
310.425781	-107.080246
309.130859	-194.500595
307.835938	342.781403
306.541016	300.323608
305.245117	-264.460876
303.949219	303.005768
302.653320	290.714447
301.356445	954.615234
300.060547	609.792786
298.763672	860.011902
