2000.043945	110.773079
1999.080078	173.371994
1998.116211	-40.667198
1997.151367	-106.029739
1996.186523	115.955467
1995.222656	75.185890
1994.256836	-84.535431
1993.291992	-43.693981
1992.327148	9.436028
1991.361328	69.901268
1990.395508	268.871918
1989.429688	-91.529770
1988.463867	164.171494
1987.497070	214.411957
1986.531250	-14.883461
1985.564453	35.261490
1984.597656	-40.745289
1983.630859	63.663857
1982.664063	-32.184216
1981.696289	-76.153778
1980.728516	-23.803802
1979.761719	40.838089
1978.792969	38.743839
1977.825195	103.279175
1976.857422	24.585279
1975.888672	168.015549
1974.919922	118.892670
1973.951172	119.104927
1972.982422	20.626480
1972.013672	-50.708241
1971.043945	1.251103
1970.075195	8.799187
1969.105469	8.931959
1968.135742	41.088081
1967.165039	100.321411
1966.195313	-35.092522
1965.224609	142.337021
1964.253906	-42.304504
1963.283203	122.734818
1962.312500	-17.537302
1961.341797	-10.090263
1960.370117	-10.032233
1959.399414	-0.133382
1958.427734	-56.655354
1957.455078	-61.510113
1956.483398	184.448029
1955.511719	66.466637
1954.539063	71.431396
1953.566406	132.921890
1952.593750	86.283737
1951.621094	-9.463181
1950.647461	-65.869843
1949.674805	57.019611
1948.701172	47.287426
1947.727539	-38.530560
1946.753906	15.590209
1945.780273	47.616631
1944.805664	77.187485
1943.831055	-64.948685
1942.856445	48.041111
1941.881836	62.919033
1940.907227	146.448669
1939.932617	-120.552238
1938.957031	-63.950897
1937.981445	17.145466
1937.005859	61.479305
1936.030273	2.939524
1935.054688	-13.933152
1934.078125	-20.991863
1933.101563	128.634933
1932.125000	1.655348
1931.148438	-95.897331
1930.171875	-9.905391
1929.194336	-100.052116
1928.217773	157.135574
1927.240234	179.501465
1926.262695	138.310852
1925.284180	155.813004
1924.306641	41.356754
1923.328125	49.126740
1922.350586	-16.378923
1921.372070	-67.191383
1920.392578	-103.319115
1919.414063	138.919434
1918.434570	163.822235
1917.456055	186.288986
1916.476563	196.559570
1915.497070	89.731346
1914.516602	48.816208
1913.537109	90.848923
1912.556641	62.164120
1911.576172	31.064114
1910.595703	-43.887550
1909.615234	73.722748
1908.633789	154.751099
1907.653320	-27.339762
1906.671875	-4.759605
1905.690430	12.950447
1904.708984	-59.423012
1903.727539	-168.275543
1902.745117	-38.566521
1901.762695	59.467514
1900.780273	-49.327335
1899.797852	51.115726
1898.815430	129.638382
1897.832031	-59.335487
1896.849609	16.754669
1895.866211	-147.814102
1894.882813	32.767460
1893.898438	-80.715012
1892.915039	102.218414
1891.930664	-50.094193
1890.947266	-49.362389
1889.962891	-148.177322
1888.977539	-16.348309
1887.993164	8.641168
1887.007813	-99.843056
1886.023438	10.058783
1885.038086	115.063080
1884.051758	93.912743
1883.066406	116.409409
1882.081055	-25.960680
1881.094727	-22.855381
1880.108398	164.416275
1879.122070	102.047859
1878.135742	-110.499985
1877.148438	81.496666
1876.162109	-31.706352
1875.174805	58.492905
1874.187500	-74.054893
1873.199219	100.797935
1872.211914	-53.514462
1871.223633	133.334351
1870.236328	10.486569
1869.248047	42.442883
1868.258789	57.443645
1867.270508	21.653124
1866.282227	184.051941
1865.292969	-71.697227
1864.303711	100.279861
1863.314453	28.188438
1862.324219	-43.899212
1861.334961	7.168725
1860.344727	-19.064949
1859.354492	27.100767
1858.364258	63.568874
1857.374023	112.061226
1856.383789	90.544777
1855.392578	90.715179
1854.401367	163.203247
1853.410156	69.265511
1852.418945	201.935349
1851.426758	204.369720
1850.435547	-101.678864
1849.443359	175.407028
1848.451172	115.113388
1847.458984	307.690399
1846.466797	119.701263
1845.473633	-142.888168
1844.480469	-27.509727
1843.487305	27.621960
1842.494141	46.601345
1841.500977	17.419378
1840.506836	233.540771
1839.513672	81.607536
1838.519531	97.991226
1837.525391	-77.984795
1836.530273	20.050289
1835.536133	144.438553
1834.541016	134.190887
1833.545898	49.436508
1832.550781	70.338272
1831.555664	67.172844
1830.560547	-58.476013
1829.564453	108.703178
1828.568359	59.786171
1827.572266	147.600906
1826.576172	259.320068
1825.580078	126.302872
1824.583008	10.066611
1823.585938	-31.854662
1822.588867	-13.887362
1821.591797	-89.450081
1820.594727	57.805698
1819.596680	39.642166
1818.599609	172.333847
1817.601563	-18.387264
1816.603516	121.331177
1815.604492	-47.882118
1814.606445	-16.035362
1813.607422	-3.407216
1812.608398	128.785095
1811.609375	21.653328
1810.610352	127.360054
1809.610352	34.489746
1808.611328	130.466583
1807.611328	90.092323
1806.611328	133.315155
1805.610352	135.834122
1804.610352	-2.658501
1803.609375	-74.288673
1802.608398	47.475609
1801.607422	-24.268927
1800.606445	71.048088
1799.605469	-79.568871
1798.603516	89.558327
1797.601563	3.272095
1796.599609	76.768829
1795.597656	-43.007996
1794.595703	-29.279943
1793.592773	-82.382332
1792.589844	45.614548
1791.587891	-81.494583
1790.583984	51.073231
1789.581055	59.650127
1788.577148	-108.101105
1787.574219	140.868698
1786.570313	146.822662
1785.566406	-68.674210
1784.561523	-72.352760
1783.557617	-66.580727
1782.552734	-46.614529
1781.547852	44.627281
1780.542969	123.870079
1779.538086	38.948616
1778.532227	15.787457
1777.527344	101.897209
1776.521484	102.346848
1775.515625	78.961960
1774.508789	-108.399055
1773.502930	-1.262573
1772.496094	10.770918
1771.489258	32.220200
1770.482422	-112.568146
1769.475586	-36.672821
1768.467773	-164.942337
1767.460938	-3.817666
1766.453125	43.316704
1765.445313	26.329178
1764.437500	-71.339851
1763.428711	8.730345
1762.420898	-62.981987
1761.412109	-37.598320
1760.403320	106.154465
1759.393555	216.607971
1758.384766	-94.593391
1757.375000	-52.963234
1756.366211	57.232021
1755.356445	-90.685562
1754.345703	76.101273
1753.335938	58.209366
1752.325195	-25.993708
1751.315430	95.524734
1750.304688	13.557300
1749.292969	11.918356
1748.282227	116.577080
1747.270508	178.573242
1746.259766	86.894409
1745.248047	-11.920430
1744.235352	94.703911
1743.223633	52.447819
1742.211914	73.878426
1741.199219	31.482517
1740.186523	-34.574043
1739.173828	-27.531242
1738.160156	-129.097794
1737.147461	54.715714
1736.133789	-39.902981
1735.120117	68.214355
1734.106445	-139.675140
1733.091797	-27.022665
1732.078125	-41.729683
1731.063477	-136.619324
1730.048828	-7.763676
1729.034180	97.417664
1728.019531	-23.564693
1727.003906	3.735682
1725.988281	172.181564
1724.972656	13.375382
1723.957031	198.081696
1722.941406	-10.213256
1721.924805	59.027988
1720.909180	-19.966063
1719.892578	-21.423193
1718.875977	169.803589
1717.858398	-24.552681
1716.841797	-35.614986
1715.824219	-140.721939
1714.806641	-147.205750
1713.789063	-80.954109
1712.770508	25.110493
1711.752930	114.645012
1710.734375	51.511456
1709.715820	211.262726
1708.697266	0.196229
1707.678711	148.038101
1706.659180	96.403130
1705.640625	215.903152
1704.621094	185.246704
1703.600586	260.004486
1702.581055	123.771095
1701.561523	90.620270
1700.541016	113.632362
1699.520508	127.206627
1698.500000	138.373947
1697.478516	121.372765
1696.458008	153.484879
1695.436523	166.793884
1694.415039	219.818512
1693.393555	132.400238
1692.372070	105.773087
1691.349609	256.815887
1690.327148	251.095383
1689.304688	245.322266
1688.282227	106.280403
1687.259766	254.653122
1686.236328	134.235977
1685.213867	217.039520
1684.190430	332.444183
1683.166016	211.917374
1682.142578	238.468918
1681.119141	346.651184
1680.094727	254.046616
1679.070313	343.412048
1678.045898	374.379120
1677.020508	353.969635
1675.996094	265.911713
1674.970703	320.041199
1673.945313	343.805573
1672.919922	248.665573
1671.893555	365.535461
1670.868164	498.635956
1669.841797	317.209778
1668.815430	436.203644
1667.789063	382.828308
1666.761719	296.835785
1665.735352	455.212799
1664.708008	411.046448
1663.680664	543.665527
1662.653320	529.664551
1661.625000	517.947815
1660.597656	524.814758
1659.569336	373.562347
1658.541016	580.250854
1657.512695	566.080322
1656.483398	563.488159
1655.455078	614.302429
1654.425781	681.312866
1653.396484	764.523438
1652.366211	726.947510
1651.336914	735.792297
1650.306641	709.786926
1649.276367	672.167664
1648.246094	646.136658
1647.215820	852.012207
1646.185547	802.723816
1645.154297	792.833740
1644.123047	1170.005249
1643.091797	956.077942
1642.060547	1126.826294
1641.028320	1035.715698
1639.997070	902.947021
1638.964844	927.661926
1637.931641	908.353638
1636.899414	928.399719
1635.867188	920.655151
1634.833984	996.185059
1633.800781	1048.541382
1632.767578	1105.492676
1631.734375	1109.226440
1630.700195	1131.433594
1629.666016	1068.097900
1628.631836	1104.156860
1627.597656	1059.324097
1626.563477	1206.250122
1625.528320	1147.535156
1624.493164	1656.929321
1623.458008	1568.130005
1622.422852	1433.195679
1621.387695	1496.798340
1620.351563	1627.282104
1619.315430	1711.576050
1618.279297	1724.335571
1617.243164	1707.113281
1616.207031	1918.167847
1615.169922	1859.416870
1614.132813	1812.220215
1613.095703	1928.659668
1612.058594	1966.728516
1611.020508	1937.979004
1609.983398	1784.899170
1608.945313	1548.986328
1607.907227	1904.822754
1606.868164	1744.947388
1605.830078	1615.075317
1604.791016	1878.690430
1603.751953	1783.367310
1602.712891	1904.286499
1601.673828	2112.555176
1600.633789	1929.921631
1599.594727	1795.661133
1598.554688	1833.817383
1597.513672	1885.754883
1596.473633	1930.814209
1595.433594	1815.107666
1594.392578	1887.755493
1593.351563	2006.316040
1592.310547	1925.157593
1591.268555	1704.055420
1590.227539	2070.470215
1589.185547	1879.304565
1588.143555	1968.064209
1587.100586	1955.908325
1586.058594	1888.776978
1585.015625	1961.520142
1583.972656	1747.792725
1582.929688	1916.839844
1581.886719	1904.875122
1580.843750	1748.651489
1579.799805	1645.186157
1578.755859	1878.364990
1577.711914	1555.236938
1576.666992	1667.111084
1575.623047	1492.965454
1574.578125	1410.430298
1573.533203	1568.139526
1572.488281	1609.199585
1571.443359	1563.403198
1570.397461	1611.385010
1569.351563	1499.406738
1568.305664	1618.312988
1567.259766	1581.866333
1566.213867	1513.503052
1565.166992	1353.857178
1564.120117	1630.432129
1563.073242	1454.947632
1562.026367	1380.009888
1560.978516	1232.122192
1559.930664	1202.984253
1558.883789	1173.923218
1557.834961	1142.628418
1556.787109	1271.023438
1555.739258	1260.362915
1554.690430	1083.368774
1553.641602	1095.644897
1552.592773	991.779785
1551.542969	999.623901
1550.494141	1034.866455
1549.444336	903.925354
1548.394531	1014.414551
1547.344727	1234.177612
1546.293945	966.916748
1545.244141	793.119385
1544.193359	1133.546875
1543.142578	896.227722
1542.090820	1170.683838
1541.040039	1129.102417
1539.988281	926.216675
1538.936523	889.375488
1537.884766	952.591248
1536.833008	1118.077393
1535.780273	763.459839
1534.727539	908.618164
1533.674805	1024.279663
1532.622070	978.810059
1531.569336	908.470947
1530.515625	747.468384
1529.461914	1067.528320
1528.408203	822.794983
1527.354492	750.573669
1526.299805	871.159607
1525.246094	758.314819
1524.191406	641.054138
1523.136719	707.450623
1522.081055	556.420044
1521.026367	666.003845
1519.970703	612.577881
1518.915039	552.464966
1517.859375	607.900940
1516.802734	430.291199
1515.747070	619.398071
1514.690430	494.058105
1513.633789	592.770386
1512.577148	472.181976
1511.519531	394.678040
1510.461914	455.180237
1509.405273	547.394043
1508.346680	436.288055
1507.289063	490.236511
1506.231445	663.962585
1505.172852	327.352020
1504.114258	386.071991
1503.055664	483.235260
1501.996094	264.486572
1500.937500	533.307434
1499.877930	420.853119
1498.818359	385.224915
1497.757813	406.075684
1496.698242	456.329559
1495.637695	353.370087
1494.577148	333.934814
1493.516602	154.621841
1492.456055	437.306549
1491.394531	188.409836
1490.333008	324.790039
1489.271484	335.132111
1488.209961	219.510574
1487.148438	79.277359
1486.085938	200.211273
1485.023438	1.741390
1483.960938	-129.072403
1482.898438	-75.330360
1481.834961	126.880424
1480.772461	189.746826
1479.708984	59.405010
1478.644531	-115.687408
1477.581055	50.804249
1476.517578	-137.498917
1475.453125	246.922012
1474.388672	29.755844
1473.323242	144.822464
1472.258789	37.985813
1471.193359	117.233185
1470.127930	15.162129
1469.062500	7.244525
1467.997070	243.673935
1466.930664	238.385040
1465.865234	279.998352
1464.798828	489.770905
1463.731445	289.834930
1462.665039	320.378723
1461.597656	561.652954
1460.530273	494.268951
1459.462891	601.514832
1458.395508	420.012817
1457.327148	612.026550
1456.259766	596.317322
1455.191406	489.829254
1454.123047	690.725769
1453.053711	712.294250
1451.985352	700.052917
1450.916016	689.282715
1449.846680	409.038208
1448.776367	699.333679
1447.707031	571.385742
1446.636719	607.518127
1445.566406	651.967468
1444.496094	501.717194
1443.425781	530.204834
1442.354492	392.664032
1441.283203	596.062439
1440.211914	501.813202
1439.140625	405.396698
1438.069336	557.447632
1436.997070	345.825226
1435.924805	243.236771
1434.852539	257.481079
1433.780273	70.315834
1432.707031	36.961933
1431.633789	-91.408882
1430.560547	62.715019
1429.487305	-30.651829
1428.413086	-87.857536
1427.339844	153.151306
1426.265625	125.671814
1425.191406	47.172962
1424.116211	88.561874
1423.041992	184.050308
1421.966797	19.111948
1420.891602	-14.032736
1419.816406	-26.340950
1418.740234	-17.969555
1417.665039	48.143726
1416.588867	36.637596
1415.512695	89.684143
1414.435547	241.525299
1413.359375	85.222534
1412.282227	-167.815186
1411.205078	-18.044100
1410.127930	-63.663696
1409.049805	30.102606
1407.972656	73.784958
1406.894531	188.737640
1405.816406	201.184509
1404.737305	253.674957
1403.659180	88.681702
1402.580078	260.413269
1401.500977	195.155594
1400.421875	378.808777
1399.341797	232.936279
1398.262695	260.518646
1397.182617	245.656921
1396.102539	259.461700
1395.021484	179.015457
1393.941406	321.823212
1392.860352	420.110840
1391.779297	612.062744
1390.698242	604.557434
1389.616211	805.415100
1388.535156	517.823425
1387.453125	593.105835
1386.371094	689.384644
1385.288086	687.598633
1384.206055	631.081177
1383.123047	651.013794
1382.040039	818.667908
1380.957031	756.804810
1379.873047	827.885010
1378.789063	812.580078
1377.705078	804.766541
1376.621094	791.945801
1375.537109	698.010986
1374.452148	745.021606
1373.367188	925.801208
1372.282227	903.061096
1371.197266	1068.897461
1370.112305	1144.849854
1369.026367	1371.920776
1367.940430	1349.818604
1366.854492	1365.563599
1365.767578	1268.381836
1364.681641	1243.187500
1363.594727	1298.614380
1362.507813	1129.385376
1361.419922	983.149841
1360.333008	887.742188
1359.245117	838.244995
1358.157227	977.608337
1357.069336	847.573792
1355.981445	848.736511
1354.892578	707.306946
1353.803711	745.818665
1352.714844	869.584656
1351.625000	772.612366
1350.536133	634.263000
1349.446289	685.152771
1348.356445	808.207581
1347.266602	652.859375
1346.175781	615.390381
1345.085938	748.308594
1343.995117	617.635193
1342.903320	675.456726
1341.812500	732.075439
1340.720703	727.610718
1339.629883	680.411560
1338.538086	661.336731
1337.445313	761.251160
1336.353516	620.933777
1335.260742	843.712830
1334.167969	833.508179
1333.075195	888.239990
1331.981445	754.716858
1330.888672	783.322632
1329.794922	814.296265
1328.701172	803.038635
1327.606445	893.297119
1326.512695	784.047729
1325.417969	822.178406
1324.323242	829.536072
1323.227539	757.699341
1322.132813	752.263855
1321.037109	629.756653
1319.941406	748.984436
1318.845703	711.270691
1317.750000	570.889160
1316.653320	527.710571
1315.556641	568.964355
1314.459961	399.426147
1313.363281	354.534576
1312.265625	343.462494
1311.167969	255.725143
1310.070313	292.473145
1308.972656	171.561142
1307.874023	223.968887
1306.776367	431.216187
1305.677734	206.929214
1304.579102	43.122864
1303.479492	209.370773
1302.380859	221.553665
1301.281250	272.292267
1300.181641	362.584656
1299.081055	202.829849
1297.981445	174.398392
1296.880859	201.729752
1295.780273	316.767120
1294.679688	346.593689
1293.578125	244.565689
1292.476563	325.104675
1291.375000	367.809448
1290.273438	405.534729
1289.171875	322.234711
1288.069336	420.508118
1286.966797	397.716644
1285.864258	354.580231
1284.761719	311.312897
1283.658203	380.157959
1282.554688	360.092224
1281.451172	334.225250
1280.347656	409.896088
1279.244141	448.335358
1278.139648	363.563934
1277.035156	561.610107
1275.930664	394.690979
1274.825195	502.770721
1273.720703	522.824646
1272.615234	500.070282
1271.508789	441.531311
1270.403320	571.629028
1269.297852	546.116943
1268.191406	361.480011
1267.084961	356.055878
1265.977539	310.808075
1264.871094	352.849121
1263.763672	286.937988
1262.656250	257.760895
1261.548828	176.945877
1260.440430	196.978134
1259.333008	148.423004
1258.224609	295.591492
1257.115234	145.808060
1256.006836	234.625198
1254.897461	128.792542
1253.788086	4.207985
1252.678711	267.117798
1251.569336	167.339539
1250.458984	9.146633
1249.349609	125.857002
1248.239258	245.799591
1247.127930	254.555649
1246.017578	113.841476
1244.906250	242.591553
1243.794922	165.373581
1242.683594	212.261948
1241.571289	-16.125078
1240.459961	-33.632854
1239.347656	-6.234967
1238.234375	86.779739
1237.122070	76.798256
1236.008789	132.814835
1234.896484	10.413720
1233.782227	52.282539
1232.668945	31.808262
1231.555664	89.390480
1230.441406	27.341900
1229.327148	-60.666378
1228.211914	3.905900
1227.097656	-69.927406
1225.982422	91.061478
1224.867188	-103.513000
1223.751953	25.931404
1222.635742	-58.738865
1221.520508	-114.511894
1220.404297	-124.931389
1219.287109	5.862240
1218.170898	67.774483
1217.053711	71.847572
1215.936523	153.787781
1214.819336	-18.888048
1213.702148	-60.928703
1212.583984	-55.059555
1211.465820	-64.833076
1210.347656	-103.919930
1209.229492	-30.183126
1208.110352	-16.840256
1206.992188	-37.793293
1205.873047	-69.323349
1204.752930	-69.815941
1203.633789	-84.811646
1202.513672	60.739433
1201.393555	-38.129147
1200.273438	-76.922966
1199.152344	46.156940
1198.032227	84.098457
1196.911133	-141.887512
1195.790039	51.793221
1194.667969	-31.357290
1193.545898	18.607723
1192.424805	123.030617
1191.301758	86.993950
1190.179688	-8.733624
1189.056641	94.972656
1187.933594	121.916115
1186.810547	16.517981
1185.687500	38.892845
1184.563477	26.377565
1183.440430	95.146095
1182.316406	19.308336
1181.191406	41.121403
1180.067383	99.584587
1178.942383	120.191452
1177.817383	166.669373
1176.692383	118.550972
1175.566406	175.526443
1174.440430	189.373077
1173.314453	35.212345
1172.188477	208.405975
1171.062500	144.055893
1169.935547	62.395218
1168.808594	78.603706
1167.681641	-79.758667
1166.553711	85.078217
1165.426758	-30.807463
1164.298828	-86.149353
1163.170898	70.356522
1162.041992	-58.379215
1160.914063	75.192596
1159.785156	-59.394341
1158.656250	-104.000954
1157.526367	-101.235275
1156.397461	2.105452
1155.267578	-69.848633
1154.137695	-33.247364
1153.006836	-53.175453
1151.876953	-29.886877
1150.746094	-68.951462
1149.615234	-111.063316
1148.484375	1.852284
1147.352539	-90.972145
1146.220703	24.900270
1145.088867	-127.014809
1143.957031	-58.494205
1142.825195	-28.204870
1141.692383	-136.696686
1140.559570	-64.528633
1139.426758	0.283705
1138.292969	61.925220
1137.159180	30.226219
1136.025391	26.912355
1134.891602	83.307930
1133.757813	92.875923
1132.623047	0.769782
1131.488281	62.614483
1130.353516	142.311493
1129.217773	130.925293
1128.083008	70.176353
1126.947266	-16.044815
1125.811523	115.200485
1124.674805	42.782730
1123.539063	190.842194
1122.402344	64.110382
1121.265625	50.729797
1120.127930	-80.739304
1118.990234	194.271469
1117.853516	113.060692
1116.714844	145.007767
1115.577148	86.186760
1114.439453	82.517242
1113.300781	150.062164
1112.162109	-20.677160
1111.022461	105.844551
1109.883789	98.239960
1108.744141	117.555916
1107.604492	-97.824692
1106.463867	-18.353817
1105.324219	67.216370
1104.183594	-62.969986
1103.042969	76.860847
1101.902344	-81.918800
1100.760742	-178.112183
1099.619141	-17.857027
1098.477539	22.653095
1097.335938	68.300789
1096.193359	94.542877
1095.051758	322.819061
1093.909180	203.330765
1092.765625	215.074203
1091.623047	199.840500
1090.479492	233.458710
1089.335938	154.799423
1088.192383	204.810226
1087.047852	77.570145
1085.903320	177.935791
1084.758789	228.677536
1083.614258	397.042297
1082.469727	415.971375
1081.324219	401.906830
1080.178711	446.436981
1079.033203	439.932373
1077.886719	516.398376
1076.740234	457.760406
1075.593750	336.958832
1074.447266	495.646423
1073.300781	602.402649
1072.153320	540.439148
1071.005859	469.519714
1069.858398	453.190521
1068.709961	447.955688
1067.561523	387.465698
1066.413086	385.399719
1065.264648	445.536530
1064.116211	516.455200
1062.966797	587.099915
1061.817383	425.237732
1060.667969	306.456543
1059.517578	452.024628
1058.368164	306.904816
1057.217773	274.312378
1056.067383	405.068359
1054.916016	447.063446
1053.764648	427.843384
1052.613281	333.076172
1051.461914	486.267700
1050.310547	290.778839
1049.158203	525.815918
1048.005859	326.326874
1046.853516	357.450409
1045.700195	537.576782
1044.547852	413.707336
1043.394531	313.792908
1042.240234	491.000854
1041.086914	361.862152
1039.932617	323.809784
1038.778320	413.015717
1037.624023	300.995239
1036.469727	426.817261
1035.314453	470.550812
1034.159180	656.417480
1033.003906	622.338745
1031.847656	662.458252
1030.692383	473.657043
1029.536133	693.240173
1028.378906	732.626587
1027.222656	683.976990
1026.065430	349.411560
1024.908203	589.706116
1023.750977	548.527771
1022.593750	562.153992
1021.435547	515.176697
1020.277344	468.481232
1019.119141	581.023315
1017.959961	534.404541
1016.800781	587.760315
1015.641602	457.511261
1014.482422	400.507690
1013.323242	469.075958
1012.163086	592.455444
1011.002930	304.298187
1009.842773	474.967590
1008.681641	368.817719
1007.520508	481.310730
1006.359375	428.548859
1005.198242	250.760880
1004.037109	256.730652
1002.875000	216.852539
1001.712891	176.921967
1000.550781	275.362518
999.387695	297.419952
998.224609	273.869843
997.061523	180.778809
995.898438	195.867813
994.734375	100.307755
993.571289	169.521164
992.407227	210.287048
991.242188	232.190491
990.078125	77.155296
988.913086	69.163826
987.748047	262.346588
986.583008	246.346909
985.416992	241.220581
984.250977	428.553833
983.084961	354.975861
981.918945	305.387817
980.751953	377.366272
979.584961	326.348297
978.417969	284.143707
977.250977	421.583344
976.083008	379.846191
974.915039	445.667358
973.747070	338.877136
972.579102	217.615982
971.410156	102.738014
970.242188	133.164734
969.072266	232.533432
967.903320	240.806046
966.733398	144.965668
965.563477	274.490906
964.393555	213.057831
963.223633	209.548096
962.052734	248.181686
960.881836	236.048218
959.710938	223.368698
958.540039	213.748413
957.368164	331.830994
956.196289	260.680908
955.024414	114.456589
953.851563	203.348480
952.679688	144.879501
951.506836	269.846130
950.333984	138.648392
949.160156	146.792496
947.986328	186.222015
946.812500	39.507122
945.638672	210.241852
944.464844	162.898224
943.290039	315.917267
942.115234	220.957611
940.940430	239.590378
939.764648	-11.466639
938.588867	327.012695
937.413086	286.529175
936.237305	323.224274
935.060547	248.800446
933.883789	206.006454
932.707031	181.342621
931.530273	74.899109
930.352539	276.969086
929.175781	245.356796
927.998047	148.009033
926.819336	188.907974
925.641602	195.724258
924.462891	134.535843
923.284180	145.825195
922.104492	136.698257
920.924805	50.543293
919.746094	51.810295
919.551758	93.628937
918.386719	-55.954624
917.220703	176.919647
916.054688	210.563538
914.887695	60.933300
913.721680	257.342377
912.554688	103.165833
911.387695	64.306435
910.220703	215.280075
909.052734	156.002838
907.885742	53.786488
906.717773	12.563438
905.548828	-49.003029
904.380859	-22.524307
903.211914	-77.358215
902.042969	-132.204819
900.874023	47.610485
899.704102	-50.173729
898.535156	-59.985466
897.365234	160.193634
896.194336	116.455551
895.024414	183.156143
893.853516	-18.397827
892.682617	82.035660
891.511719	186.900742
890.340820	163.306061
889.168945	42.856659
887.997070	111.545151
886.825195	13.600811
885.653320	241.989227
884.480469	103.494011
883.307617	131.493637
882.134766	154.952728
880.961914	47.947678
879.788086	35.380661
878.614258	43.018425
877.440430	-3.313108
876.266602	-24.939865
875.091797	-42.095539
873.916992	-63.765244
872.742188	42.535137
871.567383	-15.122386
870.391602	129.223709
869.215820	-36.201668
868.040039	65.403000
866.864258	-167.293625
865.687500	-5.208041
864.510742	46.913551
863.333984	-125.192291
862.157227	-86.571266
860.979492	173.851715
859.802734	163.051590
858.625000	69.351143
857.446289	-55.691383
856.268555	114.842438
855.089844	39.036476
853.911133	-65.859665
852.731445	-76.758392
851.552734	24.180777
850.373047	-100.857407
849.193359	-114.056374
848.013672	-44.550713
846.833008	-4.159677
845.652344	-95.668694
844.471680	-59.803181
843.291016	-68.656235
842.110352	-144.536789
840.928711	-99.826218
839.747070	-102.043259
838.564453	-64.105957
837.382813	-148.950256
836.200195	-12.894362
835.017578	-99.994545
833.834961	-4.198414
832.651367	-2.119450
831.467773	140.385834
830.284180	160.217468
829.100586	130.991791
827.916992	72.790474
826.732422	217.294846
825.547852	-79.245583
824.363281	103.036995
823.177734	107.126579
821.992188	88.934853
820.806641	313.279785
819.621094	185.992523
818.434570	114.342163
817.249023	118.311302
816.062500	337.925781
814.875000	141.733978
813.688477	212.301117
812.500977	80.609947
811.313477	53.365250
810.125977	268.210663
808.937500	238.671906
807.749023	67.030502
806.560547	17.523312
805.372070	103.390633
804.182617	69.382744
802.994141	30.930889
801.803711	180.992752
800.614258	111.444748
799.424805	-80.031250
798.234375	21.130856
797.043945	157.686310
795.852539	26.072771
794.662109	51.769527
793.470703	75.217232
792.279297	118.561333
791.087891	86.597740
789.895508	185.209320
788.703125	60.260311
787.510742	94.633537
786.318359	58.188381
785.125000	26.158226
783.931641	56.027954
782.738281	-48.980740
781.544922	-32.411793
780.350586	-9.244320
779.156250	60.284462
777.961914	-119.823975
776.767578	13.695008
775.572266	-86.892654
774.376953	-238.230362
773.181641	-113.664825
771.986328	-0.205306
770.790039	35.974098
769.593750	-49.186951
768.397461	-52.747551
767.201172	-164.354202
766.003906	-35.686428
764.806641	-52.537918
763.609375	-56.185543
762.412109	-44.434010
761.213867	-111.994667
760.015625	-93.677238
758.817383	45.686211
757.618164	28.701672
756.419922	9.502786
755.220703	-20.712637
754.021484	-136.720551
752.821289	68.363754
751.621094	-74.045204
750.420898	-7.590536
749.220703	-31.292774
748.020508	39.474514
746.819336	-89.721916
745.618164	215.990051
744.416992	104.331566
743.214844	5.867383
742.012695	199.352966
740.810547	206.200867
739.608398	164.753342
738.406250	261.496704
737.203125	283.607422
736.000000	496.449432
734.795898	498.722626
733.592773	593.028564
732.388672	588.659668
731.184570	726.675232
729.979492	571.093445
728.775391	608.270386
727.570313	279.761963
726.365234	207.483093
725.160156	268.713501
723.954102	154.843369
722.748047	189.756851
721.541992	124.021309
720.334961	222.291992
719.128906	80.009796
717.921875	119.183472
716.714844	66.531746
715.506836	206.146820
714.298828	39.856850
713.090820	92.011436
711.882813	39.310276
710.674805	39.001415
709.465820	101.961151
708.256836	79.766273
707.047852	48.829872
705.837891	33.148319
704.627930	45.798950
703.417969	45.338421
702.208008	51.393211
700.998047	29.088827
699.787109	226.841492
698.576172	158.710083
697.364258	118.894974
696.153320	238.038483
694.941406	333.156525
693.729492	349.850555
692.516602	264.228638
691.304688	396.196350
690.091797	391.038116
688.878906	355.410614
687.665039	282.806641
686.451172	199.339432
685.237305	254.985168
684.023438	221.490021
682.809570	237.954147
681.594727	276.105591
680.379883	47.105640
679.165039	83.062752
677.949219	129.831390
676.733398	124.470863
675.517578	132.108215
674.301758	280.726471
673.084961	253.575562
671.869141	65.951897
670.651367	240.431122
669.434570	243.582382
668.216797	307.384369
667.000000	219.477844
665.781250	229.055984
664.563477	320.907410
663.344727	328.250427
662.125977	155.892120
660.907227	163.222839
659.688477	88.302345
658.468750	71.800835
657.249023	161.270142
656.029297	133.905319
654.808594	279.490814
653.587891	204.513062
652.367188	172.769196
651.146484	63.234074
649.924805	72.533897
648.704102	166.043915
647.482422	56.516815
646.259766	18.255547
645.037109	77.119301
643.815430	-41.007778
642.591797	91.156601
641.369141	106.771660
640.145508	-45.853405
638.921875	-10.850026
637.698242	86.635147
636.474609	69.836823
635.250000	100.429985
634.025391	92.216385
632.800781	12.914639
631.575195	179.110855
630.349609	-104.736900
629.124023	-84.982735
627.898438	-121.203911
626.671875	8.241839
625.445313	83.841461
624.218750	30.358053
622.992188	90.843803
621.764648	39.502495
620.537109	211.694183
619.309570	33.545776
618.081055	3.694174
616.852539	149.972137
615.624023	53.516861
614.395508	36.531456
613.166992	-25.532896
611.937500	-72.561272
610.708008	15.596072
609.477539	9.317252
608.248047	-29.132900
607.017578	-39.701763
605.787109	-80.285446
604.555664	-65.134224
603.325195	121.439156
602.093750	57.261734
600.861328	134.473251
599.629883	140.982651
598.397461	121.790367
597.165039	-75.066078
595.932617	85.563843
594.699219	55.688206
593.465820	-100.389786
592.232422	-91.714912
590.999023	94.438065
589.764648	13.276000
588.530273	103.143623
587.295898	-129.704987
586.061523	47.757671
584.826172	90.574448
583.590820	-20.385015
582.355469	-167.588791
581.119141	11.879042
579.882813	-75.501511
578.646484	-107.358673
577.410156	-4.794755
576.172852	-230.730209
574.935547	38.158710
573.698242	-55.488129
572.460938	-245.001053
571.222656	21.618496
569.984375	-84.716408
568.746094	-54.663227
567.506836	-82.113976
566.267578	71.445946
565.028320	-30.496378
563.789063	-42.989033
562.548828	-134.193481
561.309570	-23.234247
560.068359	11.119149
558.828125	-145.903275
557.586914	101.105858
556.345703	3.685457
555.104492	-127.673492
553.863281	78.870110
552.621094	87.792633
551.378906	-28.566290
550.136719	182.139297
548.893555	93.454216
547.650391	136.422592
546.407227	79.668732
545.164063	27.209949
543.919922	95.698578
542.675781	170.549255
541.431641	86.388191
540.186523	25.607527
538.941406	64.488503
537.696289	-91.541405
536.451172	38.501423
535.205078	30.858797
533.959961	-150.370224
532.712891	-11.832125
531.466797	-76.498207
530.219727	-64.924484
528.972656	-53.318268
527.725586	-71.290749
526.478516	27.090851
525.230469	-187.439316
523.982422	-129.159042
522.734375	62.276020
521.485352	-4.102557
520.236328	-95.759232
518.987305	-16.265244
517.737305	10.447682
516.488281	11.862762
515.238281	63.973919
513.988281	124.547867
512.737305	138.725204
511.486328	93.883369
510.235352	61.759579
508.984375	130.896698
507.732422	166.322586
506.480469	205.995514
505.228516	171.954819
503.976563	226.450790
502.723633	160.923935
501.470703	226.021698
500.217773	232.195923
498.963867	349.964294
497.709961	293.077545
496.456055	181.565536
495.202148	105.907837
493.947266	131.269608
492.692383	314.354401
491.437500	261.985413
490.181641	161.351700
488.926758	209.989365
487.670898	185.131592
486.414063	93.125954
485.158203	171.288391
483.901367	54.231140
482.644531	88.388535
481.386719	74.314377
480.128906	-73.973213
478.871094	-64.839989
477.613281	-175.194244
476.355469	-117.729500
475.096680	143.077194
473.837891	30.787931
472.578125	-68.839531
471.319336	62.043518
470.059570	-123.329895
468.799805	-4.973267
467.539063	159.426208
466.278320	-103.169113
465.017578	42.424137
463.756836	-2.385682
462.495117	302.154480
461.233398	251.101791
459.971680	55.845345
458.709961	59.276108
457.447266	114.978439
456.184570	30.698046
454.921875	136.567810
453.658203	6.420922
452.394531	14.158494
451.130859	-34.452091
449.867188	71.419441
448.602539	56.234356
447.337891	41.068123
446.073242	23.831757
444.807617	19.120520
443.542969	172.863251
442.276367	49.317154
441.010742	86.285553
439.744141	150.317139
438.478516	201.815872
437.210938	59.599960
435.944336	211.010391
434.676758	102.127510
433.409180	151.441498
432.141602	30.085184
430.873047	154.227585
429.604492	222.125092
428.335938	362.734344
427.067383	318.211578
425.797852	290.287079
424.528320	337.132294
423.258789	354.813141
421.988281	254.024170
420.717773	333.885193
419.447266	409.485565
418.175781	200.586548
416.905273	197.155594
415.633789	253.806305
414.362305	150.602249
413.089844	124.076622
411.817383	105.747353
410.544922	-53.662701
409.272461	-53.531429
407.999023	-55.604595
406.725586	112.069839
405.452148	126.249115
404.177734	185.825668
402.903320	-26.008533
401.628906	24.965004
400.354492	94.364960
399.079102	6.296251
397.803711	145.618866
396.528320	5.473765
395.251953	105.028137
393.976563	173.310196
392.700195	261.994446
391.422852	154.087463
390.145508	285.620605
388.869141	32.657951
387.590820	324.687775
386.313477	77.454971
385.035156	28.182299
383.756836	184.989105
382.478516	244.433395
381.199219	51.853355
379.919922	164.234848
378.640625	117.442108
377.360352	169.238831
376.080078	-140.047470
374.799805	102.624207
373.519531	-108.445168
372.238281	50.874729
370.957031	-27.126822
369.675781	-136.436493
368.394531	-5.353790
367.112305	59.319118
365.830078	-6.161249
364.546875	45.097702
363.264648	62.897026
361.981445	147.967804
360.698242	-3.972446
359.414063	-41.365944
358.129883	-136.891617
356.845703	-124.135109
355.561523	-116.145813
354.276367	2.033301
352.991211	117.411987
351.706055	16.514275
350.420898	155.009766
349.134766	85.459938
347.848633	19.260153
346.561523	130.676788
345.275391	-56.050732
343.988281	78.250130
342.700195	21.007906
341.413086	83.791557
340.125000	137.408829
338.836914	-14.751830
337.548828	6.217566
336.259766	-129.430954
334.970703	-20.454891
333.681641	-18.991787
332.391602	187.978806
331.101563	-27.598772
329.811523	-11.116688
328.521484	-73.508652
327.230469	144.955826
325.939453	98.466278
324.648438	52.764946
323.356445	142.602036
322.064453	-124.285126
320.772461	-39.208893
319.480469	105.660355
318.187500	26.529985
316.894531	-158.109268
315.601563	-48.390713
314.307617	10.735258
313.013672	-45.949360
311.719727	32.344891
310.425781	55.938999
309.130859	100.179489
307.835938	-126.278618
306.541016	54.971386
305.245117	36.721886
303.949219	-28.195669
302.653320	-33.949127
301.356445	-55.971508
300.060547	129.613708
298.763672	211.288589
