2000.043945	-90.778259
1999.080078	100.615822
1998.116211	-182.125549
1997.151367	191.801575
1996.186523	67.422859
1995.222656	-59.538143
1994.256836	-10.735094
1993.291992	-76.005028
1992.327148	29.448576
1991.361328	-8.839098
1990.395508	88.880898
1989.429688	50.341503
1988.463867	-104.584732
1987.497070	-138.363327
1986.531250	-1.606106
1985.564453	268.515045
1984.597656	397.511230
1983.630859	71.554581
1982.664063	197.858139
1981.696289	101.643936
1980.728516	-51.450672
1979.761719	72.043076
1978.792969	-63.886513
1977.825195	76.667686
1976.857422	-121.104019
1975.888672	53.794960
1974.919922	95.296211
1973.951172	55.288151
1972.982422	-80.981483
1972.013672	86.071922
1971.043945	220.940414
1970.075195	25.335838
1969.105469	66.365585
1968.135742	262.573761
1967.165039	-228.789200
1966.195313	9.159762
1965.224609	99.183601
1964.253906	-57.137341
1963.283203	-11.560670
1962.312500	196.418671
1961.341797	379.659180
1960.370117	102.629372
1959.399414	293.109222
1958.427734	25.951469
1957.455078	44.138382
1956.483398	337.676636
1955.511719	456.516846
1954.539063	54.187523
1953.566406	13.229985
1952.593750	23.853937
1951.621094	174.471176
1950.647461	189.915634
1949.674805	-199.865417
1948.701172	85.667175
1947.727539	37.217762
1946.753906	72.210640
1945.780273	60.545662
1944.805664	198.524124
1943.831055	213.784897
1942.856445	123.563629
1941.881836	60.333275
1940.907227	198.140945
1939.932617	76.063972
1938.957031	245.650436
1937.981445	77.031250
1937.005859	226.935028
1936.030273	-108.190926
1935.054688	169.012802
1934.078125	-21.537813
1933.101563	140.480423
1932.125000	131.107468
1931.148438	222.060959
1930.171875	173.522400
1929.194336	230.181992
1928.217773	-92.260246
1927.240234	-67.365166
1926.262695	-76.706268
1925.284180	67.947533
1924.306641	-83.158936
1923.328125	46.781502
1922.350586	176.673752
1921.372070	223.476303
1920.392578	170.141800
1919.414063	287.738159
1918.434570	188.035278
1917.456055	-1.931232
1916.476563	49.757931
1915.497070	79.473244
1914.516602	70.155464
1913.537109	-107.435371
1912.556641	127.131706
1911.576172	-152.783722
1910.595703	120.715057
1909.615234	-27.486044
1908.633789	-46.486435
1907.653320	68.509834
1906.671875	61.688499
1905.690430	-13.309770
1904.708984	-54.187077
1903.727539	-0.105498
1902.745117	282.741699
1901.762695	-145.053802
1900.780273	-105.563316
1899.797852	371.760925
1898.815430	379.536072
1897.832031	37.171223
1896.849609	20.707087
1895.866211	43.145687
1894.882813	55.859772
1893.898438	-72.347984
1892.915039	219.761185
1891.930664	-0.715031
1890.947266	33.874187
1889.962891	-26.232857
1888.977539	158.860031
1887.993164	40.511585
1887.007813	-75.361214
1886.023438	-276.102814
1885.038086	-98.365570
1884.051758	-112.280746
1883.066406	-48.599106
1882.081055	-132.819916
1881.094727	-42.492271
1880.108398	324.066772
1879.122070	79.912437
1878.135742	-273.161865
1877.148438	13.307446
1876.162109	-24.821171
1875.174805	198.541962
1874.187500	-28.422232
1873.199219	177.912796
1872.211914	-48.969513
1871.223633	-137.869202
1870.236328	-52.587017
1869.248047	81.027145
1868.258789	40.496075
1867.270508	12.058081
1866.282227	5.377707
1865.292969	-27.890301
1864.303711	-0.750673
1863.314453	-188.625961
1862.324219	121.093575
1861.334961	-211.639847
1860.344727	-150.728104
1859.354492	42.909992
1858.364258	67.524696
1857.374023	72.812523
1856.383789	-151.102280
1855.392578	293.185822
1854.401367	131.984573
1853.410156	19.048120
1852.418945	-43.238590
1851.426758	12.581608
1850.435547	53.901573
1849.443359	227.698898
1848.451172	-46.638512
1847.458984	-104.137817
1846.466797	218.818329
1845.473633	156.431076
1844.480469	36.271988
1843.487305	310.816803
1842.494141	226.715103
1841.500977	-117.196091
1840.506836	15.232478
1839.513672	207.701736
1838.519531	137.996307
1837.525391	176.462357
1836.530273	70.677689
1835.536133	46.600288
1834.541016	207.495026
1833.545898	207.355591
1832.550781	151.943848
1831.555664	125.332153
1830.560547	-9.338724
1829.564453	170.438477
1828.568359	23.735746
1827.572266	148.176254
1826.576172	205.360703
1825.580078	22.636879
1824.583008	113.312630
1823.585938	112.803886
1822.588867	-79.516174
1821.591797	58.929726
1820.594727	173.315536
1819.596680	256.467468
1818.599609	157.499054
1817.601563	317.161194
1816.603516	146.290070
1815.604492	99.917740
1814.606445	-3.931691
1813.607422	193.728622
1812.608398	-1.121402
1811.609375	50.437340
1810.610352	130.623749
1809.610352	-92.961990
1808.611328	106.649162
1807.611328	-40.469612
1806.611328	-96.775566
1805.610352	124.052948
1804.610352	115.399513
1803.609375	159.235321
1802.608398	-119.393723
1801.607422	58.053627
1800.606445	197.176208
1799.605469	-114.903671
1798.603516	38.389141
1797.601563	-75.651031
1796.599609	125.151833
1795.597656	249.496216
1794.595703	182.970276
1793.592773	104.479958
1792.589844	166.580673
1791.587891	266.718689
1790.583984	-135.992554
1789.581055	-78.856316
1788.577148	209.212036
1787.574219	128.001678
1786.570313	77.698547
1785.566406	-105.961746
1784.561523	0.724077
1783.557617	188.198105
1782.552734	25.804941
1781.547852	-46.216549
1780.542969	-56.455826
1779.538086	-138.099991
1778.532227	79.736435
1777.527344	-237.360916
1776.521484	89.564049
1775.515625	342.632507
1774.508789	-143.235107
1773.502930	66.869698
1772.496094	184.204208
1771.489258	87.744469
1770.482422	105.172615
1769.475586	20.463743
1768.467773	234.661880
1767.460938	133.186325
1766.453125	-32.378384
1765.445313	122.167953
1764.437500	-173.903595
1763.428711	72.883270
1762.420898	120.411598
1761.412109	120.439003
1760.403320	253.048981
1759.393555	8.899163
1758.384766	13.419225
1757.375000	313.814423
1756.366211	86.100670
1755.356445	199.205612
1754.345703	113.395279
1753.335938	138.732086
1752.325195	322.451721
1751.315430	30.638491
1750.304688	263.782623
1749.292969	118.476471
1748.282227	249.692490
1747.270508	-110.796303
1746.259766	15.502520
1745.248047	132.205399
1744.235352	12.574597
1743.223633	221.144119
1742.211914	198.161453
1741.199219	127.878662
1740.186523	-100.599281
1739.173828	116.890640
1738.160156	-165.953476
1737.147461	46.559761
1736.133789	159.843185
1735.120117	291.850922
1734.106445	147.898407
1733.091797	-7.884993
1732.078125	168.569031
1731.063477	139.877579
1730.048828	85.191612
1729.034180	-268.672424
1728.019531	255.806030
1727.003906	59.582127
1725.988281	-44.862732
1724.972656	-137.595810
1723.957031	-105.684364
1722.941406	20.218430
1721.924805	-122.157272
1720.909180	-55.277237
1719.892578	-113.132538
1718.875977	-246.281097
1717.858398	-170.312393
1716.841797	1.880842
1715.824219	211.494385
1714.806641	-152.183563
1713.789063	-318.550201
1712.770508	-88.151398
1711.752930	-43.378006
1710.734375	-55.051613
1709.715820	3.585220
1708.697266	8.146119
1707.678711	47.798439
1706.659180	106.097443
1705.640625	145.534256
1704.621094	-30.824986
1703.600586	69.365608
1702.581055	474.083038
1701.561523	145.197906
1700.541016	179.435959
1699.520508	258.072235
1698.500000	186.722443
1697.478516	424.342621
1696.458008	203.006531
1695.436523	173.563171
1694.415039	389.727478
1693.393555	245.455124
1692.372070	335.049377
1691.349609	349.680725
1690.327148	375.912170
1689.304688	467.504089
1688.282227	210.738327
1687.259766	292.812836
1686.236328	330.374329
1685.213867	491.646820
1684.190430	697.138000
1683.166016	251.020218
1682.142578	393.287506
1681.119141	372.041565
1680.094727	530.397583
1679.070313	571.960571
1678.045898	548.113953
1677.020508	771.406433
1675.996094	623.795776
1674.970703	431.862793
1673.945313	657.152161
1672.919922	740.127747
1671.893555	802.017395
1670.868164	796.266052
1669.841797	736.866028
1668.815430	612.217896
1667.789063	664.490601
1666.761719	816.753601
1665.735352	1034.063843
1664.708008	692.778198
1663.680664	772.629761
1662.653320	822.148804
1661.625000	957.615540
1660.597656	1025.552368
1659.569336	1070.141846
1658.541016	1017.041321
1657.512695	1089.378540
1656.483398	1161.617310
1655.455078	890.010986
1654.425781	1110.772949
1653.396484	1017.939697
1652.366211	1131.679810
1651.336914	1338.174805
1650.306641	1328.715820
1649.276367	1205.523193
1648.246094	1478.982788
1647.215820	1316.281250
1646.185547	1278.804565
1645.154297	1199.552856
1644.123047	1727.557373
1643.091797	1536.922729
1642.060547	1536.306396
1641.028320	1533.316040
1639.997070	1752.636230
1638.964844	1786.572876
1637.931641	2068.160400
1636.899414	1916.766968
1635.867188	2022.273804
1634.833984	2009.687012
1633.800781	1860.582886
1632.767578	2063.062500
1631.734375	2415.739990
1630.700195	2615.643066
1629.666016	2413.227051
1628.631836	2199.305908
1627.597656	2442.948975
1626.563477	2811.220215
1625.528320	2865.182129
1624.493164	2690.479980
1623.458008	2744.397949
1622.422852	3128.374756
1621.387695	2990.583984
1620.351563	2947.421875
1619.315430	3049.604004
1618.279297	3315.496826
1617.243164	3482.107666
1616.207031	3395.010010
1615.169922	3335.584717
1614.132813	3354.533691
1613.095703	3550.901367
1612.058594	3173.509277
1611.020508	3349.076172
1609.983398	3729.549561
1608.945313	3522.701416
1607.907227	3497.798340
1606.868164	3689.246582
1605.830078	3682.727783
1604.791016	3880.969238
1603.751953	3653.573242
1602.712891	3651.658691
1601.673828	3491.087891
1600.633789	3473.111084
1599.594727	3574.685547
1598.554688	3510.755371
1597.513672	3304.392090
1596.473633	3564.465088
1595.433594	3645.304688
1594.392578	3177.299561
1593.351563	3235.243408
1592.310547	3261.045898
1591.268555	3312.090332
1590.227539	3376.913330
1589.185547	3276.549072
1588.143555	3274.873779
1587.100586	3431.438232
1586.058594	3459.587646
1585.015625	3331.870361
1583.972656	3043.804688
1582.929688	3278.311768
1581.886719	3228.687744
1580.843750	3369.223633
1579.799805	3228.056396
1578.755859	3103.008789
1577.711914	3126.840088
1576.666992	3107.205078
1575.623047	2986.948730
1574.578125	3155.028076
1573.533203	3480.912109
1572.488281	3253.291260
1571.443359	3089.823730
1570.397461	3065.903076
1569.351563	3222.597412
1568.305664	3212.472656
1567.259766	3026.485352
1566.213867	2993.666016
1565.166992	3097.928467
1564.120117	3193.074707
1563.073242	3215.190430
1562.026367	2787.726318
1560.978516	3042.779297
1559.930664	2955.573486
1558.883789	3021.307373
1557.834961	2797.420898
1556.787109	2817.677734
1555.739258	2883.589844
1554.690430	2792.266357
1553.641602	2835.501221
1552.592773	2682.850342
1551.542969	2610.052490
1550.494141	2610.248047
1549.444336	2665.158691
1548.394531	2558.490234
1547.344727	2290.337646
1546.293945	2265.861816
1545.244141	2277.889404
1544.193359	2280.887939
1543.142578	1936.001343
1542.090820	2084.756348
1541.040039	2351.772217
1539.988281	2091.428467
1538.936523	2031.263794
1537.884766	1912.140991
1536.833008	1986.246948
1535.780273	2003.631714
1534.727539	2027.917847
1533.674805	1979.643677
1532.622070	1888.359375
1531.569336	1915.222290
1530.515625	1678.968872
1529.461914	1581.291260
1528.408203	1436.128174
1527.354492	1560.972900
1526.299805	1694.935425
1525.246094	1398.288086
1524.191406	1360.214233
1523.136719	1415.163086
1522.081055	971.815063
1521.026367	843.588501
1519.970703	1193.323486
1518.915039	1067.589966
1517.859375	1120.848145
1516.802734	1033.880615
1515.747070	969.703857
1514.690430	907.928772
1513.633789	622.382568
1512.577148	567.730408
1511.519531	922.436890
1510.461914	856.690247
1509.405273	890.541321
1508.346680	520.036987
1507.289063	872.724304
1506.231445	748.829895
1505.172852	887.059326
1504.114258	720.572510
1503.055664	829.677246
1501.996094	1033.653564
1500.937500	924.051819
1499.877930	837.185181
1498.818359	937.699402
1497.757813	1049.582153
1496.698242	1272.042603
1495.637695	1296.184204
1494.577148	1381.310303
1493.516602	1387.681519
1492.456055	1222.980347
1491.394531	1531.484375
1490.333008	1371.613281
1489.271484	982.299744
1488.209961	1313.622681
1487.148438	1449.160889
1486.085938	1112.263062
1485.023438	1011.867676
1483.960938	976.893555
1482.898438	1108.493774
1481.834961	754.550537
1480.772461	897.688599
1479.708984	1002.699097
1478.644531	896.618286
1477.581055	986.173584
1476.517578	1030.921265
1475.453125	1039.984375
1474.388672	1138.915405
1473.323242	1013.482300
1472.258789	946.637451
1471.193359	1007.986633
1470.127930	1120.937012
1469.062500	1168.922607
1467.997070	1239.807617
1466.930664	1283.704346
1465.865234	1372.073242
1464.798828	1653.648682
1463.731445	1648.484497
1462.665039	1686.139526
1461.597656	1547.327637
1460.530273	1608.280762
1459.462891	1723.713989
1458.395508	1864.311646
1457.327148	1880.160034
1456.259766	1711.279053
1455.191406	1546.083618
1454.123047	1574.634644
1453.053711	1592.503418
1451.985352	1354.505493
1450.916016	1430.463013
1449.846680	1694.301636
1448.776367	1557.472046
1447.707031	1415.120605
1446.636719	1246.002197
1445.566406	1285.250732
1444.496094	1071.229736
1443.425781	992.792786
1442.354492	807.876221
1441.283203	833.755554
1440.211914	1022.764954
1439.140625	692.885010
1438.069336	595.246887
1436.997070	650.324463
1435.924805	258.199127
1434.852539	488.648285
1433.780273	192.406448
1432.707031	74.354500
1431.633789	261.779999
1430.560547	-41.578720
1429.487305	15.206136
1428.413086	192.453552
1427.339844	190.504288
1426.265625	54.598003
1425.191406	-160.756180
1424.116211	-134.152710
1423.041992	-211.283478
1421.966797	23.953751
1420.891602	124.202164
1419.816406	-248.001236
1418.740234	5.255698
1417.665039	-10.378859
1416.588867	39.445000
1415.512695	64.848068
1414.435547	207.537979
1413.359375	130.831497
1412.282227	129.589508
1411.205078	257.908661
1410.127930	468.692993
1409.049805	400.420441
1407.972656	560.378662
1406.894531	560.797363
1405.816406	711.768311
1404.737305	727.381348
1403.659180	977.000916
1402.580078	821.815002
1401.500977	850.854065
1400.421875	1116.072876
1399.341797	1102.800171
1398.262695	1051.902832
1397.182617	890.275146
1396.102539	1035.753540
1395.021484	787.247498
1393.941406	947.452393
1392.860352	760.828491
1391.779297	856.031677
1390.698242	731.961792
1389.616211	971.954895
1388.535156	799.866760
1387.453125	541.313416
1386.371094	752.219421
1385.288086	480.632294
1384.206055	615.564819
1383.123047	602.542297
1382.040039	599.824585
1380.957031	610.266602
1379.873047	483.689819
1378.789063	453.582184
1377.705078	702.849243
1376.621094	694.187500
1375.537109	478.211456
1374.452148	955.538330
1373.367188	897.823120
1372.282227	922.086548
1371.197266	820.302429
1370.112305	906.893799
1369.026367	991.576111
1367.940430	827.466492
1366.854492	831.239929
1365.767578	664.872009
1364.681641	939.955811
1363.594727	700.695679
1362.507813	663.444153
1361.419922	556.216553
1360.333008	572.651550
1359.245117	673.958496
1358.157227	402.370178
1357.069336	470.940369
1355.981445	549.970764
1354.892578	592.748901
1353.803711	448.590942
1352.714844	363.056488
1351.625000	567.052490
1350.536133	804.205322
1349.446289	798.400391
1348.356445	748.683716
1347.266602	855.237854
1346.175781	1046.048340
1345.085938	971.955200
1343.995117	1290.860718
1342.903320	1113.877197
1341.812500	848.640869
1340.720703	1051.181519
1339.629883	1137.484253
1338.538086	1150.262939
1337.445313	1006.751343
1336.353516	917.359436
1335.260742	1313.237427
1334.167969	920.884644
1333.075195	1439.700195
1331.981445	1211.134033
1330.888672	1260.624390
1329.794922	1268.197510
1328.701172	1469.365845
1327.606445	1160.386353
1326.512695	1253.663086
1325.417969	1441.178223
1324.323242	1248.037354
1323.227539	1422.427612
1322.132813	1467.377197
1321.037109	1354.542847
1319.941406	1221.428223
1318.845703	1330.768311
1317.750000	1403.495239
1316.653320	1189.269287
1315.556641	1094.775269
1314.459961	1021.701294
1313.363281	1003.643555
1312.265625	921.012634
1311.167969	1003.002747
1310.070313	744.043945
1308.972656	560.672058
1307.874023	450.264771
1306.776367	475.366913
1305.677734	683.663330
1304.579102	500.871002
1303.479492	481.010559
1302.380859	392.024567
1301.281250	606.715698
1300.181641	437.653992
1299.081055	277.727631
1297.981445	296.769165
1296.880859	345.122833
1295.780273	365.690430
1294.679688	501.376648
1293.578125	158.439148
1292.476563	265.996216
1291.375000	324.229950
1290.273438	175.681686
1289.171875	139.588211
1288.069336	82.709373
1286.966797	103.471733
1285.864258	122.662781
1284.761719	275.546570
1283.658203	157.457382
1282.554688	143.729767
1281.451172	334.758575
1280.347656	280.913300
1279.244141	160.749023
1278.139648	-78.514969
1277.035156	158.633286
1275.930664	338.412872
1274.825195	229.799088
1273.720703	168.684189
1272.615234	237.928650
1271.508789	188.659897
1270.403320	188.689789
1269.297852	301.462463
1268.191406	372.242584
1267.084961	81.441002
1265.977539	299.741394
1264.871094	152.492325
1263.763672	121.620331
1262.656250	126.272507
1261.548828	86.717728
1260.440430	94.571411
1259.333008	105.508965
1258.224609	335.799042
1257.115234	86.989853
1256.006836	143.671722
1254.897461	84.722794
1253.788086	37.678596
1252.678711	103.955460
1251.569336	-67.382813
1250.458984	85.495209
1249.349609	-13.212996
1248.239258	-123.053841
1247.127930	119.738663
1246.017578	98.043549
1244.906250	130.567413
1243.794922	-38.310596
1242.683594	41.288734
1241.571289	168.789703
1240.459961	-217.196259
1239.347656	-56.062138
1238.234375	-36.898392
1237.122070	-27.439318
1236.008789	124.967056
1234.896484	33.103058
1233.782227	-37.272781
1232.668945	-22.123363
1231.555664	-56.809528
1230.441406	-85.802490
1229.327148	-44.290470
1228.211914	-13.762281
1227.097656	34.875080
1225.982422	45.099663
1224.867188	-97.816734
1223.751953	-105.363937
1222.635742	-29.975172
1221.520508	131.999405
1220.404297	-53.836327
1219.287109	235.403717
1218.170898	199.284561
1217.053711	-58.012909
1215.936523	150.430786
1214.819336	63.364140
1213.702148	37.508297
1212.583984	64.408386
1211.465820	-97.188850
1210.347656	-85.255600
1209.229492	-64.193710
1208.110352	-77.079285
1206.992188	-57.597576
1205.873047	-37.418850
1204.752930	28.994394
1203.633789	-33.643436
1202.513672	-64.748917
1201.393555	-0.605166
1200.273438	114.777611
1199.152344	89.920708
1198.032227	-155.754929
1196.911133	-50.817638
1195.790039	-72.894035
1194.667969	22.292866
1193.545898	-66.680298
1192.424805	-33.481789
1191.301758	-11.943245
1190.179688	-153.458344
1189.056641	-66.596107
1187.933594	-32.499310
1186.810547	-121.877251
1185.687500	-250.122818
1184.563477	-101.807098
1183.440430	-185.090607
1182.316406	-124.796913
1181.191406	-78.358116
1180.067383	-60.961655
1178.942383	-121.250793
1177.817383	-23.920389
1176.692383	-75.458946
1175.566406	-16.434099
1174.440430	54.947815
1173.314453	39.274502
1172.188477	34.945206
1171.062500	164.450012
1169.935547	173.109650
1168.808594	256.834381
1167.681641	199.033325
1166.553711	10.300413
1165.426758	29.002016
1164.298828	0.600544
1163.170898	-3.885841
1162.041992	-32.733555
1160.914063	81.723289
1159.785156	-51.951927
1158.656250	-27.406689
1157.526367	-2.440153
1156.397461	-60.155231
1155.267578	-40.920818
1154.137695	28.674599
1153.006836	-44.668438
1151.876953	-29.627275
1150.746094	-117.801933
1149.615234	-51.216022
1148.484375	91.067085
1147.352539	33.920406
1146.220703	-7.415698
1145.088867	17.694677
1143.957031	-81.696533
1142.825195	112.044647
1141.692383	59.867004
1140.559570	233.852264
1139.426758	67.542656
1138.292969	206.120117
1137.159180	130.076859
1136.025391	25.594812
1134.891602	31.016075
1133.757813	33.168110
1132.623047	61.636715
1131.488281	306.427399
1130.353516	325.706512
1129.217773	352.089905
1128.083008	358.325470
1126.947266	377.240143
1125.811523	398.997192
1124.674805	288.844910
1123.539063	269.142456
1122.402344	277.096863
1121.265625	426.914825
1120.127930	308.340393
1118.990234	425.003418
1117.853516	254.202148
1116.714844	269.413116
1115.577148	298.188293
1114.439453	223.669998
1113.300781	306.382904
1112.162109	538.178345
1111.022461	337.559387
1109.883789	304.402588
1108.744141	475.558075
1107.604492	510.183289
1106.463867	381.560242
1105.324219	395.156281
1104.183594	576.604919
1103.042969	474.127563
1101.902344	472.512115
1100.760742	364.823273
1099.619141	452.605164
1098.477539	631.219910
1097.335938	701.207397
1096.193359	519.137878
1095.051758	583.377380
1093.909180	601.171692
1092.765625	652.489197
1091.623047	524.097107
1090.479492	537.609680
1089.335938	405.677765
1088.192383	541.561096
1087.047852	540.361267
1085.903320	540.039001
1084.758789	514.976196
1083.614258	676.338928
1082.469727	424.328491
1081.324219	377.891663
1080.178711	517.868774
1079.033203	556.978699
1077.886719	465.570282
1076.740234	484.879730
1075.593750	247.099594
1074.447266	486.334595
1073.300781	546.026306
1072.153320	455.509552
1071.005859	496.317963
1069.858398	552.486938
1068.709961	577.238708
1067.561523	322.908081
1066.413086	555.762939
1065.264648	526.465698
1064.116211	430.927887
1062.966797	461.580170
1061.817383	465.642761
1060.667969	436.804565
1059.517578	527.536011
1058.368164	376.824127
1057.217773	323.506714
1056.067383	340.845703
1054.916016	417.600220
1053.764648	469.596802
1052.613281	270.786163
1051.461914	347.107330
1050.310547	523.584229
1049.158203	492.360291
1048.005859	582.549866
1046.853516	620.271667
1045.700195	752.269409
1044.547852	976.518250
1043.394531	878.997253
1042.240234	1026.121704
1041.086914	882.620300
1039.932617	796.059509
1038.778320	849.567139
1037.624023	801.536499
1036.469727	793.360901
1035.314453	768.814514
1034.159180	787.294312
1033.003906	811.893799
1031.847656	976.687744
1030.692383	918.531738
1029.536133	1013.107666
1028.378906	878.791077
1027.222656	783.247620
1026.065430	707.359985
1024.908203	683.212402
1023.750977	733.615356
1022.593750	577.780518
1021.435547	699.553528
1020.277344	534.502502
1019.119141	652.480896
1017.959961	406.239136
1016.800781	597.469849
1015.641602	479.343781
1014.482422	208.397079
1013.323242	401.671661
1012.163086	250.923569
1011.002930	255.764740
1009.842773	464.745941
1008.681641	437.596588
1007.520508	565.308777
1006.359375	405.284912
1005.198242	355.197845
1004.037109	610.387512
1002.875000	414.162964
1001.712891	740.286377
1000.550781	405.433533
999.387695	305.512085
998.224609	292.399567
997.061523	324.002319
995.898438	369.346802
994.734375	120.059113
993.571289	173.406860
992.407227	371.946716
991.242188	194.310471
990.078125	278.268097
988.913086	459.826111
987.748047	354.458466
986.583008	250.511032
985.416992	466.594788
984.250977	298.368439
983.084961	175.656418
981.918945	327.070221
980.751953	23.855299
979.584961	393.660004
978.417969	262.964935
977.250977	178.737122
976.083008	375.159302
974.915039	393.602722
973.747070	138.907410
972.579102	306.307922
971.410156	359.636261
970.242188	107.276901
969.072266	41.050365
967.903320	124.236145
966.733398	206.331726
965.563477	205.317169
964.393555	245.986633
963.223633	433.593292
962.052734	264.984344
960.881836	289.653748
959.710938	413.312653
958.540039	304.810883
957.368164	521.263062
956.196289	437.959259
955.024414	388.383057
953.851563	618.347168
952.679688	287.892822
951.506836	347.228180
950.333984	123.935463
949.160156	122.550941
947.986328	307.053375
946.812500	16.843338
945.638672	60.938637
944.464844	44.581654
943.290039	134.433456
942.115234	30.278610
940.940430	-44.789902
939.764648	154.386932
938.588867	144.933609
937.413086	140.368881
936.237305	136.009308
935.060547	-161.661987
933.883789	76.157333
932.707031	-50.679066
931.530273	-111.234512
930.352539	182.370499
929.175781	32.525826
927.998047	178.265671
926.819336	344.210236
925.641602	270.789459
924.462891	159.155655
923.284180	111.205963
922.104492	205.778702
920.924805	180.702728
919.746094	183.447495
919.551758	229.853851
918.386719	385.322723
917.220703	230.451416
916.054688	362.953522
914.887695	203.049072
913.721680	177.904449
912.554688	25.709673
911.387695	97.143143
910.220703	-80.385979
909.052734	222.132263
907.885742	-89.926697
906.717773	37.304756
905.548828	-86.776970
904.380859	-12.887293
903.211914	66.049370
902.042969	-225.368698
900.874023	5.737293
899.704102	51.668240
898.535156	-24.094082
897.365234	-16.184086
896.194336	-48.811890
895.024414	22.444653
893.853516	146.871033
892.682617	248.462875
891.511719	96.841057
890.340820	3.509240
889.168945	-3.725881
887.997070	72.551163
886.825195	80.505127
885.653320	65.704079
884.480469	139.428329
883.307617	-178.732941
882.134766	-6.381602
880.961914	59.772011
879.788086	-270.766205
878.614258	-75.719696
877.440430	61.174854
876.266602	6.123061
875.091797	130.357361
873.916992	135.928650
872.742188	-75.508286
871.567383	121.889847
870.391602	246.077133
869.215820	37.329941
868.040039	40.492451
866.864258	76.446922
865.687500	-13.611325
864.510742	4.746263
863.333984	98.699745
862.157227	-89.479042
860.979492	44.796810
859.802734	-80.300797
858.625000	58.999268
857.446289	-159.120041
856.268555	-100.334663
855.089844	69.148087
853.911133	-191.526779
852.731445	-155.325058
851.552734	-159.344803
850.373047	-138.196579
849.193359	-46.663246
848.013672	-35.547424
846.833008	111.249527
845.652344	315.780548
844.471680	181.247879
843.291016	119.604652
842.110352	70.562813
840.928711	249.942673
839.747070	359.021606
838.564453	232.278122
837.382813	173.327301
836.200195	172.102798
835.017578	238.593704
833.834961	159.705154
832.651367	-14.348964
831.467773	134.897858
830.284180	-76.603386
829.100586	-320.551178
827.916992	-156.234772
826.732422	-82.080956
825.547852	-115.557983
824.363281	-108.959122
823.177734	-124.852730
821.992188	-128.210129
820.806641	-124.040482
819.621094	-92.347084
818.434570	34.351486
817.249023	-38.926422
816.062500	-107.152145
814.875000	-257.767517
813.688477	-131.055099
812.500977	-64.305573
811.313477	-67.471054
810.125977	-103.066757
808.937500	-66.252899
807.749023	-26.939735
806.560547	4.889687
805.372070	-107.937141
804.182617	123.420494
802.994141	-31.735487
801.803711	67.436760
800.614258	-85.118935
799.424805	-95.581436
798.234375	155.534439
797.043945	157.506622
795.852539	10.091760
794.662109	-109.870430
793.470703	146.062851
792.279297	110.750473
791.087891	100.338005
789.895508	52.629902
788.703125	-77.121521
787.510742	141.279083
786.318359	14.057312
785.125000	142.886658
783.931641	207.057465
782.738281	181.765945
781.544922	77.003242
780.350586	165.982834
779.156250	-18.182772
777.961914	202.333435
776.767578	214.286194
775.572266	198.937714
774.376953	362.199280
773.181641	140.954437
771.986328	83.451057
770.790039	301.152405
769.593750	47.806595
768.397461	79.539368
767.201172	-12.637853
766.003906	318.796661
764.806641	115.132088
763.609375	136.857315
762.412109	366.501312
761.213867	93.596405
760.015625	11.321409
758.817383	67.602669
757.618164	183.201935
756.419922	175.072983
755.220703	537.794312
754.021484	373.807495
752.821289	444.648468
751.621094	275.748016
750.420898	341.571503
749.220703	315.946533
748.020508	413.764221
746.819336	341.154053
745.618164	478.343842
744.416992	311.890594
743.214844	426.741119
742.012695	373.756042
740.810547	212.228699
739.608398	489.630219
738.406250	761.935608
737.203125	1006.966370
736.000000	921.635010
734.795898	1518.736572
733.592773	1755.902832
732.388672	2084.032715
731.184570	2150.976807
729.979492	2271.989746
728.775391	1996.642700
727.570313	1836.998047
726.365234	1377.219238
725.160156	1116.793091
723.954102	986.739624
722.748047	1095.150757
721.541992	937.972839
720.334961	1078.150757
719.128906	903.692261
717.921875	618.687744
716.714844	741.417603
715.506836	699.499146
714.298828	561.770691
713.090820	492.739258
711.882813	524.261658
710.674805	543.415283
709.465820	569.831848
708.256836	525.024719
707.047852	666.485352
705.837891	489.115662
704.627930	507.790649
703.417969	411.193207
702.208008	341.483826
700.998047	305.991974
699.787109	378.159241
698.576172	330.225189
697.364258	526.980896
696.153320	376.033752
694.941406	330.250580
693.729492	646.415283
692.516602	641.945557
691.304688	845.203491
690.091797	630.217285
688.878906	723.168701
687.665039	891.714355
686.451172	715.583191
685.237305	747.026672
684.023438	753.909424
682.809570	709.390259
681.594727	535.382202
680.379883	473.584320
679.165039	536.124268
677.949219	466.769165
676.733398	521.700073
675.517578	610.609985
674.301758	713.975098
673.084961	544.156067
671.869141	691.078003
670.651367	581.965759
669.434570	460.577362
668.216797	507.140778
667.000000	750.768677
665.781250	636.286133
664.563477	825.942993
663.344727	905.866638
662.125977	713.124512
660.907227	1101.645264
659.688477	845.411133
658.468750	929.515259
657.249023	840.840881
656.029297	900.297241
654.808594	864.806152
653.587891	625.112732
652.367188	788.536438
651.146484	866.742493
649.924805	689.838806
648.704102	838.100342
647.482422	944.879333
646.259766	908.299744
645.037109	718.753357
643.815430	972.933289
642.591797	1071.653320
641.369141	971.389648
640.145508	783.747070
638.921875	671.132813
637.698242	694.064148
636.474609	721.662781
635.250000	988.810791
634.025391	877.990479
632.800781	769.468079
631.575195	1006.882446
630.349609	859.320740
629.124023	808.411743
627.898438	747.678894
626.671875	1071.255615
625.445313	809.494507
624.218750	755.532349
622.992188	674.841919
621.764648	758.290710
620.537109	612.068054
619.309570	714.472900
618.081055	785.269104
616.852539	749.653259
615.624023	627.000793
614.395508	649.002502
613.166992	596.042725
611.937500	545.340881
610.708008	460.732239
609.477539	496.524872
608.248047	336.908112
607.017578	729.026855
605.787109	361.888916
604.555664	418.677155
603.325195	460.834045
602.093750	428.161896
600.861328	412.181915
599.629883	446.596283
598.397461	437.514374
597.165039	452.333862
595.932617	447.746460
594.699219	103.935440
593.465820	274.603760
592.232422	226.313370
590.999023	423.009125
589.764648	275.883789
588.530273	289.611755
587.295898	557.754211
586.061523	431.855804
584.826172	581.920654
583.590820	498.971497
582.355469	756.650757
581.119141	419.106934
579.882813	470.128815
578.646484	576.147217
577.410156	571.699280
576.172852	665.386536
574.935547	643.870422
573.698242	298.778259
572.460938	475.917969
571.222656	387.006073
569.984375	87.299431
568.746094	295.114960
567.506836	165.239365
566.267578	135.807892
565.028320	175.655182
563.789063	98.173576
562.548828	147.348892
561.309570	222.710846
560.068359	142.541351
558.828125	241.558365
557.586914	204.232559
556.345703	221.771500
555.104492	24.266102
553.863281	-41.913361
552.621094	106.695313
551.378906	274.254272
550.136719	143.379974
548.893555	325.008240
547.650391	170.167755
546.407227	22.479004
545.164063	203.812561
543.919922	32.204811
542.675781	210.943542
541.431641	84.565430
540.186523	241.658630
538.941406	58.057056
537.696289	3.072887
536.451172	133.762466
535.205078	235.785263
533.959961	37.910435
532.712891	156.487000
531.466797	-38.975079
530.219727	-65.544296
528.972656	86.199600
527.725586	-9.353876
526.478516	-24.072020
525.230469	-60.189816
523.982422	-134.303528
522.734375	-149.007950
521.485352	-339.430603
520.236328	-154.667740
518.987305	-323.625641
517.737305	-6.041181
516.488281	-212.882263
515.238281	12.078701
513.988281	-42.864971
512.737305	177.266769
511.486328	138.958572
510.235352	316.372406
508.984375	261.547211
507.732422	164.138901
506.480469	147.348663
505.228516	-56.444809
503.976563	50.036545
502.723633	111.550278
501.470703	-63.534756
500.217773	50.159969
498.963867	-119.978058
497.709961	-88.954308
496.456055	178.569534
495.202148	-5.431541
493.947266	4.513007
492.692383	66.524147
491.437500	-17.862799
490.181641	178.925278
488.926758	-89.436302
487.670898	-152.203827
486.414063	-7.147719
485.158203	-88.573898
483.901367	113.244949
482.644531	36.755596
481.386719	106.614090
480.128906	-155.880692
478.871094	-227.209045
477.613281	-65.069229
476.355469	125.398018
475.096680	59.124985
473.837891	318.024628
472.578125	0.032044
471.319336	-2.223747
470.059570	169.813385
468.799805	205.424454
467.539063	99.982819
466.278320	84.100967
465.017578	0.163023
463.756836	97.431808
462.495117	-96.694283
461.233398	-39.141125
459.971680	-129.504929
458.709961	3.468431
457.447266	-77.215698
456.184570	-47.374207
454.921875	69.444542
453.658203	174.596008
452.394531	24.052246
451.130859	-44.191010
449.867188	-145.121689
448.602539	101.168648
447.337891	279.474640
446.073242	45.267448
444.807617	17.490902
443.542969	184.308990
442.276367	273.835968
441.010742	23.836847
439.744141	66.713943
438.478516	477.199463
437.210938	164.361130
435.944336	-12.542322
434.676758	306.654022
433.409180	76.114906
432.141602	-84.120483
430.873047	8.246530
429.604492	201.117462
428.335938	153.224472
427.067383	271.254333
425.797852	305.137665
424.528320	-13.645998
423.258789	-3.087202
421.988281	30.777258
420.717773	1.570792
419.447266	53.992626
418.175781	-24.322994
416.905273	158.549408
415.633789	-50.513966
414.362305	178.700272
413.089844	72.037498
411.817383	35.189442
410.544922	37.806072
409.272461	140.406815
407.999023	219.470551
406.725586	226.107559
405.452148	78.869339
404.177734	64.088432
402.903320	225.875336
401.628906	105.808502
400.354492	-0.574424
399.079102	18.299160
397.803711	-125.942154
396.528320	-54.358925
395.251953	-66.898651
393.976563	-19.467079
392.700195	27.453598
391.422852	-0.481196
390.145508	163.763672
388.869141	-81.163681
387.590820	-50.443710
386.313477	0.521629
385.035156	34.541931
383.756836	-147.850601
382.478516	37.773758
381.199219	350.022736
379.919922	135.189499
378.640625	33.133968
377.360352	46.038532
376.080078	-69.400108
374.799805	45.795521
373.519531	9.418072
372.238281	94.636032
370.957031	39.836365
369.675781	74.117401
368.394531	53.954109
367.112305	-108.578964
365.830078	-45.778522
364.546875	101.111549
363.264648	8.470263
361.981445	-97.213806
360.698242	42.775486
359.414063	-8.341797
358.129883	-141.943176
356.845703	-129.481125
355.561523	-123.454567
354.276367	120.647423
352.991211	138.896042
351.706055	173.567535
350.420898	102.351509
349.134766	84.290604
347.848633	121.617966
346.561523	110.464745
345.275391	-9.034997
343.988281	39.451054
342.700195	317.906097
341.413086	96.262543
340.125000	-1.469574
338.836914	56.812771
337.548828	321.541565
336.259766	97.631882
334.970703	34.004025
333.681641	-55.817932
332.391602	-126.005150
331.101563	44.058125
329.811523	297.837341
328.521484	-86.282509
327.230469	-159.368744
325.939453	-36.492367
324.648438	-50.835274
323.356445	229.058655
322.064453	70.821510
320.772461	241.013641
319.480469	-56.762238
318.187500	-58.662781
316.894531	106.672646
315.601563	170.760330
314.307617	-370.849304
313.013672	-172.617935
311.719727	-179.114166
310.425781	-55.919209
309.130859	-130.885712
307.835938	1.346438
306.541016	173.376144
305.245117	-31.648611
303.949219	-4.874401
302.653320	54.356300
301.356445	70.221741
300.060547	349.290649
298.763672	511.399719
