1999.946289	33.595375
1998.981445	-138.572922
1998.017578	-69.882156
1997.052734	-18.690210
1996.088867	141.368500
1995.124023	16.369078
1994.159180	-19.544855
1993.193359	226.732956
1992.228516	56.860996
1991.262695	45.363419
1990.296875	95.629349
1989.331055	88.853645
1988.365234	47.337612
1987.398438	77.464943
1986.432617	-184.344955
1985.465820	-161.807724
1984.499023	157.278732
1983.532227	43.606155
1982.565430	127.579163
1981.597656	70.597282
1980.629883	48.130474
1979.662109	-6.524180
1978.694336	59.755585
1977.726563	123.458199
1976.758789	29.073053
1975.790039	188.849564
1974.821289	-58.657982
1973.852539	-56.972984
1972.883789	169.101822
1971.915039	25.092789
1970.945313	117.777130
1969.975586	-169.291595
1969.005859	68.683372
1968.036133	94.570053
1967.066406	73.570427
1966.096680	-70.655556
1965.125977	-5.533365
1964.155273	-56.231884
1963.184570	45.679272
1962.213867	164.728104
1961.242188	42.487831
1960.271484	264.737671
1959.299805	-12.572952
1958.328125	-36.473118
1957.356445	77.311142
1956.384766	-40.126892
1955.412109	51.398827
1954.439453	130.558548
1953.467773	35.164276
1952.495117	13.476100
1951.521484	-91.767448
1950.548828	-15.256227
1949.575195	12.076187
1948.601563	-49.023689
1947.627930	-21.764566
1946.654297	125.711212
1945.680664	32.624573
1944.706055	-55.551022
1943.732422	111.380600
1942.757813	82.024300
1941.783203	109.047554
1940.807617	-38.026569
1939.833008	57.588070
1938.857422	111.481377
1937.881836	135.929245
1936.906250	-3.786091
1935.930664	-74.891220
1934.955078	40.119675
1933.978516	-126.493340
1933.001953	-43.377235
1932.025391	-153.658096
1931.048828	-26.557716
1930.072266	195.894440
1929.094727	269.037354
1928.118164	175.836075
1927.140625	-51.828213
1926.163086	-110.737259
1925.184570	40.569843
1924.207031	74.506409
1923.228516	-25.965500
1922.250000	32.377213
1921.271484	-26.547821
1920.292969	-68.365959
1919.314453	-161.449646
1918.334961	-210.567657
1917.355469	-152.288956
1916.375977	-201.404984
1915.396484	61.772301
1914.416992	-11.770290
1913.436523	173.219849
1912.457031	31.401081
1911.476563	21.274164
1910.496094	72.083527
1909.515625	57.071777
1908.534180	15.258976
1907.552734	73.338737
1906.572266	16.920683
1905.590820	162.639206
1904.608398	157.349136
1903.626953	40.084709
1902.644531	-6.556825
1901.663086	-38.582264
1900.680664	-19.505741
1899.698242	276.858429
1898.714844	101.309448
1897.732422	93.602173
1896.749023	316.846436
1895.765625	53.888031
1894.782227	31.613850
1893.798828	-31.956400
1892.814453	140.132645
1891.831055	57.138683
1890.846680	187.867767
1889.862305	136.459549
1888.877930	70.506882
1887.892578	113.794197
1886.908203	-129.260757
1885.922852	207.603119
1884.937500	141.693359
1883.952148	-23.621830
1882.965820	-128.255356
1881.980469	-82.545403
1880.994141	4.354057
1880.007813	-37.214367
1879.021484	-52.113972
1878.035156	56.538029
1877.047852	182.104065
1876.061523	-91.924057
1875.074219	26.363127
1874.086914	-85.350060
1873.098633	-80.853546
1872.111328	155.935211
1871.123047	-4.120223
1870.135742	160.004074
1869.147461	178.966553
1868.158203	231.772980
1867.169922	98.418892
1866.180664	54.543236
1865.192383	114.595634
1864.203125	46.574390
1863.213867	-35.915409
1862.223633	108.649704
1861.234375	134.841400
1860.244141	-32.118439
1859.253906	220.985611
1858.263672	268.859406
1857.273438	94.727333
1856.282227	-40.742672
1855.291992	154.281769
1854.300781	52.610405
1853.309570	122.162697
1852.317383	295.342896
1851.326172	200.926727
1850.333984	99.313713
1849.342773	94.106720
1848.350586	50.357624
1847.357422	40.337631
1846.365234	56.805824
1845.372070	29.928318
1844.379883	-66.745758
1843.386719	103.738747
1842.393555	57.604980
1841.399414	11.481701
1840.406250	8.665130
1839.412109	80.390640
1838.417969	-21.026840
1837.423828	55.471943
1836.429688	107.900330
1835.434570	44.961246
1834.440430	217.481232
1833.445313	209.775635
1832.450195	24.348875
1831.454102	103.104996
1830.458984	28.181124
1829.462891	135.691376
1828.466797	-8.823695
1827.470703	232.994934
1826.474609	-14.655845
1825.478516	30.381828
1824.481445	75.390831
1823.484375	-83.416374
1822.487305	146.146378
1821.490234	-43.795319
1820.493164	63.445675
1819.495117	185.005692
1818.498047	14.287707
1817.500000	114.230751
1816.500977	-56.439022
1815.502930	153.570099
1814.504883	-62.547981
1813.505859	-24.943119
1812.506836	101.154869
1811.507813	208.053223
1810.508789	173.788681
1809.508789	-142.641235
1808.508789	66.991730
1807.508789	54.232124
1806.508789	12.781718
1805.508789	-133.804199
1804.508789	-5.627562
1803.507813	-92.481964
1802.506836	157.386337
1801.505859	-72.759346
1800.504883	-30.707476
1799.502930	-196.333755
1798.501953	-63.640831
1797.500000	-28.836786
1796.498047	-132.415802
1795.496094	-23.724915
1794.493164	-129.696564
1793.491211	26.584782
1792.488281	-17.430958
1791.485352	-190.139221
1790.482422	32.704777
1789.478516	2.931180
1788.475586	35.070000
1787.471680	7.638339
1786.467773	25.425457
1785.463867	45.561871
1784.459961	-143.767212
1783.455078	-38.002258
1782.450195	46.284760
1781.445313	-157.290283
1780.440430	-161.056793
1779.435547	70.535667
1778.429688	-71.207382
1777.424805	-15.655766
1776.418945	-62.335854
1775.413086	-21.121170
1774.406250	62.802486
1773.400391	-2.954972
1772.393555	47.630653
1771.386719	43.562912
1770.379883	3.862030
1769.373047	101.786507
1768.365234	147.440430
1767.358398	31.735830
1766.350586	-95.817078
1765.342773	73.060844
1764.334961	-35.550583
1763.326172	121.331497
1762.318359	55.345036
1761.309570	8.303665
1760.300781	-22.169548
1759.291016	72.868118
1758.282227	73.111519
1757.272461	-68.746063
1756.262695	19.040657
1755.252930	-54.184795
1754.243164	64.257042
1753.233398	80.884521
1752.222656	-34.999481
1751.211914	132.926682
1750.201172	-56.297165
1749.190430	-61.085262
1748.179688	156.276077
1747.167969	-153.480743
1746.156250	94.454414
1745.144531	148.548172
1744.132813	60.871639
1743.121094	114.874870
1742.108398	10.632911
1741.095703	-39.316380
1740.083008	26.358883
1739.070313	-7.134401
1738.057617	34.840355
1737.043945	-55.331402
1736.030273	24.287809
1735.016602	113.268188
1734.002930	-7.629633
1732.989258	17.607920
1731.974609	-23.188543
1730.959961	91.487999
1729.945313	-192.009018
1728.930664	125.115257
1727.916016	-10.016205
1726.900391	83.219048
1725.885742	84.584671
1724.870117	27.073664
1723.853516	94.242508
1722.837891	-57.425159
1721.822266	176.645203
1720.805664	-24.446579
1719.789063	-51.524078
1718.772461	76.507423
1717.754883	-61.121506
1716.738281	-20.156239
1715.720703	-80.270416
1714.703125	92.130600
1713.685547	-106.616280
1712.667969	35.118877
1711.649414	-13.389608
1710.630859	85.941345
1709.612305	-58.848167
1708.593750	-69.894829
1707.575195	-27.027674
1706.555664	46.265762
1705.536133	51.491631
1704.516602	23.856056
1703.497070	-27.249269
1702.477539	127.844688
1701.457031	-31.121244
1700.437500	-37.800339
1699.416992	39.793827
1698.395508	-9.134630
1697.375000	159.648941
1696.354492	94.256409
1695.333008	213.724350
1694.311523	21.912891
1693.290039	176.360275
1692.267578	-87.960518
1691.246094	-76.276283
1690.223633	40.569736
1689.201172	35.778694
1688.178711	171.177933
1687.155273	-37.008739
1686.132813	247.792084
1685.109375	-98.216309
1684.085938	81.314934
1683.062500	15.579373
1682.039063	234.629974
1681.014648	-22.576223
1679.990234	149.645737
1678.965820	433.752136
1677.941406	97.235405
1676.916992	283.216888
1675.891602	189.279510
1674.866211	202.579086
1673.840820	402.303406
1672.815430	247.698792
1671.790039	128.066360
1670.763672	343.884369
1669.737305	98.436790
1668.710938	165.077423
1667.684570	217.689407
1666.658203	235.331619
1665.630859	259.909027
1664.603516	265.829742
1663.576172	27.449602
1662.548828	307.799194
1661.520508	364.761871
1660.493164	412.374695
1659.464844	355.327820
1658.436523	205.307922
1657.408203	169.172806
1656.378906	186.448288
1655.350586	426.673676
1654.321289	585.491028
1653.291992	507.388916
1652.261719	475.709595
1651.232422	562.387024
1650.202148	628.110962
1649.171875	505.858490
1648.141602	518.161194
1647.111328	648.708008
1646.080078	681.785339
1645.049805	768.148804
1644.018555	1009.737854
1642.987305	762.248535
1641.955078	948.082336
1640.923828	985.572266
1639.891602	842.369568
1638.859375	1213.248413
1637.827148	998.240601
1636.794922	922.171692
1635.761719	1112.236084
1634.729492	1075.462524
1633.696289	1091.880859
1632.662109	1101.326538
1631.628906	1140.814453
1630.594727	888.953796
1629.561523	1203.496826
1628.527344	1305.274170
1627.493164	1305.325928
1626.458008	1504.027100
1625.423828	1635.656494
1624.388672	1730.263428
1623.353516	1810.963135
1622.318359	1845.447754
1621.282227	1515.245361
1620.247070	2006.620483
1619.210938	1805.677979
1618.174805	1796.244019
1617.137695	1719.916260
1616.101563	1668.972778
1615.064453	1597.283203
1614.027344	1749.172852
1612.990234	1638.297485
1611.953125	1833.870728
1610.916016	1870.420288
1609.877930	1876.999878
1608.839844	1936.525879
1607.801758	1913.145264
1606.763672	2030.164185
1605.724609	1981.438232
1604.685547	1902.815186
1603.646484	2171.559326
1602.607422	2003.223267
1601.568359	1943.018188
1600.528320	2110.420654
1599.489258	2020.329468
1598.449219	1962.435791
1597.408203	2207.838135
1596.368164	1701.981812
1595.327148	1798.049561
1594.287109	1965.268188
1593.246094	1852.328247
1592.204102	1874.850342
1591.163086	1989.168823
1590.121094	1952.002319
1589.079102	1972.203003
1588.037109	1941.939453
1586.995117	2081.382080
1585.953125	1833.313965
1584.910156	1855.821777
1583.867188	1665.192017
1582.824219	1703.775146
1581.781250	1751.513062
1580.737305	1865.654785
1579.693359	1682.063965
1578.649414	1809.928711
1577.605469	1901.126587
1576.561523	1900.754150
1575.516602	1868.351318
1574.472656	1588.903320
1573.427734	1682.398071
1572.381836	1661.520874
1571.336914	1576.652100
1570.291016	1640.409790
1569.246094	1619.601196
1568.200195	1710.775757
1567.153320	1536.911743
1566.107422	1429.378906
1565.060547	1413.247437
1564.013672	1641.446899
1562.966797	1666.406982
1561.919922	1807.775513
1560.872070	1346.680908
1559.825195	1561.104004
1558.777344	1351.191406
1557.729492	1408.208496
1556.680664	1462.939087
1555.632813	1378.618652
1554.583984	1465.290405
1553.535156	1230.646606
1552.486328	1422.165527
1551.436523	1372.175781
1550.387695	1242.528809
1549.337891	1245.018188
1548.288086	1147.367310
1547.238281	938.256348
1546.187500	1220.787720
1545.136719	1155.135010
1544.086914	1137.313232
1543.035156	1253.702393
1541.984375	1313.237305
1540.933594	1238.651123
1539.881836	1082.297485
1538.830078	1078.295776
1537.778320	1003.897766
1536.725586	1063.582886
1535.673828	991.560181
1534.621094	967.281128
1533.568359	811.375916
1532.515625	748.631287
1531.461914	751.756531
1530.409180	618.791199
1529.355469	717.296692
1528.301758	627.558105
1527.247070	587.779114
1526.193359	491.384552
1525.138672	601.332703
1524.083984	591.171265
1523.029297	608.247559
1521.974609	355.788757
1520.918945	234.832581
1519.863281	372.115082
1518.807617	384.872223
1517.751953	332.028412
1516.696289	209.098923
1515.639648	323.837524
1514.583008	248.557175
1513.526367	546.543579
1512.469727	227.130402
1511.412109	384.928009
1510.355469	291.816010
1509.297852	343.425842
1508.240234	510.301575
1507.181641	394.780396
1506.124023	437.466034
1505.065430	299.532379
1504.006836	416.829895
1502.948242	276.809326
1501.888672	425.770020
1500.830078	599.552490
1499.770508	459.747131
1498.710938	430.574249
1497.650391	577.360718
1496.590820	424.293335
1495.530273	309.663055
1494.469727	228.945816
1493.409180	342.099182
1492.348633	236.749619
1491.287109	86.453888
1490.225586	44.372215
1489.164063	63.160385
1488.102539	244.075729
1487.041016	139.165619
1485.978516	185.115982
1484.916016	-58.994339
1483.853516	-37.723438
1482.791016	-133.223190
1481.727539	-30.756659
1480.664063	-36.172989
1479.600586	-21.255894
1478.537109	-388.198273
1477.473633	67.169266
1476.409180	-113.131851
1475.344727	-10.361286
1474.280273	-26.434605
1473.215820	85.363472
1472.151367	-56.289883
1471.085938	143.167099
1470.020508	49.029110
1468.955078	15.164714
1467.888672	64.533325
1466.823242	261.924438
1465.756836	96.301453
1464.690430	251.133484
1463.624023	170.991211
1462.556641	379.383240
1461.490234	207.751602
1460.422852	192.842636
1459.355469	410.141663
1458.287109	127.055000
1457.219727	103.180336
1456.151367	168.390533
1455.083008	108.721390
1454.014648	158.832413
1452.945313	154.903687
1451.876953	161.165939
1450.807617	90.059151
1449.738281	171.248581
1448.668945	18.804863
1447.598633	242.918167
1446.528320	-13.173214
1445.458008	-14.802987
1444.387695	146.709793
1443.317383	131.627106
1442.246094	314.993958
1441.174805	59.761166
1440.103516	83.260971
1439.032227	208.324677
1437.960938	222.980835
1436.888672	107.193779
1435.816406	207.671661
1434.744141	122.527992
1433.670898	153.617935
1432.598633	152.016022
1431.525391	52.334785
1430.452148	97.804436
1429.378906	-178.561172
1428.304688	-28.741488
1427.231445	-164.625671
1426.157227	25.731604
1425.083008	-118.685997
1424.007813	-45.730656
1422.933594	-62.826397
1421.858398	-27.067314
1420.783203	62.865845
1419.708008	-20.021914
1418.631836	-159.905640
1417.555664	-29.825733
1416.479492	68.286278
1415.403320	292.143372
1414.327148	241.709503
1413.250000	135.368576
1412.173828	79.044495
1411.096680	289.810730
1410.018555	256.441986
1408.941406	304.877289
1407.863281	340.380005
1406.785156	185.670624
1405.707031	321.958130
1404.628906	438.865601
1403.549805	277.727814
1402.470703	304.735565
1401.391602	270.455261
1400.312500	394.135895
1399.233398	202.905426
1398.153320	299.108734
1397.073242	397.872711
1395.993164	392.285187
1394.913086	223.426239
1393.832031	265.394958
1392.750977	204.691895
1391.669922	158.126541
1390.588867	307.180267
1389.506836	195.907608
1388.425781	116.976700
1387.343750	107.276001
1386.261719	250.558456
1385.178711	90.789001
1384.096680	488.916382
1383.013672	235.653915
1381.930664	161.301010
1380.846680	256.307343
1379.763672	332.443176
1378.679688	258.949829
1377.595703	433.258209
1376.511719	406.510712
1375.427734	340.443512
1374.342773	634.574036
1373.257813	386.297760
1372.172852	251.416183
1371.087891	526.548279
1370.001953	398.315308
1368.916992	484.613800
1367.831055	430.969818
1366.744141	384.028839
1365.658203	536.166443
1364.571289	640.899292
1363.484375	378.320282
1362.397461	767.305115
1361.310547	721.154358
1360.222656	688.562134
1359.135742	864.134460
1358.047852	1013.477844
1356.958984	845.679077
1355.871094	793.032227
1354.782227	716.638245
1353.693359	807.771973
1352.604492	857.443787
1351.515625	779.681641
1350.425781	788.659912
1349.335938	782.424377
1348.246094	591.385864
1347.156250	838.611450
1346.066406	758.694458
1344.975586	778.330078
1343.884766	886.990540
1342.793945	1129.127563
1341.702148	748.190369
1340.611328	750.949402
1339.519531	757.006653
1338.427734	668.766602
1337.334961	757.106445
1336.243164	730.779297
1335.150391	782.941589
1334.057617	707.108704
1332.964844	681.686462
1331.871094	755.526062
1330.778320	484.224579
1329.684570	560.899048
1328.590820	666.623108
1327.496094	744.807800
1326.402344	892.580872
1325.307617	742.022705
1324.212891	609.264282
1323.117188	636.361450
1322.022461	557.660095
1320.926758	659.237305
1319.831055	519.958069
1318.735352	711.191040
1317.638672	603.704285
1316.542969	487.893768
1315.446289	426.408417
1314.349609	513.247742
1313.251953	540.447571
1312.155273	560.406311
1311.057617	310.361298
1309.959961	373.615387
1308.862305	362.773529
1307.763672	588.484131
1306.665039	465.218811
1305.566406	519.066833
1304.467773	437.138000
1303.369141	469.843842
1302.269531	502.564392
1301.169922	364.796448
1300.070313	491.303070
1298.970703	483.883423
1297.870117	467.252808
1296.769531	425.623505
1295.668945	515.923584
1294.568359	394.534332
1293.466797	564.713135
1292.366211	298.629791
1291.264648	525.931702
1290.162109	550.575378
1289.060547	596.902161
1287.958008	568.446472
1286.855469	522.760010
1285.752930	457.229706
1284.650391	492.496552
1283.546875	517.719727
1282.444336	546.455811
1281.339844	534.581482
1280.236328	680.021301
1279.132813	570.002075
1278.028320	737.920471
1276.923828	801.494690
1275.819336	833.868530
1274.713867	808.825562
1273.608398	988.262634
1272.503906	988.484314
1271.397461	836.943787
1270.291992	743.471680
1269.185547	779.863647
1268.080078	695.007141
1266.972656	602.139771
1265.866211	644.408142
1264.759766	685.099976
1263.652344	629.781494
1262.544922	634.457336
1261.436523	543.180115
1260.329102	355.772156
1259.220703	492.533691
1258.112305	477.580627
1257.003906	427.213959
1255.895508	341.195587
1254.786133	382.192596
1253.676758	357.715179
1252.567383	235.836792
1251.458008	328.751038
1250.347656	334.515656
1249.237305	375.077271
1248.126953	296.757385
1247.016602	433.286682
1245.905273	346.455444
1244.793945	364.957245
1243.682617	440.875305
1242.571289	474.383636
1241.459961	423.619141
1240.347656	557.012878
1239.235352	508.228943
1238.123047	375.784180
1237.009766	531.989563
1235.897461	551.623108
1234.784180	575.440430
1233.670898	473.132843
1232.556641	418.391327
1231.443359	420.429321
1230.329102	580.731995
1229.214844	358.030701
1228.099609	348.133606
1226.985352	357.154449
1225.870117	398.185913
1224.754883	374.945648
1223.639648	343.446533
1222.523438	258.512360
1221.408203	314.505829
1220.291992	312.969940
1219.174805	279.298492
1218.058594	306.736816
1216.941406	343.445221
1215.824219	259.974243
1214.707031	216.483215
1213.589844	283.075867
1212.471680	216.398361
1211.353516	132.941620
1210.235352	189.817184
1209.117188	107.466614
1207.998047	55.975601
1206.878906	113.669991
1205.759766	15.469892
1204.640625	113.373550
1203.520508	210.242996
1202.401367	107.886978
1201.281250	-34.996994
1200.160156	-22.910677
1199.040039	36.540600
1197.918945	-30.852867
1196.797852	34.461338
1195.676758	-19.906227
1194.555664	85.655968
1193.433594	-34.345512
1192.311523	12.877120
1191.189453	9.082866
1190.066406	-50.709042
1188.944336	-113.763000
1187.821289	83.438744
1186.698242	26.717213
1185.574219	-5.507007
1184.451172	-68.598824
1183.327148	-176.113800
1182.203125	-114.394913
1181.078125	40.818211
1179.954102	18.558239
1178.829102	-150.489273
1177.704102	-155.251236
1176.579102	-138.289886
1175.453125	-128.276566
1174.327148	-33.878345
1173.201172	-98.855721
1172.075195	-257.900818
1170.949219	-101.787811
1169.822266	-148.447845
1168.695313	-68.183647
1167.568359	-160.962723
1166.440430	-79.450676
1165.313477	1.509691
1164.185547	126.265602
1163.057617	-27.690622
1161.928711	89.734138
1160.800781	95.502922
1159.671875	-70.840919
1158.541992	109.794640
1157.413086	20.777090
1156.283203	78.364487
1155.154297	115.140266
1154.023438	-118.481491
1152.893555	121.959793
1151.763672	22.722145
1150.632813	3.759787
1149.501953	208.035110
1148.370117	147.200546
1147.239258	156.605545
1146.107422	218.649323
1144.975586	127.918404
1143.843750	285.012787
1142.710938	280.414795
1141.578125	272.300934
1140.445313	277.955780
1139.312500	179.888489
1138.178711	195.966034
1137.045898	182.552246
1135.912109	261.749817
1134.777344	113.670349
1133.643555	218.963058
1132.508789	258.147461
1131.374023	183.979507
1130.239258	217.955704
1129.104492	185.645844
1127.968750	284.573792
1126.833008	287.161774
1125.697266	196.129944
1124.560547	280.579224
1123.424805	223.982849
1122.288086	150.547134
1121.151367	217.559723
1120.013672	139.057953
1118.876953	48.688240
1117.739258	-14.393214
1116.601563	150.077988
1115.462891	117.257179
1114.324219	-15.792296
1113.186523	63.920792
1112.046875	85.427658
1110.908203	58.988152
1109.769531	54.507557
1108.629883	130.768921
1107.490234	-117.946373
1106.349609	-31.985239
1105.209961	20.450302
1104.069336	10.984166
1102.928711	2.527859
1101.787109	77.052635
1100.646484	21.017057
1099.504883	-72.939713
1098.363281	112.266922
1097.221680	-36.408360
1096.079102	85.959587
1094.936523	216.840271
1093.793945	236.139587
1092.651367	292.416748
1091.507813	37.472683
1090.364258	202.549591
1089.220703	390.988953
1088.077148	137.346085
1086.933594	-35.032654
1085.789063	103.314568
1084.644531	104.140030
1083.499023	150.195496
1082.354492	50.587807
1081.208984	143.390091
1080.063477	-65.701759
1078.917969	13.845179
1077.771484	153.856659
1076.625977	29.869770
1075.479492	134.546021
1074.332031	83.816612
1073.185547	-60.471409
1072.038086	64.061874
1070.890625	185.693909
1069.743164	17.443991
1068.594727	-62.416225
1067.447266	174.086868
1066.298828	195.416641
1065.149414	303.708466
1064.000977	244.209793
1062.851563	188.944153
1061.702148	279.975677
1060.552734	273.937042
1059.402344	104.907997
1058.252930	272.692322
1057.102539	155.111816
1055.951172	234.634964
1054.800781	58.080490
1053.649414	328.613678
1052.498047	187.691696
1051.346680	167.815445
1050.194336	231.422729
1049.042969	208.031143
1047.890625	26.496809
1046.738281	120.522392
1045.584961	203.232971
1044.431641	254.342072
1043.278320	47.827187
1042.125000	166.752716
1040.971680	314.654755
1039.817383	300.045837
1038.663086	77.657387
1037.508789	98.751106
1036.353516	147.137207
1035.198242	185.621552
1034.042969	166.123108
1032.887695	77.460213
1031.732422	290.822357
1030.576172	343.113220
1029.419922	348.271851
1028.263672	209.412491
1027.106445	268.973877
1025.949219	236.120773
1024.792969	173.309265
1023.634766	138.836426
1022.477539	50.815487
1021.319336	74.166336
1020.161133	10.297296
1019.002930	53.949657
1017.843750	19.649572
1016.684570	134.508667
1015.525391	-23.628206
1014.366211	-130.052933
1013.207031	-12.155033
1012.046875	66.532784
1010.886719	172.128326
1009.726563	114.663017
1008.565430	91.179161
1007.404297	4.857280
1006.243164	162.057892
1005.082031	81.938400
1003.920898	214.345657
1002.758789	7.376395
1001.596680	218.648010
1000.433594	200.221970
999.271484	88.538353
998.108398	77.841949
996.945313	-30.136333
995.782227	-15.819118
994.618164	39.058922
993.454102	-45.235954
992.290039	-85.877335
991.125977	-2.632564
989.960938	64.445129
988.796875	-86.537094
987.630859	-67.531593
986.465820	21.269989
985.300781	19.341713
984.134766	24.527559
982.968750	-36.974014
981.801758	-62.026161
980.635742	10.247648
979.468750	-16.300125
978.301758	43.572193
977.133789	80.105736
975.966797	78.797615
974.798828	74.338737
973.630859	-27.912771
972.461914	-168.372223
971.293945	57.749935
970.125000	148.757492
968.956055	42.603508
967.786133	48.762146
966.617188	62.691368
965.447266	241.342987
964.276367	156.898834
963.106445	138.621902
961.935547	14.845538
960.764648	120.270279
959.593750	-8.461885
958.422852	-7.589848
957.250977	35.643330
956.079102	31.195246
954.907227	-128.079712
953.734375	-11.424244
952.562500	-12.924558
951.389648	-5.961532
950.215820	-14.405025
949.042969	53.222057
947.869141	-99.653343
946.695313	-21.150349
945.521484	-158.600098
944.346680	-2.610880
943.172852	54.972118
941.998047	-116.761032
940.822266	-61.241184
939.647461	-60.401134
938.471680	2.413382
937.295898	-167.681030
936.119141	-93.194313
934.943359	-172.494461
933.766602	-128.562302
932.589844	-95.932907
931.413086	-52.026722
930.235352	22.012785
929.057617	-6.268254
927.879883	24.190184
926.702148	11.042355
925.523438	39.492786
924.344727	-106.297470
923.166016	177.688629
921.987305	46.967194
920.807617	52.535053
919.627930	54.052452
919.497070	-225.618561
918.331055	-66.860023
917.165039	-31.159216
915.999023	49.870064
914.833008	-45.017342
913.666016	-22.705191
912.499023	7.114436
911.332031	-74.606354
910.165039	45.809647
908.997070	185.023468
907.830078	65.422859
906.661133	21.353186
905.493164	137.713150
904.325195	-78.177086
903.156250	85.248627
901.987305	133.491867
900.818359	-97.471313
899.648438	-43.630558
898.478516	-87.887978
897.308594	-54.880825
896.138672	-123.692146
894.968750	-5.975796
893.797852	-37.164917
892.626953	80.414215
891.456055	-188.116394
890.284180	-78.154793
889.113281	-56.740475
887.941406	-123.818489
886.768555	-85.537407
885.596680	-54.830097
884.423828	5.924135
883.250977	-6.713570
882.078125	-72.017685
880.905273	35.596207
879.731445	51.053013
878.557617	90.898346
877.383789	48.044254
876.209961	16.446239
875.035156	14.874312
873.860352	18.905436
872.685547	-3.370622
871.510742	101.937172
870.334961	47.701767
869.159180	167.906937
867.983398	77.992058
866.807617	12.462893
865.630859	166.262115
864.454102	117.557167
863.277344	78.214668
862.100586	46.356091
860.922852	111.884941
859.745117	209.197266
858.567383	151.045395
857.389648	87.276382
856.210938	311.726257
855.032227	307.779419
853.853516	294.458679
852.674805	365.286896
851.495117	621.192688
850.315430	465.656342
849.135742	426.055084
847.956055	337.858002
846.775391	197.358978
845.595703	408.095306
844.415039	254.524445
843.233398	340.010956
842.052734	330.230865
840.871094	408.161072
839.689453	297.558258
838.506836	280.270782
837.325195	276.028534
836.142578	223.279938
834.959961	362.590271
833.777344	300.488159
832.593750	404.276001
831.410156	371.971252
830.226563	520.380859
829.042969	325.976685
827.858398	247.098251
826.673828	337.672211
825.489258	415.160706
824.304688	416.294464
823.120117	121.548340
821.934570	230.613251
820.749023	293.118042
819.562500	134.284882
818.376953	198.612488
817.190430	248.028305
816.003906	284.398499
814.817383	140.505524
813.629883	154.561661
812.442383	51.587383
811.254883	60.057495
810.067383	142.773926
808.878906	141.913757
807.690430	64.953529
806.501953	134.588730
805.313477	159.661301
804.124023	127.217384
802.934570	161.526535
801.745117	-56.318344
800.555664	65.103760
799.365234	25.242270
798.175781	98.401825
796.985352	-52.615089
795.793945	50.135460
794.603516	150.981094
793.412109	151.808212
792.220703	187.787735
791.028320	59.052593
789.836914	-32.638905
788.644531	10.719677
787.452148	-8.826703
786.258789	-20.982119
785.066406	203.465912
783.873047	32.309841
782.679688	214.131760
781.485352	190.809555
780.291992	185.956635
779.097656	134.927383
777.903320	155.910324
776.708008	123.343826
775.512695	107.388138
774.318359	220.581406
773.122070	221.189911
771.926758	218.098679
770.730469	202.088699
769.534180	117.864151
768.337891	171.896652
767.141602	166.928329
765.944336	27.455051
764.747070	90.646820
763.549805	-70.875847
762.351563	-62.952080
761.154297	27.795353
759.956055	-120.768318
758.757813	-17.192801
757.558594	-127.077560
756.359375	20.573105
755.160156	-155.500198
753.960938	-70.441170
752.761719	-25.870047
751.561523	9.479355
750.361328	-15.833775
749.160156	43.352226
747.959961	155.762390
746.758789	51.434032
745.557617	-8.804592
744.356445	30.083450
743.154297	-66.857452
741.952148	-37.177937
740.750000	-44.211208
739.547852	58.778866
738.344727	62.696957
737.142578	-1.227849
735.939453	-220.930161
734.735352	142.148361
733.532227	-35.388161
732.328125	78.362511
731.124023	36.392750
729.918945	38.362968
728.714844	67.772888
727.509766	100.812698
726.303711	58.800457
725.098633	51.546501
723.892578	90.000687
722.686523	183.276550
721.480469	234.446075
720.274414	33.337105
719.067383	250.772980
717.860352	221.445404
716.653320	299.884338
715.445313	162.766602
714.238281	131.589249
713.030273	208.107513
711.821289	-82.281509
710.613281	17.929129
709.404297	110.775780
708.195313	-20.789024
706.986328	84.747093
705.776367	162.866440
704.566406	202.649490
703.356445	-52.846439
702.146484	16.070694
700.935547	110.436821
699.724609	37.177219
698.513672	253.450745
697.302734	254.784393
696.090820	106.835106
694.878906	124.522369
693.666992	123.981590
692.455078	37.920433
691.242188	64.621712
690.029297	96.738403
688.816406	146.992813
687.602539	55.431358
686.389648	225.544113
685.175781	172.098083
683.960938	329.337952
682.747070	183.218796
681.532227	220.501587
680.317383	186.945938
679.102539	133.410843
677.886719	199.616394
676.670898	233.109344
675.455078	290.133484
674.239258	183.905258
673.022461	275.294067
671.805664	312.234467
670.588867	296.573761
669.372070	197.545029
668.154297	259.733337
666.936523	180.603668
665.718750	157.600983
664.500977	194.309906
663.282227	223.724625
662.063477	238.616837
660.844727	302.310425
659.625000	174.214584
658.405273	84.111809
657.185547	163.953934
655.965820	261.801208
654.745117	52.345871
653.525391	39.884106
652.303711	72.543030
651.083008	7.625592
649.861328	27.559456
648.640625	40.226006
647.417969	38.402416
646.196289	-23.006430
644.973633	11.184728
643.750977	50.731476
642.528320	-25.194574
641.305664	-61.464767
640.082031	-63.515079
638.858398	-126.881767
637.634766	200.731796
636.410156	-42.897526
635.185547	-68.538315
633.960938	-72.602898
632.736328	22.306967
631.510742	-86.261490
630.285156	-9.476075
629.059570	-22.724678
627.833984	86.305031
626.607422	99.924835
625.380859	18.199507
624.154297	-112.073257
622.927734	-6.894569
621.700195	-2.435170
620.472656	-125.573479
619.245117	17.118126
618.016602	17.837973
616.788086	-117.935783
615.559570	-190.874115
614.331055	-145.384354
613.101563	-4.871752
611.872070	-325.478119
610.642578	-133.069672
609.413086	-26.857422
608.182617	-37.264313
606.952148	-85.351868
605.721680	-205.142548
604.491211	-151.150009
603.259766	-77.528770
602.028320	53.319035
600.796875	-16.459103
599.564453	8.611163
598.332031	-143.548950
597.099609	-4.042860
595.867188	44.124626
594.633789	52.873077
593.400391	2.564338
592.166992	25.527639
590.933594	-94.552299
589.699219	101.660004
588.464844	181.615448
587.230469	40.000759
585.995117	73.408188
584.760742	-59.287636
583.525391	32.942352
582.289063	116.159805
581.053711	-16.600245
579.817383	50.446957
578.581055	-7.426996
577.343750	125.472565
576.107422	119.220039
574.870117	54.101944
573.631836	-21.729141
572.394531	62.781887
571.156250	189.959488
569.917969	144.295273
568.679688	168.047470
567.440430	255.827591
566.202148	87.250710
564.961914	231.862427
563.722656	-7.882955
562.482422	-5.680865
561.243164	92.508858
560.001953	103.493256
558.761719	75.335426
557.520508	203.529221
556.279297	-61.020145
555.038086	100.822639
553.795898	136.462891
552.554688	49.543766
551.311523	33.621868
550.069336	214.679871
548.826172	1.699663
547.583984	40.695751
546.339844	-213.022583
545.096680	-55.258446
543.852539	93.536308
542.608398	36.622772
541.364258	130.335632
540.119141	-11.671886
538.875000	213.034103
537.628906	210.915802
536.383789	68.896255
535.137695	6.565373
533.892578	84.060341
532.645508	219.878372
531.399414	53.100948
530.152344	194.124527
528.905273	230.730087
527.658203	90.502419
526.410156	-3.737350
525.163086	243.120911
523.914063	246.018509
522.666016	180.008972
521.416992	264.120453
520.167969	302.268829
518.918945	285.660065
517.669922	239.038177
516.419922	58.308239
515.169922	230.478012
513.919922	319.660645
512.668945	336.486847
511.417969	236.934113
510.166992	142.700577
508.916016	198.291031
507.664063	218.604675
506.412109	224.808533
505.160156	192.257950
503.907227	94.560135
502.655273	51.476940
501.402344	18.961155
500.148438	44.517563
498.895508	-72.433815
497.641602	60.417233
496.387695	-170.799423
495.132813	-62.606468
493.878906	43.789120
492.624023	27.118444
491.368164	-38.743641
490.113281	14.879639
488.857422	-72.020866
487.601563	232.674866
486.344727	96.615974
485.088867	197.564087
483.832031	12.452429
482.575195	153.732971
481.317383	100.265747
480.059570	1.238017
478.801758	109.139694
477.543945	-119.536407
476.285156	195.147858
475.027344	-105.262039
473.767578	-109.505676
472.508789	26.374422
471.249023	39.638611
469.989258	112.428925
468.729492	113.445030
467.469727	-104.250183
466.208984	10.546909
464.948242	74.587517
463.686523	-18.769516
462.425781	-54.370914
461.164063	-77.712234
459.901367	5.566095
458.639648	11.956005
457.376953	37.568325
456.114258	-62.555134
454.851563	-66.588234
453.587891	-51.406761
452.324219	101.660767
451.060547	-181.545044
449.796875	-93.031273
448.532227	136.728439
447.267578	56.015633
446.002930	191.531006
444.737305	325.252930
443.471680	249.815231
442.206055	254.565857
440.940430	234.940567
439.673828	250.159668
438.407227	167.879074
437.140625	214.459106
435.873047	247.098358
434.605469	204.910431
433.337891	312.354034
432.070313	271.919983
430.801758	382.782104
429.533203	354.518433
428.264648	430.553070
426.996094	341.468231
425.726563	358.391418
424.457031	356.194153
423.186523	96.968567
421.916992	329.200684
420.646484	217.616638
419.375977	76.562073
418.104492	133.346344
416.833008	275.087311
415.561523	173.934402
414.290039	260.067200
413.017578	157.166504
411.746094	94.146141
410.472656	-46.872299
409.200195	139.571335
407.926758	370.917206
406.653320	252.310394
405.379883	466.117889
404.105469	312.807129
402.831055	349.865631
401.556641	286.488861
400.282227	311.291077
399.006836	69.664642
397.731445	284.537811
396.456055	257.211792
395.179688	380.162994
393.903320	247.226563
392.626953	185.072098
391.350586	172.922806
390.073242	95.034225
388.795898	200.059158
387.518555	73.611687
386.240234	-4.607369
384.961914	29.206667
383.683594	59.401493
382.405273	6.639973
381.125977	-108.348305
379.846680	148.879410
378.567383	90.414833
377.287109	-100.908241
376.006836	76.301689
374.726563	74.094460
373.446289	-97.090736
372.165039	-23.984486
370.883789	-126.723244
369.602539	-157.402954
368.320313	-171.146378
367.039063	-166.237534
365.755859	-79.100670
364.473633	-45.600491
363.190430	64.906075
361.907227	-96.506523
360.624023	78.569168
359.340820	-92.076950
358.056641	-87.857704
356.772461	-30.802719
355.487305	37.824142
354.202148	1.300616
352.916992	74.174332
351.631836	143.128235
350.346680	-40.556534
349.060547	54.851322
347.774414	45.127022
346.487305	-31.985229
345.200195	87.466331
343.913086	72.658951
342.625977	144.632675
341.338867	-1.531917
340.050781	82.874435
338.762695	63.882187
337.473633	95.553993
336.184570	135.072510
334.895508	112.269547
333.606445	64.790802
332.317383	54.185738
331.027344	159.028015
329.736328	-164.321472
328.446289	200.317657
327.155273	37.692444
325.864258	99.711853
324.573242	70.267372
323.281250	-84.779182
321.989258	68.221405
320.697266	186.009216
319.405273	-86.324745
318.112305	-44.056332
316.819336	49.953121
315.526367	176.882309
314.232422	12.739688
312.938477	116.751076
311.644531	-88.957863
310.349609	-139.158188
309.054688	-110.604233
307.759766	61.324371
306.464844	-84.888542
305.168945	174.302811
303.873047	-110.965569
302.577148	357.796387
301.281250	149.481232
299.984375	182.806396
