1999.946289	46.527756
1998.981445	-87.116013
1998.017578	-153.673447
1997.052734	12.568211
1996.088867	-128.656311
1995.124023	-54.473988
1994.159180	9.609694
1993.193359	85.893990
1992.228516	-43.504379
1991.262695	-143.301819
1990.296875	98.320839
1989.331055	124.428986
1988.365234	39.051865
1987.398438	121.764832
1986.432617	-47.949635
1985.465820	-29.818848
1984.499023	64.806023
1983.532227	-45.888832
1982.565430	1.485841
1981.597656	196.962280
1980.629883	103.213127
1979.662109	66.181183
1978.694336	-54.919292
1977.726563	83.144470
1976.758789	11.219431
1975.790039	-80.537216
1974.821289	10.226336
1973.852539	-39.780785
1972.883789	90.186646
1971.915039	42.433361
1970.945313	-89.241631
1969.975586	-82.915878
1969.005859	34.221085
1968.036133	111.785355
1967.066406	61.099037
1966.096680	108.872856
1965.125977	-79.912415
1964.155273	63.719730
1963.184570	22.552183
1962.213867	15.771091
1961.242188	63.049076
1960.271484	-66.947762
1959.299805	-64.129791
1958.328125	-24.500641
1957.356445	115.861000
1956.384766	2.826599
1955.412109	-90.580383
1954.439453	128.127823
1953.467773	93.554512
1952.495117	132.626770
1951.521484	38.952965
1950.548828	38.571556
1949.575195	-173.071396
1948.601563	-153.919479
1947.627930	-31.747068
1946.654297	-12.771882
1945.680664	99.372284
1944.706055	-139.429016
1943.732422	117.280472
1942.757813	59.910412
1941.783203	-9.764737
1940.807617	-10.838317
1939.833008	-48.741379
1938.857422	106.903877
1937.881836	-41.395527
1936.906250	28.322056
1935.930664	225.314148
1934.955078	-57.797508
1933.978516	-17.683039
1933.001953	88.447945
1932.025391	-16.000647
1931.048828	-140.045837
1930.072266	-53.702740
1929.094727	79.023148
1928.118164	20.884529
1927.140625	104.526985
1926.163086	58.511654
1925.184570	-2.212211
1924.207031	90.991272
1923.228516	69.263229
1922.250000	-1.369228
1921.271484	203.962387
1920.292969	-69.465233
1919.314453	-127.992645
1918.334961	-101.119370
1917.355469	-267.118896
1916.375977	-237.899231
1915.396484	49.863110
1914.416992	127.687828
1913.436523	17.640482
1912.457031	5.115811
1911.476563	-12.337380
1910.496094	-176.083176
1909.515625	-256.964233
1908.534180	-28.436844
1907.552734	-187.380600
1906.572266	-19.945417
1905.590820	130.323044
1904.608398	-94.463051
1903.626953	-0.331982
1902.644531	-142.369812
1901.663086	148.726425
1900.680664	-115.037788
1899.698242	95.563721
1898.714844	155.245895
1897.732422	30.061069
1896.749023	38.572872
1895.765625	12.997869
1894.782227	-107.398407
1893.798828	129.360489
1892.814453	-127.163239
1891.831055	9.820623
1890.846680	64.129883
1889.862305	-107.428787
1888.877930	189.512619
1887.892578	-229.672501
1886.908203	-102.787193
1885.922852	99.197685
1884.937500	140.959152
1883.952148	20.163977
1882.965820	20.586647
1881.980469	-12.982633
1880.994141	106.096039
1880.007813	79.672752
1879.021484	99.235550
1878.035156	65.438484
1877.047852	87.295898
1876.061523	116.355446
1875.074219	121.128410
1874.086914	26.595055
1873.098633	-21.984440
1872.111328	227.021042
1871.123047	-29.754663
1870.135742	-129.269089
1869.147461	-71.621040
1868.158203	164.861862
1867.169922	113.525146
1866.180664	33.135860
1865.192383	100.127655
1864.203125	96.959709
1863.213867	14.013272
1862.223633	114.581047
1861.234375	-84.371597
1860.244141	-68.450417
1859.253906	229.813965
1858.263672	86.258141
1857.273438	179.154266
1856.282227	16.224331
1855.291992	-42.988388
1854.300781	138.900803
1853.309570	197.689758
1852.317383	102.102203
1851.326172	-12.792726
1850.333984	-115.670395
1849.342773	-52.331528
1848.350586	-70.991791
1847.357422	-15.061840
1846.365234	-122.954308
1845.372070	33.937984
1844.379883	53.507378
1843.386719	-90.652885
1842.393555	241.577072
1841.399414	152.615570
1840.406250	70.837883
1839.412109	61.154137
1838.417969	32.166897
1837.423828	39.175674
1836.429688	72.545418
1835.434570	48.150097
1834.440430	-7.533570
1833.445313	-56.071865
1832.450195	3.403839
1831.454102	-86.095055
1830.458984	-26.785591
1829.462891	-5.986554
1828.466797	110.719810
1827.470703	44.958244
1826.474609	113.481430
1825.478516	35.598686
1824.481445	-126.268883
1823.484375	193.747040
1822.487305	204.343491
1821.490234	123.786842
1820.493164	74.332741
1819.495117	151.781815
1818.498047	35.117050
1817.500000	74.069748
1816.500977	129.680511
1815.502930	316.862457
1814.504883	80.255943
1813.505859	226.527420
1812.506836	154.943542
1811.507813	100.050034
1810.508789	-36.219677
1809.508789	80.937309
1808.508789	-21.977665
1807.508789	75.847763
1806.508789	-20.021114
1805.508789	139.727097
1804.508789	244.388199
1803.507813	105.292953
1802.506836	188.254761
1801.505859	-39.281189
1800.504883	-56.747593
1799.502930	-33.727009
1798.501953	-146.801712
1797.500000	-2.264717
1796.498047	111.124588
1795.496094	-73.718811
1794.493164	-84.524292
1793.491211	-135.926056
1792.488281	50.948147
1791.485352	211.454605
1790.482422	-190.477966
1789.478516	-3.961167
1788.475586	-81.956490
1787.471680	292.419312
1786.467773	-2.434074
1785.463867	-99.691444
1784.459961	-8.983604
1783.455078	5.451486
1782.450195	274.349792
1781.445313	174.388092
1780.440430	-132.512589
1779.435547	-201.617828
1778.429688	-14.055546
1777.424805	-99.962250
1776.418945	27.934364
1775.413086	-65.254166
1774.406250	-132.373825
1773.400391	113.952240
1772.393555	219.993790
1771.386719	-25.444899
1770.379883	144.502533
1769.373047	62.751316
1768.365234	113.804665
1767.358398	-1.286768
1766.350586	35.363132
1765.342773	-155.730896
1764.334961	-69.442680
1763.326172	-59.135502
1762.318359	-39.422970
1761.309570	271.638916
1760.300781	108.687393
1759.291016	-75.615723
1758.282227	135.567780
1757.272461	17.463562
1756.262695	79.235565
1755.252930	72.264938
1754.243164	43.919174
1753.233398	-24.715467
1752.222656	48.509701
1751.211914	19.930887
1750.201172	-15.808990
1749.190430	-53.979107
1748.179688	49.606441
1747.167969	-40.724266
1746.156250	-100.381699
1745.144531	-65.602768
1744.132813	195.824829
1743.121094	256.355621
1742.108398	73.592743
1741.095703	188.247238
1740.083008	102.177940
1739.070313	-83.038544
1738.057617	102.127533
1737.043945	-116.204338
1736.030273	-30.313007
1735.016602	36.609631
1734.002930	23.281839
1732.989258	139.516617
1731.974609	-27.154739
1730.959961	152.497131
1729.945313	-127.325104
1728.930664	-136.273254
1727.916016	3.053608
1726.900391	132.824219
1725.885742	217.770081
1724.870117	71.975159
1723.853516	-36.202747
1722.837891	297.859863
1721.822266	238.950760
1720.805664	5.968879
1719.789063	367.827911
1718.772461	400.396667
1717.754883	515.127563
1716.738281	437.089233
1715.720703	690.246460
1714.703125	569.781799
1713.685547	876.701782
1712.667969	1061.349854
1711.649414	1011.104065
1710.630859	1118.065186
1709.612305	1093.516968
1708.593750	1423.181030
1707.575195	1546.241455
1706.555664	1418.242188
1705.536133	1299.613281
1704.516602	845.736511
1703.497070	1001.380005
1702.477539	997.556274
1701.457031	1078.009155
1700.437500	853.866516
1699.416992	765.579041
1698.395508	902.049683
1697.375000	752.810913
1696.354492	753.383789
1695.333008	938.768799
1694.311523	550.779541
1693.290039	778.141296
1692.267578	832.271484
1691.246094	963.518494
1690.223633	1017.496338
1689.201172	1026.994507
1688.178711	1468.808716
1687.155273	1569.239014
1686.132813	1742.025635
1685.109375	1671.766846
1684.085938	2063.885010
1683.062500	2656.608643
1682.039063	2943.254883
1681.014648	3152.713379
1679.990234	3439.059082
1678.965820	3820.910156
1677.941406	4200.245605
1676.916992	4581.730957
1675.891602	4720.517578
1674.866211	4824.244141
1673.840820	4659.855469
1672.815430	4038.743408
1671.790039	3977.019531
1670.763672	3498.296387
1669.737305	3192.074951
1668.710938	2804.442139
1667.684570	2642.757813
1666.658203	2481.109375
1665.630859	2375.331543
1664.603516	2136.944580
1663.576172	1940.496460
1662.548828	1867.374023
1661.520508	1887.256592
1660.493164	1744.378052
1659.464844	1638.709595
1658.436523	1702.719116
1657.408203	1597.060181
1656.378906	1839.884521
1655.350586	1632.004517
1654.321289	1674.979004
1653.291992	1885.092529
1652.261719	2111.343750
1651.232422	2246.997070
1650.202148	2178.363281
1649.171875	2121.344238
1648.141602	2196.555908
1647.111328	2515.238037
1646.080078	2451.187744
1645.049805	2503.084717
1644.018555	2281.437012
1642.987305	2196.593506
1641.955078	2009.818604
1640.923828	2047.827026
1639.891602	1814.828125
1638.859375	1831.996948
1637.827148	1900.092407
1636.794922	1757.529541
1635.761719	2112.559082
1634.729492	2275.430664
1633.696289	2211.521973
1632.662109	2427.482178
1631.628906	2849.183838
1630.594727	3069.573242
1629.561523	3176.637939
1628.527344	3302.142334
1627.493164	3515.411621
1626.458008	4031.222412
1625.423828	4112.636230
1624.388672	4226.343750
1623.353516	4559.359863
1622.318359	4760.684570
1621.282227	4911.156250
1620.247070	4752.403809
1619.210938	4598.327637
1618.174805	4566.580078
1617.137695	4534.846680
1616.101563	4304.877930
1615.064453	4028.899902
1614.027344	3981.225830
1612.990234	3942.813965
1611.953125	3812.286377
1610.916016	3656.499512
1609.877930	3450.116699
1608.839844	3481.006104
1607.801758	3468.174561
1606.763672	3499.109619
1605.724609	3564.566162
1604.685547	3809.488770
1603.646484	3670.200195
1602.607422	3250.422607
1601.568359	3453.980957
1600.528320	3112.628906
1599.489258	3182.897461
1598.449219	3547.310547
1597.408203	3403.838135
1596.368164	3692.342773
1595.327148	3558.168945
1594.287109	3637.657959
1593.246094	3815.864990
1592.204102	4301.607910
1591.163086	4518.721191
1590.121094	4547.636230
1589.079102	5212.028320
1588.037109	5500.068359
1586.995117	5572.492188
1585.953125	5926.937012
1584.910156	6272.112793
1583.867188	6323.860352
1582.824219	5912.795898
1581.781250	5820.379883
1580.737305	6138.024902
1579.693359	6341.107422
1578.649414	5868.756836
1577.605469	6197.830078
1576.561523	6510.813965
1575.516602	6764.229492
1574.472656	6516.610352
1573.427734	6827.233398
1572.381836	6689.563965
1571.336914	6536.025391
1570.291016	6346.024414
1569.246094	6339.019043
1568.200195	6245.237305
1567.153320	6012.189453
1566.107422	5818.145996
1565.060547	6017.033691
1564.013672	5658.801270
1562.966797	6095.198730
1561.919922	6216.533691
1560.872070	5959.087402
1559.825195	6162.685547
1558.777344	5989.900391
1557.729492	6332.666016
1556.680664	6255.822754
1555.632813	6046.883301
1554.583984	5965.729492
1553.535156	5695.549805
1552.486328	5630.608398
1551.436523	5866.441406
1550.387695	5589.858398
1549.337891	5850.821289
1548.288086	5549.467773
1547.238281	5446.336914
1546.187500	5397.936523
1545.136719	5231.334961
1544.086914	5397.011719
1543.035156	5332.986328
1541.984375	5241.802734
1540.933594	4987.061523
1539.881836	4771.144043
1538.830078	4439.506836
1537.778320	4548.869629
1536.725586	4610.570313
1535.673828	4004.638184
1534.621094	3828.189941
1533.568359	3447.588135
1532.515625	3237.468750
1531.461914	2973.056396
1530.409180	2672.557617
1529.355469	2535.593750
1528.301758	1981.472168
1527.247070	1806.344116
1526.193359	1563.386108
1525.138672	1309.282593
1524.083984	1041.787842
1523.029297	1026.002197
1521.974609	1062.434204
1520.918945	503.282166
1519.863281	472.071808
1518.807617	606.252869
1517.751953	622.784912
1516.696289	600.947876
1515.639648	176.469971
1514.583008	315.553955
1513.526367	576.829285
1512.469727	431.081696
1511.412109	249.319092
1510.355469	413.591705
1509.297852	374.508820
1508.240234	204.504883
1507.181641	497.779694
1506.124023	63.792652
1505.065430	253.333603
1504.006836	167.479095
1502.948242	81.772575
1501.888672	-107.603241
1500.830078	-26.012352
1499.770508	139.125198
1498.710938	60.725212
1497.650391	54.629051
1496.590820	109.536201
1495.530273	-56.368969
1494.469727	-116.165306
1493.409180	-220.877808
1492.348633	210.734116
1491.287109	101.729279
1490.225586	407.237335
1489.164063	334.506653
1488.102539	430.752441
1487.041016	443.814819
1485.978516	454.741486
1484.916016	195.956299
1483.853516	364.500641
1482.791016	600.700928
1481.727539	423.269287
1480.664063	452.824493
1479.600586	158.899963
1478.537109	478.591675
1477.473633	254.763138
1476.409180	489.269623
1475.344727	512.699951
1474.280273	320.858948
1473.215820	739.567200
1472.151367	702.856079
1471.085938	1078.776733
1470.020508	1192.517090
1468.955078	882.557495
1467.888672	1072.994507
1466.823242	1365.956177
1465.756836	1052.453613
1464.690430	1461.974731
1463.624023	1321.201172
1462.556641	1323.669556
1461.490234	1495.803345
1460.422852	1523.620728
1459.355469	1704.366821
1458.287109	1718.570679
1457.219727	2302.244873
1456.151367	2484.892578
1455.083008	2599.934326
1454.014648	3134.371826
1452.945313	3596.307373
1451.876953	3718.193359
1450.807617	3866.212158
1449.738281	3773.058838
1448.668945	3469.540039
1447.598633	3069.494385
1446.528320	3165.354980
1445.458008	2857.369629
1444.387695	2963.774658
1443.317383	2545.937256
1442.246094	2190.454590
1441.174805	2354.655029
1440.103516	2444.326172
1439.032227	2489.328857
1437.960938	2114.356201
1436.888672	2077.105957
1435.816406	1833.341553
1434.744141	1922.322510
1433.670898	1787.361694
1432.598633	1514.872192
1431.525391	1661.835327
1430.452148	1398.195923
1429.378906	1372.185913
1428.304688	1274.732300
1427.231445	1136.562988
1426.157227	1321.391357
1425.083008	1151.145386
1424.007813	1131.686157
1422.933594	1043.265869
1421.858398	1300.774536
1420.783203	1359.048096
1419.708008	1536.906494
1418.631836	1744.664551
1417.555664	1914.971924
1416.479492	2076.357666
1415.403320	2237.868408
1414.327148	2457.794922
1413.250000	2689.499023
1412.173828	2895.414307
1411.096680	3071.182861
1410.018555	3087.660400
1408.941406	2866.447266
1407.863281	3276.391846
1406.785156	3378.910156
1405.707031	3273.857422
1404.628906	3191.381592
1403.549805	3283.843750
1402.470703	3487.835449
1401.391602	3369.717529
1400.312500	3306.428955
1399.233398	2954.592529
1398.153320	3269.016846
1397.073242	3519.164063
1395.993164	3361.305176
1394.913086	3561.177979
1393.832031	3308.804443
1392.750977	3342.279053
1391.669922	3452.935303
1390.588867	3857.510986
1389.506836	3938.167236
1388.425781	4002.560547
1387.343750	4132.330566
1386.261719	4195.650879
1385.178711	4132.507813
1384.096680	4256.825684
1383.013672	4197.209961
1381.930664	4055.801025
1380.846680	3993.184326
1379.763672	3901.389893
1378.679688	4043.988525
1377.595703	4173.088379
1376.511719	4354.446777
1375.427734	4451.459473
1374.342773	4729.039063
1373.257813	5092.990723
1372.172852	5026.001465
1371.087891	5668.982910
1370.001953	5895.454590
1368.916992	6482.810547
1367.831055	6978.986328
1366.744141	7546.190430
1365.658203	8086.711426
1364.571289	8991.279297
1363.484375	10097.085938
1362.397461	11042.465820
1361.310547	11751.426758
1360.222656	11857.989258
1359.135742	11581.041992
1358.047852	11709.786133
1356.958984	11234.627930
1355.871094	10105.182617
1354.782227	9512.640625
1353.693359	8359.242188
1352.604492	7997.159180
1351.515625	6734.841309
1350.425781	5898.843750
1349.335938	5276.596680
1348.246094	4759.895996
1347.156250	4609.899414
1346.066406	4153.092285
1344.975586	3933.803467
1343.884766	3447.624756
1342.793945	3555.137207
1341.702148	3196.994629
1340.611328	3291.010010
1339.519531	3231.582031
1338.427734	3540.580322
1337.334961	3695.862061
1336.243164	3844.423828
1335.150391	3911.761963
1334.057617	4294.560059
1332.964844	4255.269531
1331.871094	4176.782227
1330.778320	4053.626953
1329.684570	3949.080322
1328.590820	4089.599365
1327.496094	3748.546143
1326.402344	3368.343018
1325.307617	3000.645752
1324.212891	2908.304199
1323.117188	2761.945557
1322.022461	2611.662109
1320.926758	2272.844482
1319.831055	2105.621582
1318.735352	2031.034912
1317.638672	1831.458740
1316.542969	1840.068481
1315.446289	2029.603027
1314.349609	2194.067627
1313.251953	2019.365845
1312.155273	1897.928223
1311.057617	1909.086182
1309.959961	2112.012451
1308.862305	1978.794189
1307.763672	1885.626221
1306.665039	2140.651855
1305.566406	1989.807617
1304.467773	2234.713623
1303.369141	2196.933838
1302.269531	2207.065186
1301.169922	2220.305908
1300.070313	2340.193848
1298.970703	2584.798340
1297.870117	2508.977051
1296.769531	2526.356934
1295.668945	2564.382568
1294.568359	2535.973145
1293.466797	2458.353027
1292.366211	2410.781006
1291.264648	2504.461670
1290.162109	2393.570313
1289.060547	2538.833252
1287.958008	2836.604492
1286.855469	2831.863770
1285.752930	2798.008789
1284.650391	2800.042480
1283.546875	2777.047607
1282.444336	2965.828613
1281.339844	2651.403320
1280.236328	2499.551025
1279.132813	2550.280029
1278.028320	2250.966553
1276.923828	2168.752197
1275.819336	2080.372559
1274.713867	1866.330566
1273.608398	1717.566895
1272.503906	1570.597900
1271.397461	1292.128174
1270.291992	1290.140869
1269.185547	1198.660889
1268.080078	1213.577271
1266.972656	1190.653809
1265.866211	1393.863403
1264.759766	1298.996216
1263.652344	1415.962158
1262.544922	1567.283325
1261.436523	1774.381104
1260.329102	1651.308350
1259.220703	1391.953979
1258.112305	1499.255981
1257.003906	1570.801392
1255.895508	1454.438843
1254.786133	1414.416138
1253.676758	1453.935059
1252.567383	1159.764160
1251.458008	1268.340088
1250.347656	1031.809204
1249.237305	723.183472
1248.126953	803.345032
1247.016602	686.681641
1245.905273	632.374817
1244.793945	500.739349
1243.682617	569.600586
1242.571289	656.975220
1241.459961	714.419067
1240.347656	798.424316
1239.235352	770.262756
1238.123047	581.675659
1237.009766	849.938599
1235.897461	828.625000
1234.784180	916.788635
1233.670898	1139.279297
1232.556641	1161.753540
1231.443359	1258.116577
1230.329102	1428.592407
1229.214844	1734.589233
1228.099609	1830.120972
1226.985352	2110.370605
1225.870117	2068.717773
1224.754883	2393.596680
1223.639648	2377.568848
1222.523438	2285.823730
1221.408203	2285.497803
1220.291992	1890.583984
1219.174805	1689.769165
1218.058594	1635.130615
1216.941406	1387.417603
1215.824219	1186.460571
1214.707031	1013.930481
1213.589844	843.363770
1212.471680	704.854370
1211.353516	712.600830
1210.235352	671.234192
1209.117188	778.856262
1207.998047	699.130493
1206.878906	615.239624
1205.759766	688.145935
1204.640625	774.968811
1203.520508	839.115662
1202.401367	861.040039
1201.281250	957.244080
1200.160156	893.636292
1199.040039	934.398682
1197.918945	734.659363
1196.797852	975.797668
1195.676758	934.809937
1194.555664	768.848938
1193.433594	1020.553467
1192.311523	912.120239
1191.189453	808.955933
1190.066406	917.259949
1188.944336	960.800476
1187.821289	860.028748
1186.698242	830.848633
1185.574219	769.563965
1184.451172	623.383545
1183.327148	693.105225
1182.203125	637.082092
1181.078125	548.646362
1179.954102	500.478607
1178.829102	455.351196
1177.704102	466.433746
1176.579102	259.416168
1175.453125	172.039703
1174.327148	241.153778
1173.201172	405.335999
1172.075195	502.840698
1170.949219	346.944763
1169.822266	293.762421
1168.695313	305.149078
1167.568359	192.617905
1166.440430	103.009689
1165.313477	119.035965
1164.185547	91.104317
1163.057617	47.233395
1161.928711	-13.388463
1160.800781	162.467133
1159.671875	-105.310005
1158.541992	14.260100
1157.413086	-170.310806
1156.283203	1.064249
1155.154297	-157.277664
1154.023438	-127.108940
1152.893555	33.434799
1151.763672	160.497849
1150.632813	56.196106
1149.501953	-28.832256
1148.370117	82.635056
1147.239258	11.018574
1146.107422	84.313988
1144.975586	26.271954
1143.843750	35.061077
1142.710938	-234.824020
1141.578125	-178.078873
1140.445313	-153.001617
1139.312500	51.582233
1138.178711	-183.856247
1137.045898	61.298481
1135.912109	-15.609793
1134.777344	27.921495
1133.643555	249.517853
1132.508789	253.594193
1131.374023	238.714142
1130.239258	194.082550
1129.104492	369.839783
1127.968750	205.098312
1126.833008	363.648499
1125.697266	290.133636
1124.560547	176.489395
1123.424805	138.080200
1122.288086	360.919067
1121.151367	302.789734
1120.013672	327.834686
1118.876953	227.890457
1117.739258	283.050781
1116.601563	248.852539
1115.462891	444.067017
1114.324219	397.018280
1113.186523	261.359558
1112.046875	174.717422
1110.908203	196.516861
1109.769531	130.597488
1108.629883	309.720673
1107.490234	193.965637
1106.349609	-3.312611
1105.209961	255.661865
1104.069336	163.720337
1102.928711	354.000763
1101.787109	306.895203
1100.646484	-60.405117
1099.504883	473.135956
1098.363281	550.221924
1097.221680	509.633057
1096.079102	480.949738
1094.936523	430.935181
1093.793945	460.196838
1092.651367	395.126282
1091.507813	359.252014
1090.364258	323.302338
1089.220703	661.369995
1088.077148	528.278259
1086.933594	333.928528
1085.789063	414.463440
1084.644531	336.749115
1083.499023	307.875427
1082.354492	364.474335
1081.208984	280.311340
1080.063477	274.673737
1078.917969	348.604523
1077.771484	451.758789
1076.625977	417.873444
1075.479492	443.954834
1074.332031	404.459015
1073.185547	466.471802
1072.038086	635.748291
1070.890625	503.712830
1069.743164	226.523773
1068.594727	497.057587
1067.447266	450.367279
1066.298828	645.427429
1065.149414	551.332703
1064.000977	538.804382
1062.851563	515.321655
1061.702148	347.407837
1060.552734	541.585510
1059.402344	514.707520
1058.252930	458.825562
1057.102539	237.658707
1055.951172	595.143555
1054.800781	375.593719
1053.649414	409.780884
1052.498047	647.447388
1051.346680	554.504578
1050.194336	550.601929
1049.042969	621.030945
1047.890625	645.118591
1046.738281	777.072266
1045.584961	444.818726
1044.431641	555.418884
1043.278320	129.187515
1042.125000	461.396271
1040.971680	338.119598
1039.817383	224.897354
1038.663086	201.751617
1037.508789	440.735413
1036.353516	493.259521
1035.198242	292.251465
1034.042969	486.288666
1032.887695	429.785431
1031.732422	538.689270
1030.576172	538.075928
1029.419922	518.851563
1028.263672	455.374878
1027.106445	361.242981
1025.949219	470.496948
1024.792969	297.165253
1023.634766	319.273895
1022.477539	565.196838
1021.319336	366.054657
1020.161133	85.657097
1019.002930	232.644089
1017.843750	220.366440
1016.684570	106.018806
1015.525391	149.148346
1014.366211	-60.432140
1013.207031	51.635063
1012.046875	-9.650938
1010.886719	132.969101
1009.726563	53.646858
1008.565430	-137.625488
1007.404297	-27.403049
1006.243164	132.184601
1005.082031	223.982468
1003.920898	179.642258
1002.758789	145.323975
1001.596680	232.708008
1000.433594	-6.327905
999.271484	81.555382
998.108398	24.728273
996.945313	211.264801
995.782227	124.872307
994.618164	94.101273
993.454102	12.532631
992.290039	-105.940735
991.125977	-135.885895
989.960938	25.892063
988.796875	-77.117889
987.630859	110.905655
986.465820	-121.553421
985.300781	-22.284594
984.134766	-84.796181
982.968750	53.205849
981.801758	-15.671635
980.635742	57.920982
979.468750	168.405136
978.301758	-140.981705
977.133789	-31.825130
975.966797	161.944336
974.798828	34.150330
973.630859	49.681740
972.461914	71.060310
971.293945	58.727760
970.125000	113.573944
968.956055	33.185093
967.786133	38.479355
966.617188	-22.008648
965.447266	177.195740
964.276367	29.623999
963.106445	146.915329
961.935547	54.258137
960.764648	-24.490713
959.593750	17.902420
958.422852	36.081341
957.250977	-55.899277
956.079102	60.513767
954.907227	39.347065
953.734375	127.174782
952.562500	123.130524
951.389648	108.382858
950.215820	86.730782
949.042969	247.682999
947.869141	-16.289299
946.695313	16.758766
945.521484	153.011963
944.346680	66.737671
943.172852	-133.522095
941.998047	-123.351990
940.822266	178.970795
939.647461	-156.672775
938.471680	179.954834
937.295898	-284.406525
936.119141	88.880539
934.943359	-23.302961
933.766602	-6.644418
932.589844	90.408585
931.413086	111.600327
930.235352	-41.969044
929.057617	264.154266
927.879883	234.576859
926.702148	-17.935547
925.523438	189.229813
924.344727	44.782642
923.166016	226.571671
921.987305	63.720039
920.807617	8.861930
919.627930	16.297876
919.497070	60.446487
918.331055	-134.552490
917.165039	-86.194412
915.999023	-26.393305
914.833008	63.196602
913.666016	-154.625595
912.499023	63.362560
911.332031	-64.971710
910.165039	-101.570770
908.997070	265.219879
907.830078	17.729973
906.661133	17.769588
905.493164	17.791348
904.325195	-82.962395
903.156250	-41.724934
901.987305	-32.564781
900.818359	-55.461460
899.648438	79.531380
898.478516	-110.401848
897.308594	-94.415474
896.138672	-87.594521
894.968750	31.242598
893.797852	-19.130718
892.626953	63.057869
891.456055	-60.443676
890.284180	170.190720
889.113281	167.745163
887.941406	147.024185
886.768555	23.567711
885.596680	94.162788
884.423828	68.872681
883.250977	-43.123989
882.078125	-9.091029
880.905273	34.036846
879.731445	-7.230868
878.557617	-14.297555
877.383789	-37.332325
876.209961	-153.805084
875.035156	-78.852890
873.860352	39.335728
872.685547	27.643394
871.510742	-134.340256
870.334961	-13.976969
869.159180	-25.690605
867.983398	-132.991150
866.807617	-42.326092
865.630859	-51.794594
864.454102	93.370941
863.277344	86.118500
862.100586	224.342361
860.922852	73.850502
859.745117	27.930075
858.567383	-40.707275
857.389648	-82.078438
856.210938	99.107864
855.032227	-24.044760
853.853516	27.626467
852.674805	122.377090
851.495117	201.191666
850.315430	53.091789
849.135742	29.781240
847.956055	140.251862
846.775391	250.661942
845.595703	43.652851
844.415039	-68.103081
843.233398	64.879066
842.052734	-62.737732
840.871094	-47.631878
839.689453	48.964451
838.506836	-96.742805
837.325195	-0.225316
836.142578	50.973106
834.959961	18.409401
833.777344	107.986481
832.593750	59.546856
831.410156	-81.607353
830.226563	166.110336
829.042969	-194.304413
827.858398	-57.444748
826.673828	36.403629
825.489258	123.407257
824.304688	-49.365944
823.120117	141.424377
821.934570	-76.484978
820.749023	-21.241934
819.562500	146.776947
818.376953	-39.508671
817.190430	-79.131752
816.003906	-93.965714
814.817383	193.296585
813.629883	126.504982
812.442383	-7.905261
811.254883	-16.113348
810.067383	63.506199
808.878906	-82.170547
807.690430	161.746857
806.501953	328.979584
805.313477	126.953903
804.124023	141.023270
802.934570	-29.452036
801.745117	-217.891464
800.555664	-158.896118
799.365234	-194.402695
798.175781	-304.127258
796.985352	1.974227
795.793945	132.630646
794.603516	103.667160
793.412109	72.431320
792.220703	-66.633293
791.028320	115.402565
789.836914	-12.478426
788.644531	-21.392876
787.452148	34.724037
786.258789	-77.485695
785.066406	-1.286177
783.873047	-86.625366
782.679688	197.966019
781.485352	90.112213
780.291992	-55.848980
779.097656	-78.558228
777.903320	-29.621277
776.708008	102.119156
775.512695	-171.557816
774.318359	132.439560
773.122070	6.500954
771.926758	1.404645
770.730469	-93.236702
769.534180	-100.651566
768.337891	10.416396
767.141602	76.662987
765.944336	-85.199203
764.747070	61.394501
763.549805	2.284453
762.351563	-97.070793
761.154297	85.001030
759.956055	61.484844
758.757813	232.170197
757.558594	81.276222
756.359375	-83.006058
755.160156	82.964523
753.960938	-83.601524
752.761719	4.112769
751.561523	-33.148293
750.361328	27.643505
749.160156	-165.762726
747.959961	-27.093975
746.758789	135.966690
745.557617	-244.654800
744.356445	-275.511566
743.154297	132.247833
741.952148	-27.925127
740.750000	110.160637
739.547852	163.560455
738.344727	63.357044
737.142578	98.816643
735.939453	123.076591
734.735352	11.628638
733.532227	162.474747
732.328125	330.970734
731.124023	197.125290
729.918945	218.782547
728.714844	322.543579
727.509766	412.869263
726.303711	21.300243
725.098633	280.215363
723.892578	317.023407
722.686523	278.305847
721.480469	288.338928
720.274414	89.813919
719.067383	146.308929
717.860352	140.635208
716.653320	276.748718
715.445313	253.180557
714.238281	43.441547
713.030273	59.662300
711.821289	-77.005028
710.613281	40.945885
709.404297	-104.657379
708.195313	48.519459
706.986328	197.136612
705.776367	301.373322
704.566406	78.138290
703.356445	67.220711
702.146484	-23.355848
700.935547	51.820107
699.724609	76.062874
698.513672	40.567970
697.302734	199.416656
696.090820	165.978287
694.878906	302.512787
693.666992	182.827057
692.455078	71.950714
691.242188	115.525429
690.029297	344.342682
688.816406	-79.934097
687.602539	73.706818
686.389648	46.414024
685.175781	49.925373
683.960938	90.835884
682.747070	98.609993
681.532227	176.811462
680.317383	318.789032
679.102539	255.844025
677.886719	305.144165
676.670898	367.566742
675.455078	407.890656
674.239258	377.725952
673.022461	158.327133
671.805664	449.206573
670.588867	269.341522
669.372070	282.952484
668.154297	311.881744
666.936523	72.645882
665.718750	261.872650
664.500977	-27.889259
663.282227	-1.348376
662.063477	132.711349
660.844727	88.850426
659.625000	58.120998
658.405273	104.148514
657.185547	169.849991
655.965820	97.291878
654.745117	195.755783
653.525391	52.966774
652.303711	-4.329165
651.083008	-138.346481
649.861328	100.115578
648.640625	60.234642
647.417969	77.265160
646.196289	225.624069
644.973633	130.882065
643.750977	64.592148
642.528320	66.127686
641.305664	240.456818
640.082031	270.313232
638.858398	297.934723
637.634766	297.088287
636.410156	320.253723
635.185547	201.324265
633.960938	222.255493
632.736328	284.655365
631.510742	268.374817
630.285156	238.975189
629.059570	526.119202
627.833984	496.632751
626.607422	349.298370
625.380859	164.917862
624.154297	46.037827
622.927734	308.837738
621.700195	19.880491
620.472656	5.700442
619.245117	144.078674
618.016602	166.902390
616.788086	-6.355515
615.559570	-327.649231
614.331055	-97.881157
613.101563	9.868198
611.872070	-87.031670
610.642578	-192.591507
609.413086	182.736557
608.182617	-35.938435
606.952148	-108.798660
605.721680	44.516304
604.491211	-23.956352
603.259766	109.742165
602.028320	-28.217764
600.796875	-142.201233
599.564453	-47.601898
598.332031	40.468407
597.099609	-327.406158
595.867188	-106.849396
594.633789	-66.482361
593.400391	17.294983
592.166992	-144.055206
590.933594	48.215359
589.699219	-32.768093
588.464844	191.995758
587.230469	-190.168579
585.995117	38.956047
584.760742	83.882469
583.525391	-57.439590
582.289063	-207.312439
581.053711	-101.580910
579.817383	-60.777420
578.581055	-35.079639
577.343750	103.181114
576.107422	-0.835496
574.870117	38.003540
573.631836	33.645939
572.394531	-50.624954
571.156250	7.867158
569.917969	113.951057
568.679688	40.747105
567.440430	-237.548248
566.202148	-21.099600
564.961914	-141.480011
563.722656	27.538273
562.482422	-32.193787
561.243164	182.222061
560.001953	60.107098
558.761719	9.316071
557.520508	-118.984138
556.279297	-104.840706
555.038086	27.947588
553.795898	18.556286
552.554688	-139.384232
551.311523	64.729065
550.069336	159.034195
548.826172	113.458710
547.583984	72.321609
546.339844	302.495392
545.096680	117.404907
543.852539	-129.873291
542.608398	126.365204
541.364258	-19.498201
540.119141	135.810242
538.875000	-33.385330
537.628906	70.539246
536.383789	17.706596
535.137695	29.469648
533.892578	82.162216
532.645508	83.435791
531.399414	-33.224262
530.152344	120.724014
528.905273	388.466583
527.658203	302.259064
526.410156	276.283813
525.163086	224.723190
523.914063	297.673676
522.666016	109.231079
521.416992	197.455811
520.167969	311.494324
518.918945	292.815491
517.669922	317.117554
516.419922	138.143372
515.169922	6.481937
513.919922	228.154358
512.668945	389.961121
511.417969	391.389923
510.166992	243.236832
508.916016	450.257813
507.664063	298.159485
506.412109	242.447098
505.160156	240.319489
503.907227	300.289795
502.655273	667.958130
501.402344	414.135132
500.148438	547.018372
498.895508	515.594604
497.641602	437.359039
496.387695	491.573669
495.132813	317.622101
493.878906	604.556885
492.624023	537.505249
491.368164	813.842041
490.113281	704.360901
488.857422	603.558899
487.601563	801.179321
486.344727	809.234802
485.088867	610.795715
483.832031	661.648987
482.575195	744.492615
481.317383	672.018188
480.059570	735.825500
478.801758	776.270081
477.543945	827.391052
476.285156	918.951355
475.027344	970.119019
473.767578	713.113953
472.508789	942.887939
471.249023	1113.105957
469.989258	945.527161
468.729492	826.876038
467.469727	903.614868
466.208984	950.601013
464.948242	1067.586426
463.686523	1118.724609
462.425781	1320.418457
461.164063	1002.354614
459.901367	1097.873047
458.639648	1212.358276
457.376953	1199.547119
456.114258	1104.006714
454.851563	1413.068604
453.587891	1446.522461
452.324219	1206.645996
451.060547	1443.121338
449.796875	1270.792969
448.532227	1449.692627
447.267578	1344.798584
446.002930	1375.140869
444.737305	1428.524292
443.471680	1464.738037
442.206055	1403.440186
440.940430	1551.153809
439.673828	1370.982788
438.407227	1731.442383
437.140625	1548.577393
435.873047	1675.888550
434.605469	1743.667725
433.337891	1724.492065
432.070313	1726.026245
430.801758	1682.830078
429.533203	1850.155884
428.264648	1702.693726
426.996094	1736.140015
425.726563	1853.381470
424.457031	1622.262329
423.186523	1820.547729
421.916992	1832.757568
420.646484	1848.551880
419.375977	2057.427734
418.104492	1903.403564
416.833008	1973.966309
415.561523	2157.401611
414.290039	2081.192139
413.017578	2042.074097
411.746094	1949.567383
410.472656	2203.158691
409.200195	2028.998779
407.926758	1967.463867
406.653320	1934.399292
405.379883	2112.523926
404.105469	2066.873291
402.831055	1906.759155
401.556641	1898.849609
400.282227	2038.805176
399.006836	2120.816162
397.731445	2033.692993
396.456055	2127.806152
395.179688	1994.025757
393.903320	1965.850220
392.626953	2124.918701
391.350586	2100.101318
390.073242	2054.885254
388.795898	2102.379883
387.518555	2144.032959
386.240234	1989.218506
384.961914	1970.906006
383.683594	2206.164063
382.405273	2006.298584
381.125977	2038.907471
379.846680	1870.822998
378.567383	1945.465576
377.287109	1771.240234
376.006836	2038.094971
374.726563	1899.271606
373.446289	1998.517212
372.165039	1781.985474
370.883789	1780.343628
369.602539	1957.882446
368.320313	1825.863892
367.039063	2031.534790
365.755859	1785.671753
364.473633	1843.871826
363.190430	1901.225830
361.907227	1697.039063
360.624023	1821.429810
359.340820	1671.695679
358.056641	1773.033813
356.772461	1898.151123
355.487305	1594.845459
354.202148	1371.536255
352.916992	1507.092896
351.631836	1553.618164
350.346680	1600.572021
349.060547	1456.340332
347.774414	1412.278442
346.487305	1210.223633
345.200195	1284.867920
343.913086	1226.364990
342.625977	1190.587036
341.338867	923.886292
340.050781	912.364807
338.762695	705.094849
337.473633	839.851990
336.184570	537.797852
334.895508	627.355164
333.606445	572.703186
332.317383	541.881592
331.027344	739.990479
329.736328	629.569336
328.446289	395.512085
327.155273	468.692505
325.864258	220.899490
324.573242	124.668625
323.281250	175.461060
321.989258	4.497272
320.697266	50.797695
319.405273	117.386192
318.112305	-164.528320
316.819336	-57.962673
315.526367	-4.027748
314.232422	27.983030
312.938477	23.634277
311.644531	131.658569
310.349609	-92.848732
309.054688	-203.215454
307.759766	-110.832756
306.464844	-231.252747
305.168945	-27.740168
303.873047	-161.251617
302.577148	14.442828
301.281250	174.894363
299.984375	530.147278
