2000.043945	41.912193
1999.080078	77.786316
1998.116211	-6.238180
1997.151367	8.833018
1996.186523	-18.284492
1995.222656	63.541100
1994.256836	108.132874
1993.291992	117.980972
1992.327148	-33.160942
1991.361328	-228.851974
1990.395508	107.592278
1989.429688	-1.542930
1988.463867	-11.722375
1987.497070	15.164367
1986.531250	101.349510
1985.564453	-131.504837
1984.597656	-5.845178
1983.630859	-55.759571
1982.664063	252.642365
1981.696289	-192.699387
1980.728516	68.614365
1979.761719	8.713346
1978.792969	-174.662308
1977.825195	59.258099
1976.857422	61.023659
1975.888672	240.468445
1974.919922	118.776726
1973.951172	157.471298
1972.982422	-97.403572
1972.013672	54.723644
1971.043945	90.887909
1970.075195	82.643951
1969.105469	-100.615395
1968.135742	-249.319275
1967.165039	114.520149
1966.195313	-159.833405
1965.224609	48.659115
1964.253906	190.572372
1963.283203	283.182648
1962.312500	205.895142
1961.341797	72.019264
1960.370117	-39.662510
1959.399414	249.711075
1958.427734	256.094727
1957.455078	75.561386
1956.483398	-11.473044
1955.511719	-292.696960
1954.539063	48.054672
1953.566406	54.452007
1952.593750	-27.609873
1951.621094	-185.796448
1950.647461	181.693939
1949.674805	141.398117
1948.701172	-41.286209
1947.727539	-15.243764
1946.753906	118.779762
1945.780273	14.728095
1944.805664	141.342224
1943.831055	-77.959961
1942.856445	-125.500404
1941.881836	67.277809
1940.907227	17.281189
1939.932617	-64.560341
1938.957031	59.490158
1937.981445	-105.628052
1937.005859	-128.594498
1936.030273	-63.373863
1935.054688	-103.473831
1934.078125	108.631523
1933.101563	-132.208511
1932.125000	148.361618
1931.148438	181.679840
1930.171875	305.513794
1929.194336	-1.210292
1928.217773	-119.503044
1927.240234	109.476250
1926.262695	37.668537
1925.284180	190.769531
1924.306641	126.313438
1923.328125	201.160461
1922.350586	-48.928688
1921.372070	126.070267
1920.392578	90.999008
1919.414063	317.186554
1918.434570	62.399307
1917.456055	32.247517
1916.476563	21.632364
1915.497070	-6.054235
1914.516602	37.016148
1913.537109	-185.765091
1912.556641	-198.756561
1911.576172	24.736351
1910.595703	-73.597145
1909.615234	-115.841278
1908.633789	88.025696
1907.653320	48.205627
1906.671875	91.214882
1905.690430	31.931587
1904.708984	77.363258
1903.727539	93.566254
1902.745117	-204.199478
1901.762695	-168.481598
1900.780273	168.903137
1899.797852	372.376282
1898.815430	123.416046
1897.832031	122.569443
1896.849609	119.286316
1895.866211	332.330963
1894.882813	190.485764
1893.898438	92.426605
1892.915039	-263.103729
1891.930664	34.848537
1890.947266	16.994915
1889.962891	-22.705025
1888.977539	-147.355194
1887.993164	-41.400269
1887.007813	-10.712763
1886.023438	-4.305694
1885.038086	315.001129
1884.051758	280.105713
1883.066406	131.250916
1882.081055	-3.010443
1881.094727	-180.856140
1880.108398	-72.687370
1879.122070	253.495453
1878.135742	-120.546379
1877.148438	52.917580
1876.162109	-224.106018
1875.174805	21.922201
1874.187500	-20.207531
1873.199219	-47.811714
1872.211914	-34.285938
1871.223633	-112.706169
1870.236328	302.328918
1869.248047	59.395687
1868.258789	-178.621582
1867.270508	-51.526546
1866.282227	75.504875
1865.292969	-39.181824
1864.303711	34.617794
1863.314453	-80.049805
1862.324219	177.252640
1861.334961	260.579071
1860.344727	54.140305
1859.354492	81.904564
1858.364258	-90.669571
1857.374023	262.821777
1856.383789	157.788422
1855.392578	149.259247
1854.401367	246.823669
1853.410156	23.649260
1852.418945	-6.606152
1851.426758	100.512085
1850.435547	65.390381
1849.443359	78.448181
1848.451172	79.435158
1847.458984	186.368515
1846.466797	-34.244274
1845.473633	-38.120560
1844.480469	59.079292
1843.487305	134.558044
1842.494141	120.955994
1841.500977	-190.973312
1840.506836	105.718727
1839.513672	178.626099
1838.519531	1.431437
1837.525391	119.955040
1836.530273	111.026268
1835.536133	61.223705
1834.541016	198.807938
1833.545898	112.921631
1832.550781	257.595764
1831.555664	212.494064
1830.560547	136.172928
1829.564453	-28.958378
1828.568359	216.311340
1827.572266	300.702515
1826.576172	308.267609
1825.580078	73.555222
1824.583008	18.751837
1823.585938	117.383278
1822.588867	31.369230
1821.591797	151.467270
1820.594727	86.981842
1819.596680	132.695053
1818.599609	422.678741
1817.601563	336.530518
1816.603516	58.833042
1815.604492	221.692581
1814.606445	269.569885
1813.607422	312.609192
1812.608398	121.127777
1811.609375	223.918411
1810.610352	350.551239
1809.610352	10.815910
1808.611328	-27.590036
1807.611328	199.311279
1806.611328	172.767014
1805.610352	-61.679371
1804.610352	200.830093
1803.609375	398.718353
1802.608398	111.719070
1801.607422	120.857521
1800.606445	82.213676
1799.605469	284.607758
1798.603516	145.655304
1797.601563	126.008133
1796.599609	220.832169
1795.597656	260.730865
1794.595703	257.659241
1793.592773	70.984657
1792.589844	27.359112
1791.587891	188.659378
1790.583984	194.989395
1789.581055	17.854528
1788.577148	62.251068
1787.574219	237.565582
1786.570313	136.600861
1785.566406	66.581482
1784.561523	134.591339
1783.557617	119.255592
1782.552734	172.880692
1781.547852	-6.650419
1780.542969	42.150562
1779.538086	-23.231941
1778.532227	87.287773
1777.527344	276.163422
1776.521484	201.160095
1775.515625	242.567215
1774.508789	153.273087
1773.502930	-95.147141
1772.496094	-37.194279
1771.489258	6.454464
1770.482422	-137.464478
1769.475586	-179.316223
1768.467773	-339.825897
1767.460938	-78.046837
1766.453125	-20.378632
1765.445313	98.888458
1764.437500	-73.548149
1763.428711	-155.876587
1762.420898	31.973192
1761.412109	-0.652591
1760.403320	75.676712
1759.393555	-305.207611
1758.384766	-101.034042
1757.375000	-200.046448
1756.366211	117.593246
1755.356445	70.578552
1754.345703	241.259201
1753.335938	-106.303886
1752.325195	-108.403679
1751.315430	-172.025986
1750.304688	-70.137726
1749.292969	43.501484
1748.282227	131.062286
1747.270508	-98.117706
1746.259766	-206.736862
1745.248047	17.741539
1744.235352	-48.410839
1743.223633	-126.376541
1742.211914	-152.398834
1741.199219	-173.724960
1740.186523	-147.868866
1739.173828	-133.853683
1738.160156	-82.125954
1737.147461	78.055946
1736.133789	-103.806854
1735.120117	-226.685165
1734.106445	-149.164566
1733.091797	-151.840179
1732.078125	-253.514984
1731.063477	-93.656853
1730.048828	-98.781334
1729.034180	-54.472065
1728.019531	-62.007984
1727.003906	-260.265564
1725.988281	-218.385208
1724.972656	-47.112671
1723.957031	-155.926086
1722.941406	-60.059437
1721.924805	5.167366
1720.909180	145.598389
1719.892578	29.677431
1718.875977	-50.960384
1717.858398	101.075920
1716.841797	-10.138926
1715.824219	57.211754
1714.806641	-11.719221
1713.789063	-38.372833
1712.770508	174.450409
1711.752930	39.743416
1710.734375	285.289490
1709.715820	82.518921
1708.697266	-270.345215
1707.678711	59.504211
1706.659180	44.456032
1705.640625	209.946747
1704.621094	117.474335
1703.600586	48.459145
1702.581055	-104.910294
1701.561523	93.213875
1700.541016	267.818115
1699.520508	287.760590
1698.500000	185.916840
1697.478516	-63.402508
1696.458008	66.565475
1695.436523	320.502167
1694.415039	99.340065
1693.393555	86.454674
1692.372070	125.022263
1691.349609	126.142509
1690.327148	31.392506
1689.304688	-119.434288
1688.282227	180.856003
1687.259766	-42.398212
1686.236328	138.592148
1685.213867	235.418396
1684.190430	157.044937
1683.166016	335.532806
1682.142578	357.537811
1681.119141	237.151779
1680.094727	301.157928
1679.070313	108.488960
1678.045898	328.772308
1677.020508	-45.751755
1675.996094	169.803085
1674.970703	131.157043
1673.945313	101.846336
1672.919922	156.437881
1671.893555	190.037201
1670.868164	521.800171
1669.841797	87.171539
1668.815430	260.478607
1667.789063	56.555897
1666.761719	48.237427
1665.735352	137.673172
1664.708008	147.960358
1663.680664	176.859787
1662.653320	-159.420959
1661.625000	29.987349
1660.597656	117.027603
1659.569336	-202.761520
1658.541016	149.247971
1657.512695	43.363251
1656.483398	25.807106
1655.455078	131.373932
1654.425781	-206.659241
1653.396484	66.099220
1652.366211	101.973679
1651.336914	284.069000
1650.306641	159.789276
1649.276367	-36.352848
1648.246094	250.074829
1647.215820	72.567024
1646.185547	259.178955
1645.154297	267.223358
1644.123047	208.060532
1643.091797	396.894135
1642.060547	347.023529
1641.028320	466.290833
1639.997070	682.800659
1638.964844	422.230743
1637.931641	543.773132
1636.899414	674.547974
1635.867188	553.035950
1634.833984	656.026672
1633.800781	504.526581
1632.767578	207.393768
1631.734375	530.130676
1630.700195	383.425262
1629.666016	444.838776
1628.631836	520.115845
1627.597656	382.805878
1626.563477	661.407410
1625.528320	625.796143
1624.493164	622.554504
1623.458008	526.981873
1622.422852	980.873779
1621.387695	615.289307
1620.351563	944.430298
1619.315430	777.453491
1618.279297	693.605408
1617.243164	715.902283
1616.207031	1058.711792
1615.169922	1080.983887
1614.132813	803.650635
1613.095703	968.894104
1612.058594	871.455017
1611.020508	891.560913
1609.983398	1006.115784
1608.945313	982.503784
1607.907227	935.910583
1606.868164	986.036499
1605.830078	990.156189
1604.791016	755.023376
1603.751953	906.473877
1602.712891	853.209412
1601.673828	733.318237
1600.633789	625.004883
1599.594727	758.115845
1598.554688	783.202148
1597.513672	939.279846
1596.473633	707.111511
1595.433594	902.266663
1594.392578	702.420715
1593.351563	810.334839
1592.310547	826.431396
1591.268555	702.569458
1590.227539	569.620239
1589.185547	659.287659
1588.143555	650.334717
1587.100586	863.864746
1586.058594	616.522034
1585.015625	786.508972
1583.972656	967.932007
1582.929688	615.440125
1581.886719	927.496582
1580.843750	861.550964
1579.799805	884.986267
1578.755859	864.955566
1577.711914	835.824585
1576.666992	616.790771
1575.623047	725.106934
1574.578125	741.917603
1573.533203	690.151184
1572.488281	988.345093
1571.443359	813.181458
1570.397461	628.990723
1569.351563	986.593567
1568.305664	900.802979
1567.259766	1054.980591
1566.213867	1254.833862
1565.166992	1114.382813
1564.120117	1389.598511
1563.073242	1363.424561
1562.026367	1376.113281
1560.978516	1320.392090
1559.930664	1458.675049
1558.883789	1517.117920
1557.834961	1372.621582
1556.787109	1561.139282
1555.739258	1615.133179
1554.690430	1479.985229
1553.641602	1335.831543
1552.592773	1216.852295
1551.542969	1211.872925
1550.494141	1389.147705
1549.444336	1029.034424
1548.394531	1126.712036
1547.344727	1065.081299
1546.293945	1196.963989
1545.244141	1117.258179
1544.193359	671.404480
1543.142578	723.862610
1542.090820	703.599304
1541.040039	524.260193
1539.988281	779.192444
1538.936523	654.572510
1537.884766	482.347870
1536.833008	555.589050
1535.780273	394.930969
1534.727539	413.788116
1533.674805	214.750565
1532.622070	199.711105
1531.569336	459.335968
1530.515625	489.760284
1529.461914	363.708801
1528.408203	299.007904
1527.354492	275.212433
1526.299805	324.039825
1525.246094	39.704296
1524.191406	367.437378
1523.136719	164.904861
1522.081055	-1.234273
1521.026367	301.593140
1519.970703	439.060486
1518.915039	370.512939
1517.859375	322.429169
1516.802734	195.224304
1515.747070	393.957214
1514.690430	210.362396
1513.633789	121.903847
1512.577148	-72.738617
1511.519531	80.942223
1510.461914	26.669937
1509.405273	74.179596
1508.346680	-11.567575
1507.289063	-153.694733
1506.231445	38.578861
1505.172852	-17.551733
1504.114258	30.261667
1503.055664	-18.939856
1501.996094	-147.041153
1500.937500	52.151535
1499.877930	217.495453
1498.818359	118.949783
1497.757813	-13.313466
1496.698242	190.479034
1495.637695	423.565857
1494.577148	415.482086
1493.516602	128.061722
1492.456055	95.394615
1491.394531	202.459763
1490.333008	248.747040
1489.271484	369.385376
1488.209961	143.384491
1487.148438	144.849869
1486.085938	150.889694
1485.023438	154.745438
1483.960938	352.102631
1482.898438	320.072601
1481.834961	34.068394
1480.772461	460.816498
1479.708984	440.221344
1478.644531	462.417816
1477.581055	138.686646
1476.517578	453.060242
1475.453125	273.354309
1474.388672	143.262878
1473.323242	345.267792
1472.258789	343.260559
1471.193359	379.478546
1470.127930	485.047058
1469.062500	478.339081
1467.997070	353.498993
1466.930664	475.155579
1465.865234	311.965088
1464.798828	312.884430
1463.731445	233.108932
1462.665039	215.960541
1461.597656	380.201141
1460.530273	291.758209
1459.462891	333.660889
1458.395508	506.098450
1457.327148	533.864258
1456.259766	244.666138
1455.191406	353.510864
1454.123047	269.979767
1453.053711	117.835152
1451.985352	431.452362
1450.916016	332.885468
1449.846680	542.217529
1448.776367	470.021606
1447.707031	736.496704
1446.636719	581.595886
1445.566406	656.046448
1444.496094	519.082520
1443.425781	748.156982
1442.354492	756.171448
1441.283203	479.444611
1440.211914	763.146301
1439.140625	649.643372
1438.069336	527.302795
1436.997070	576.065369
1435.924805	603.778992
1434.852539	450.269562
1433.780273	468.226257
1432.707031	473.849854
1431.633789	229.823898
1430.560547	466.605164
1429.487305	555.933594
1428.413086	316.070740
1427.339844	179.160675
1426.265625	25.424059
1425.191406	185.708160
1424.116211	117.886040
1423.041992	-27.103748
1421.966797	23.813402
1420.891602	-156.302597
1419.816406	9.924885
1418.740234	-61.708969
1417.665039	235.960419
1416.588867	122.168297
1415.512695	-90.418274
1414.435547	218.792953
1413.359375	486.251282
1412.282227	295.663055
1411.205078	244.759598
1410.127930	441.130341
1409.049805	428.047485
1407.972656	481.498871
1406.894531	542.017517
1405.816406	596.500427
1404.737305	362.343018
1403.659180	419.226074
1402.580078	307.307983
1401.500977	484.257080
1400.421875	335.063171
1399.341797	-36.055866
1398.262695	-227.183380
1397.182617	77.276978
1396.102539	-166.598557
1395.021484	-237.771591
1393.941406	-205.396240
1392.860352	-250.123810
1391.779297	-238.188797
1390.698242	15.478682
1389.616211	-85.227325
1388.535156	-218.930099
1387.453125	-64.167282
1386.371094	99.701408
1385.288086	-221.019684
1384.206055	-203.163162
1383.123047	-172.514389
1382.040039	-86.179382
1380.957031	-14.596060
1379.873047	-11.457933
1378.789063	50.029251
1377.705078	105.072075
1376.621094	-49.204910
1375.537109	-188.655685
1374.452148	-199.268463
1373.367188	-223.983597
1372.282227	-219.360138
1371.197266	-202.871216
1370.112305	-89.876648
1369.026367	36.188221
1367.940430	-214.714798
1366.854492	1.767347
1365.767578	-46.943161
1364.681641	-232.520218
1363.594727	-75.542755
1362.507813	87.349274
1361.419922	23.587957
1360.333008	7.284279
1359.245117	43.949402
1358.157227	32.589725
1357.069336	69.866867
1355.981445	70.737373
1354.892578	-4.387974
1353.803711	119.651382
1352.714844	317.282684
1351.625000	-50.551952
1350.536133	23.589903
1349.446289	437.298096
1348.356445	359.758392
1347.266602	103.962494
1346.175781	355.297974
1345.085938	59.566330
1343.995117	56.566666
1342.903320	78.491905
1341.812500	239.139511
1340.720703	105.255974
1339.629883	116.951157
1338.538086	58.971653
1337.445313	140.336563
1336.353516	46.661430
1335.260742	40.095360
1334.167969	245.007385
1333.075195	35.379402
1331.981445	232.855133
1330.888672	21.437628
1329.794922	170.963669
1328.701172	282.188904
1327.606445	250.493439
1326.512695	235.128220
1325.417969	171.264175
1324.323242	116.748657
1323.227539	373.791931
1322.132813	263.388947
1321.037109	89.981239
1319.941406	400.065552
1318.845703	205.689163
1317.750000	214.676819
1316.653320	98.660713
1315.556641	24.586716
1314.459961	273.188690
1313.363281	38.990513
1312.265625	130.534653
1311.167969	65.740540
1310.070313	45.136944
1308.972656	-193.438751
1307.874023	59.047157
1306.776367	255.644852
1305.677734	142.177170
1304.579102	-97.125000
1303.479492	50.607044
1302.380859	115.291573
1301.281250	-33.034634
1300.181641	6.255757
1299.081055	-18.867920
1297.981445	-23.432783
1296.880859	159.936890
1295.780273	-30.551523
1294.679688	43.217674
1293.578125	115.744133
1292.476563	3.028185
1291.375000	60.200176
1290.273438	111.577965
1289.171875	-47.346764
1288.069336	42.810429
1286.966797	-166.819290
1285.864258	-25.560638
1284.761719	-146.266647
1283.658203	23.349463
1282.554688	101.013596
1281.451172	149.417633
1280.347656	-46.889114
1279.244141	-196.773346
1278.139648	16.164059
1277.035156	32.435104
1275.930664	1.849863
1274.825195	-9.692565
1273.720703	-166.828751
1272.615234	-39.723877
1271.508789	30.056150
1270.403320	104.222427
1269.297852	158.978745
1268.191406	287.982025
1267.084961	244.357590
1265.977539	318.046539
1264.871094	118.244392
1263.763672	60.253700
1262.656250	57.508427
1261.548828	127.787407
1260.440430	8.801229
1259.333008	53.712299
1258.224609	-44.771626
1257.115234	-186.436172
1256.006836	11.650649
1254.897461	-64.966530
1253.788086	21.709801
1252.678711	-121.855949
1251.569336	1.666838
1250.458984	-85.435150
1249.349609	17.887398
1248.239258	-63.530952
1247.127930	-115.879143
1246.017578	7.268196
1244.906250	-82.741753
1243.794922	-156.784378
1242.683594	-51.316181
1241.571289	-110.468506
1240.459961	15.980069
1239.347656	-4.169296
1238.234375	155.976501
1237.122070	-13.895205
1236.008789	-79.173759
1234.896484	119.814568
1233.782227	-2.568842
1232.668945	56.429073
1231.555664	45.403454
1230.441406	-92.243011
1229.327148	99.437737
1228.211914	168.534897
1227.097656	50.974388
1225.982422	54.885159
1224.867188	84.920433
1223.751953	78.535889
1222.635742	92.158531
1221.520508	163.405899
1220.404297	-69.331512
1219.287109	35.912659
1218.170898	-105.697021
1217.053711	31.031563
1215.936523	134.015488
1214.819336	-92.102997
1213.702148	75.581032
1212.583984	33.687767
1211.465820	-67.665413
1210.347656	86.465500
1209.229492	-16.394436
1208.110352	-40.059677
1206.992188	168.047913
1205.873047	97.969635
1204.752930	60.790062
1203.633789	125.058189
1202.513672	48.284908
1201.393555	93.353470
1200.273438	233.232315
1199.152344	45.773823
1198.032227	140.780182
1196.911133	186.972961
1195.790039	204.107651
1194.667969	288.993561
1193.545898	111.625420
1192.424805	261.554810
1191.301758	226.556702
1190.179688	239.355576
1189.056641	143.227371
1187.933594	132.893570
1186.810547	120.253342
1185.687500	219.545700
1184.563477	91.184212
1183.440430	153.861481
1182.316406	30.643169
1181.191406	217.574829
1180.067383	314.521149
1178.942383	199.326904
1177.817383	230.687515
1176.692383	72.248268
1175.566406	228.816086
1174.440430	352.428284
1173.314453	134.093460
1172.188477	200.444214
1171.062500	57.194233
1169.935547	291.737183
1168.808594	466.899628
1167.681641	273.030060
1166.553711	305.206604
1165.426758	294.141479
1164.298828	342.437500
1163.170898	492.773956
1162.041992	459.297241
1160.914063	449.365356
1159.785156	564.967590
1158.656250	463.824402
1157.526367	516.338928
1156.397461	326.132080
1155.267578	112.675362
1154.137695	180.606339
1153.006836	167.296799
1151.876953	-69.794136
1150.746094	-36.045845
1149.615234	-20.252241
1148.484375	-160.267929
1147.352539	9.211317
1146.220703	-198.597549
1145.088867	128.529984
1143.957031	-109.780212
1142.825195	-197.197189
1141.692383	-31.703979
1140.559570	-128.397888
1139.426758	-159.877640
1138.292969	36.321899
1137.159180	-72.451164
1136.025391	-5.554325
1134.891602	-58.287460
1133.757813	-150.725830
1132.623047	-157.914261
1131.488281	-216.656754
1130.353516	-216.066650
1129.217773	-148.128326
1128.083008	-128.776566
1126.947266	-124.178299
1125.811523	2.012054
1124.674805	84.900826
1123.539063	26.775208
1122.402344	-179.547638
1121.265625	-38.121376
1120.127930	44.983444
1118.990234	20.977877
1117.853516	-96.437607
1116.714844	-93.195534
1115.577148	63.211796
1114.439453	104.026268
1113.300781	21.215227
1112.162109	-144.886017
1111.022461	-40.594349
1109.883789	-155.186157
1108.744141	-52.278675
1107.604492	63.145218
1106.463867	-66.732491
1105.324219	-218.466187
1104.183594	-24.439997
1103.042969	-51.275303
1101.902344	201.489838
1100.760742	169.681778
1099.619141	107.745644
1098.477539	-22.267738
1097.335938	55.585037
1096.193359	26.555975
1095.051758	129.951721
1093.909180	289.634613
1092.765625	272.391693
1091.623047	141.690979
1090.479492	269.252014
1089.335938	176.197052
1088.192383	10.575958
1087.047852	300.600433
1085.903320	41.423103
1084.758789	283.607544
1083.614258	218.519043
1082.469727	-48.753422
1081.324219	21.480194
1080.178711	192.082672
1079.033203	147.823654
1077.886719	172.067886
1076.740234	210.051331
1075.593750	-70.659523
1074.447266	109.161034
1073.300781	15.077545
1072.153320	168.393097
1071.005859	97.553795
1069.858398	0.082208
1068.709961	156.595764
1067.561523	40.291672
1066.413086	97.746201
1065.264648	48.521011
1064.116211	37.142593
1062.966797	52.525105
1061.817383	-19.178032
1060.667969	109.714958
1059.517578	294.088837
1058.368164	51.677387
1057.217773	80.379852
1056.067383	187.635971
1054.916016	-85.893250
1053.764648	176.248596
1052.613281	156.310684
1051.461914	150.247253
1050.310547	413.537964
1049.158203	72.941330
1048.005859	137.496933
1046.853516	282.015472
1045.700195	151.041534
1044.547852	225.864349
1043.394531	313.186157
1042.240234	364.744293
1041.086914	395.464020
1039.932617	333.413544
1038.778320	261.583862
1037.624023	610.337463
1036.469727	623.453918
1035.314453	930.619934
1034.159180	862.781860
1033.003906	1040.688843
1031.847656	778.011108
1030.692383	1002.545532
1029.536133	815.321655
1028.378906	656.932434
1027.222656	767.003906
1026.065430	519.213074
1024.908203	439.522003
1023.750977	236.972900
1022.593750	373.642120
1021.435547	327.042328
1020.277344	223.838913
1019.119141	13.664898
1017.959961	74.832680
1016.800781	-76.709084
1015.641602	69.675552
1014.482422	-231.895050
1013.323242	-40.829880
1012.163086	-115.969963
1011.002930	-23.075495
1009.842773	0.551978
1008.681641	141.193405
1007.520508	-5.533389
1006.359375	122.357162
1005.198242	392.961945
1004.037109	493.417847
1002.875000	527.174683
1001.712891	469.289825
1000.550781	337.810394
999.387695	155.575714
998.224609	332.471405
997.061523	26.539669
995.898438	130.970169
994.734375	-16.468176
993.571289	-117.849731
992.407227	72.213707
991.242188	179.435150
990.078125	70.494308
988.913086	-31.918047
987.748047	90.994102
986.583008	182.843262
985.416992	-15.511989
984.250977	-56.219906
983.084961	96.446281
981.918945	81.427200
980.751953	-111.463593
979.584961	-207.786362
978.417969	121.563599
977.250977	60.481983
976.083008	98.714867
974.915039	46.482365
973.747070	-11.041504
972.579102	79.183502
971.410156	95.929733
970.242188	-30.497335
969.072266	22.005030
967.903320	136.096207
966.733398	-266.625671
965.563477	-173.875931
964.393555	85.270477
963.223633	168.452393
962.052734	36.153908
960.881836	-10.146804
959.710938	118.705719
958.540039	-87.662361
957.368164	-7.629347
956.196289	238.900208
955.024414	-214.749313
953.851563	178.469513
952.679688	130.485840
951.506836	131.735107
950.333984	-103.452805
949.160156	4.458728
947.986328	-120.604675
946.812500	-24.765871
945.638672	-109.278603
944.464844	103.140518
943.290039	-33.617531
942.115234	102.853447
940.940430	-193.705170
939.764648	4.751853
938.588867	-54.548939
937.413086	-100.178665
936.237305	-43.358837
935.060547	-134.555054
933.883789	-84.470390
932.707031	138.783020
931.530273	-5.011473
930.352539	-146.413284
929.175781	38.009373
927.998047	-210.554901
926.819336	51.267025
925.641602	299.302551
924.462891	-35.803764
923.284180	225.812515
922.104492	214.120178
920.924805	181.919250
919.746094	186.461960
919.551758	139.079208
918.386719	-102.529709
917.220703	-155.229523
916.054688	-121.491638
914.887695	7.729756
913.721680	43.658833
912.554688	163.666351
911.387695	129.066132
910.220703	-14.605577
909.052734	66.673500
907.885742	-29.261980
906.717773	-32.067768
905.548828	-205.163727
904.380859	43.994858
903.211914	-31.492023
902.042969	199.348724
900.874023	76.189079
899.704102	111.831467
898.535156	-77.054283
897.365234	-313.484528
896.194336	-187.162338
895.024414	-149.292816
893.853516	-140.906067
892.682617	-89.498627
891.511719	-53.980591
890.340820	-247.194641
889.168945	-293.188110
887.997070	-47.193825
886.825195	81.009972
885.653320	-82.719231
884.480469	-17.925890
883.307617	-66.253922
882.134766	186.154160
880.961914	54.128483
879.788086	-111.758270
878.614258	-123.928299
877.440430	-45.737999
876.266602	30.147652
875.091797	-83.713394
873.916992	-118.514771
872.742188	113.059975
871.567383	12.750143
870.391602	-53.683247
869.215820	-2.788277
868.040039	-202.301239
866.864258	74.086494
865.687500	27.930807
864.510742	-79.082947
863.333984	156.500351
862.157227	24.688513
860.979492	-23.727266
859.802734	112.551559
858.625000	7.811416
857.446289	15.673363
856.268555	201.342285
855.089844	146.118179
853.911133	198.904266
852.731445	130.179138
851.552734	131.186813
850.373047	114.193977
849.193359	-21.961519
848.013672	-32.202530
846.833008	20.472876
845.652344	142.762924
844.471680	127.960571
843.291016	104.165421
842.110352	-45.378403
840.928711	238.406158
839.747070	225.784775
838.564453	85.244621
837.382813	258.847382
836.200195	367.315491
835.017578	150.537704
833.834961	198.414368
832.651367	100.544907
831.467773	255.965561
830.284180	180.503464
829.100586	17.682970
827.916992	13.946449
826.732422	104.255547
825.547852	198.989334
824.363281	363.061829
823.177734	305.488342
821.992188	203.171448
820.806641	299.984131
819.621094	278.198792
818.434570	218.394196
817.249023	221.196884
816.062500	130.102234
814.875000	155.242996
813.688477	-20.736637
812.500977	84.812943
811.313477	188.069778
810.125977	108.163712
808.937500	46.137199
807.749023	102.419319
806.560547	-8.707772
805.372070	76.533218
804.182617	199.646622
802.994141	14.922411
801.803711	115.668587
800.614258	-15.489390
799.424805	-93.119461
798.234375	185.805099
797.043945	43.525951
795.852539	63.893055
794.662109	-113.968491
793.470703	-53.533554
792.279297	89.221809
791.087891	9.342453
789.895508	-3.765107
788.703125	69.877220
787.510742	-18.895664
786.318359	5.760894
785.125000	48.179123
783.931641	143.908478
782.738281	24.012346
781.544922	95.230911
780.350586	-40.189590
779.156250	-106.722130
777.961914	-71.101135
776.767578	-39.953636
775.572266	42.215569
774.376953	-150.840836
773.181641	350.608551
771.986328	159.750153
770.790039	-121.973595
769.593750	217.240829
768.397461	86.328903
767.201172	-35.682079
766.003906	86.089668
764.806641	-155.540527
763.609375	-175.591278
762.412109	12.512550
761.213867	78.746445
760.015625	-34.367184
758.817383	142.467514
757.618164	-94.560143
756.419922	130.842911
755.220703	234.487961
754.021484	136.841858
752.821289	56.905354
751.621094	65.397293
750.420898	124.694572
749.220703	208.250290
748.020508	-74.941475
746.819336	194.099503
745.618164	98.676094
744.416992	135.729691
743.214844	35.905468
742.012695	121.464401
740.810547	70.180878
739.608398	-86.977356
738.406250	20.545336
737.203125	15.558141
736.000000	12.756683
734.795898	-16.509838
733.592773	-144.942810
732.388672	-77.272545
731.184570	71.842171
729.979492	-65.395035
728.775391	-180.579941
727.570313	-31.597256
726.365234	46.879639
725.160156	-237.736160
723.954102	-9.702999
722.748047	18.075350
721.541992	91.998322
720.334961	-203.461044
719.128906	-155.939209
717.921875	-110.655174
716.714844	-80.788940
715.506836	-55.347996
714.298828	-51.899048
713.090820	114.005211
711.882813	-56.043381
710.674805	-61.437351
709.465820	82.361664
708.256836	24.249949
707.047852	-40.437485
705.837891	57.156063
704.627930	66.992355
703.417969	-98.553535
702.208008	-42.708103
700.998047	-181.908752
699.787109	-163.348679
698.576172	-122.914619
697.364258	178.052750
696.153320	80.439117
694.941406	22.244717
693.729492	31.891449
692.516602	-0.053178
691.304688	107.987083
690.091797	-22.408529
688.878906	2.468094
687.665039	77.593597
686.451172	-46.213497
685.237305	114.070381
684.023438	138.822327
682.809570	143.889160
681.594727	255.935974
680.379883	136.495224
679.165039	130.590530
677.949219	255.609573
676.733398	295.466736
675.517578	204.405350
674.301758	457.950989
673.084961	270.920044
671.869141	417.489899
670.651367	385.259613
669.434570	424.936188
668.216797	244.537888
667.000000	358.250977
665.781250	88.624619
664.563477	311.154053
663.344727	137.399429
662.125977	240.095673
660.907227	381.898285
659.688477	295.208893
658.468750	247.690430
657.249023	535.049561
656.029297	198.324661
654.808594	339.914978
653.587891	322.794800
652.367188	394.746613
651.146484	301.567596
649.924805	299.628693
648.704102	236.881210
647.482422	304.397827
646.259766	378.384888
645.037109	367.702454
643.815430	419.926575
642.591797	246.543396
641.369141	428.861328
640.145508	402.956848
638.921875	383.555359
637.698242	385.823242
636.474609	236.413177
635.250000	433.654053
634.025391	193.315262
632.800781	503.060272
631.575195	355.882050
630.349609	336.456268
629.124023	355.982544
627.898438	511.793243
626.671875	308.468231
625.445313	377.706696
624.218750	196.105698
622.992188	403.671448
621.764648	185.390106
620.537109	269.698151
619.309570	230.831329
618.081055	66.706413
616.852539	-21.774225
615.624023	71.126129
614.395508	138.082672
613.166992	8.631948
611.937500	-101.348335
610.708008	-90.488022
609.477539	-81.790253
608.248047	-19.193821
607.017578	30.441076
605.787109	-135.468521
604.555664	-55.663048
603.325195	-34.056889
602.093750	-3.844212
600.861328	37.124809
599.629883	136.206299
598.397461	-44.573196
597.165039	-130.584732
595.932617	-113.282005
594.699219	-83.075348
593.465820	-65.782104
592.232422	5.263156
590.999023	-164.487976
589.764648	-142.875519
588.530273	-123.415092
587.295898	-37.358238
586.061523	76.590355
584.826172	-129.471817
583.590820	-118.592628
582.355469	10.348428
581.119141	-45.319695
579.882813	-176.052124
578.646484	-6.398299
577.410156	10.918528
576.172852	73.266373
574.935547	-110.936890
573.698242	-37.853020
572.460938	30.924582
571.222656	86.830345
569.984375	-5.072398
568.746094	74.395378
567.506836	8.251124
566.267578	222.563965
565.028320	117.918205
563.789063	47.565079
562.548828	167.646088
561.309570	187.166199
560.068359	136.128418
558.828125	140.709946
557.586914	-117.593651
556.345703	70.845184
555.104492	180.168274
553.863281	-22.398617
552.621094	97.605331
551.378906	285.897400
550.136719	179.542221
548.893555	197.031815
547.650391	265.739655
546.407227	182.970535
545.164063	138.644455
543.919922	145.529816
542.675781	163.086868
541.431641	159.339081
540.186523	191.836075
538.941406	-52.634827
537.696289	9.746634
536.451172	-27.974674
535.205078	89.765495
533.959961	18.015148
532.712891	118.701561
531.466797	-176.410446
530.219727	151.929749
528.972656	-9.037745
527.725586	-57.221352
526.478516	-73.479736
525.230469	-66.334702
523.982422	68.323822
522.734375	-111.501579
521.485352	10.391829
520.236328	15.444080
518.987305	-70.792542
517.737305	-133.629044
516.488281	-66.966393
515.238281	-214.628311
513.988281	-60.975788
512.737305	105.346077
511.486328	-61.311871
510.235352	45.595543
508.984375	-72.211731
507.732422	-16.191441
506.480469	-148.751724
505.228516	250.423904
503.976563	-53.665493
502.723633	27.729216
501.470703	113.325653
500.217773	122.695969
498.963867	51.657516
497.709961	228.161148
496.456055	74.640190
495.202148	177.046494
493.947266	127.187386
492.692383	354.233246
491.437500	287.437531
490.181641	260.804596
488.926758	251.069061
487.670898	403.938416
486.414063	413.154083
485.158203	532.116516
483.901367	606.691162
482.644531	763.505005
481.386719	806.312805
480.128906	802.678040
478.871094	1130.078003
477.613281	839.603210
476.355469	987.636353
475.096680	882.697205
473.837891	651.357849
472.578125	769.741394
471.319336	767.993164
470.059570	703.039734
468.799805	435.984955
467.539063	615.166504
466.278320	592.223328
465.017578	546.094727
463.756836	422.109680
462.495117	224.519287
461.233398	586.162476
459.971680	598.674561
458.709961	377.854736
457.447266	419.672272
456.184570	469.794006
454.921875	597.513062
453.658203	611.712158
452.394531	600.623474
451.130859	352.294678
449.867188	599.153015
448.602539	520.646118
447.337891	282.668945
446.073242	363.403381
444.807617	360.127411
443.542969	675.314636
442.276367	516.653503
441.010742	638.664185
439.744141	597.102600
438.478516	614.052002
437.210938	580.593628
435.944336	701.892822
434.676758	617.884705
433.409180	661.376038
432.141602	759.062805
430.873047	685.028870
429.604492	891.027954
428.335938	507.219666
427.067383	549.748596
425.797852	922.206970
424.528320	644.561523
423.258789	891.077637
421.988281	715.427429
420.717773	608.513306
419.447266	528.534485
418.175781	548.502930
416.905273	553.600159
415.633789	573.021484
414.362305	483.707336
413.089844	337.841949
411.817383	631.599121
410.544922	528.927795
409.272461	492.664429
407.999023	526.916382
406.725586	315.044983
405.452148	282.003296
404.177734	442.231171
402.903320	500.030579
401.628906	384.703461
400.354492	710.115051
399.079102	494.151459
397.803711	350.656769
396.528320	275.414459
395.251953	578.094116
393.976563	682.763489
392.700195	558.356384
391.422852	373.275452
390.145508	428.713867
388.869141	415.115112
387.590820	594.059692
386.313477	452.769623
385.035156	514.351379
383.756836	434.273132
382.478516	262.391724
381.199219	332.620483
379.919922	439.538300
378.640625	294.973785
377.360352	350.851654
376.080078	364.616516
374.799805	153.984756
373.519531	390.116791
372.238281	321.047363
370.957031	514.204163
369.675781	495.430298
368.394531	130.340988
367.112305	197.007401
365.830078	318.699921
364.546875	377.472168
363.264648	317.562439
361.981445	172.062073
360.698242	364.673126
359.414063	370.336792
358.129883	71.430435
356.845703	46.396191
355.561523	280.579102
354.276367	14.090886
352.991211	87.257347
351.706055	60.323765
350.420898	102.496941
349.134766	-120.451134
347.848633	65.956200
346.561523	106.817520
345.275391	148.606735
343.988281	-99.326889
342.700195	80.155739
341.413086	31.785416
340.125000	-96.105072
338.836914	-109.918991
337.548828	171.386963
336.259766	134.259735
334.970703	46.401978
333.681641	-312.297729
332.391602	29.023819
331.101563	10.955651
329.811523	-113.437431
328.521484	21.733116
327.230469	52.505672
325.939453	-193.614395
324.648438	-209.143417
323.356445	5.687109
322.064453	-210.359695
320.772461	-120.135773
319.480469	48.329643
318.187500	-76.471870
316.894531	-22.534164
315.601563	11.055182
314.307617	-119.311943
313.013672	-255.667145
311.719727	20.055483
310.425781	-11.673453
309.130859	106.083260
307.835938	2.529778
306.541016	97.552803
305.245117	165.710754
303.949219	170.201736
302.653320	186.738586
301.356445	432.065094
300.060547	292.488190
298.763672	473.601349
