1999.980469	-17.572256
1999.016602	-82.324158
1998.052734	67.037476
1997.087891	80.125534
1996.123047	192.397141
1995.158203	29.735411
1994.193359	45.537121
1993.228516	16.835802
1992.262695	60.016304
1991.297852	63.649883
1990.332031	32.702297
1989.366211	-8.062139
1988.399414	-16.583412
1987.433594	17.016830
1986.466797	-82.878029
1985.500977	-12.058814
1984.534180	-7.954347
1983.567383	25.870260
1982.599609	20.200104
1981.632813	91.186287
1980.665039	65.858559
1979.697266	-65.608154
1978.729492	7.987865
1977.761719	74.202858
1976.792969	58.983471
1975.825195	107.989006
1974.856445	-97.135803
1973.887695	-99.833466
1972.918945	-292.416809
1971.949219	84.807167
1970.980469	119.197571
1970.010742	-206.315170
1969.041016	47.569401
1968.071289	-159.438049
1967.101563	-92.836838
1966.130859	-139.541000
1965.161133	-90.135277
1964.190430	178.452927
1963.219727	82.587372
1962.249023	85.255150
1961.277344	90.413513
1960.306641	24.240139
1959.334961	4.865618
1958.363281	-203.877655
1957.391602	-48.535751
1956.419922	-23.545349
1955.447266	-153.420654
1954.474609	-47.259033
1953.501953	-29.585037
1952.529297	76.557266
1951.556641	27.914831
1950.583984	-30.513424
1949.610352	107.551445
1948.636719	-83.417702
1947.663086	-36.186573
1946.689453	-87.131218
1945.715820	26.365479
1944.741211	149.646072
1943.767578	96.282143
1942.792969	40.495995
1941.818359	-0.546236
1940.842773	120.238304
1939.868164	25.288355
1938.892578	-91.675659
1937.916992	166.290726
1936.941406	-104.978508
1935.965820	-18.545845
1934.990234	-57.033337
1934.013672	-4.914697
1933.037109	340.936188
1932.060547	16.054510
1931.083984	-66.453247
1930.107422	10.093643
1929.129883	74.378716
1928.153320	79.941307
1927.175781	-19.644501
1926.198242	100.826546
1925.219727	42.814362
1924.242188	282.962830
1923.263672	92.982742
1922.285156	34.980755
1921.306641	209.023376
1920.328125	121.697655
1919.349609	36.835716
1918.370117	130.190445
1917.391602	128.314087
1916.412109	28.816734
1915.431641	80.604752
1914.452148	-143.278305
1913.472656	115.787613
1912.492188	-15.394862
1911.511719	104.555527
1910.531250	-14.426471
1909.550781	20.146622
1908.569336	74.177956
1907.588867	123.295357
1906.607422	99.303955
1905.625977	109.390831
1904.644531	-65.587372
1903.662109	61.322220
1902.680664	-191.513062
1901.698242	-256.913269
1900.715820	115.603691
1899.733398	79.305664
1898.750000	-10.510837
1897.767578	-170.837570
1896.784180	-148.803452
1895.800781	108.960548
1894.817383	213.496674
1893.833984	72.562035
1892.850586	-56.207367
1891.866211	-31.947805
1890.881836	86.973587
1889.897461	-0.555218
1888.913086	-117.215561
1887.927734	11.254601
1886.943359	74.124039
1885.958008	-122.657715
1884.972656	63.843239
1883.987305	-128.090576
1883.001953	7.343925
1882.015625	-12.466432
1881.029297	-141.381531
1880.042969	122.291351
1879.056641	165.339676
1878.070313	-99.320206
1877.083984	-32.113697
1876.096680	68.923950
1875.109375	27.034674
1874.122070	-43.932510
1873.134766	127.097977
1872.146484	198.807526
1871.159180	52.710430
1870.170898	-122.407097
1869.182617	-104.040123
1868.194336	-167.937256
1867.205078	-52.972008
1866.216797	197.253250
1865.227539	60.685383
1864.238281	105.322777
1863.249023	-154.478668
1862.259766	-10.900152
1861.269531	-111.318375
1860.279297	271.101196
1859.290039	52.283165
1858.298828	181.013214
1857.308594	181.756577
1856.318359	126.956802
1855.327148	-9.890048
1854.335938	272.868286
1853.344727	53.952042
1852.353516	-82.977165
1851.362305	-121.095566
1850.370117	245.574081
1849.377930	79.593544
1848.385742	111.139114
1847.393555	41.460358
1846.401367	-148.650192
1845.408203	-40.227264
1844.415039	7.917192
1843.421875	101.705612
1842.428711	166.522339
1841.435547	24.363085
1840.441406	-57.679237
1839.448242	117.556892
1838.454102	172.443237
1837.459961	-200.642227
1836.464844	120.926407
1835.470703	96.286766
1834.475586	-55.746510
1833.480469	-8.420166
1832.485352	58.034000
1831.490234	78.772881
1830.495117	10.610588
1829.499023	141.620880
1828.502930	123.726295
1827.506836	96.171646
1826.510742	-15.402760
1825.513672	213.566833
1824.517578	-219.457199
1823.520508	21.311066
1822.523438	376.976257
1821.526367	94.935593
1820.529297	153.185837
1819.531250	-97.710579
1818.533203	29.866884
1817.535156	174.086929
1816.537109	-36.184483
1815.539063	136.574890
1814.540039	270.894928
1813.541992	84.432938
1812.542969	-54.186745
1811.543945	65.519279
1810.543945	-13.407659
1809.544922	51.097569
1808.544922	-61.416416
1807.544922	36.382717
1806.544922	-33.220043
1805.544922	-129.155518
1804.544922	8.985336
1803.543945	-34.532974
1802.542969	-180.795700
1801.541992	-21.469952
1800.541016	113.848442
1799.539063	-82.716881
1798.538086	-4.861829
1797.536133	63.337677
1796.534180	-28.382826
1795.532227	-86.757790
1794.529297	36.020664
1793.527344	118.154846
1792.524414	59.545696
1791.521484	-39.631401
1790.518555	-55.457535
1789.514648	-76.126137
1788.511719	-13.499547
1787.507813	79.975792
1786.503906	130.481537
1785.500000	7.125096
1784.496094	-47.246838
1783.491211	-51.714794
1782.486328	-87.187622
1781.481445	53.287834
1780.476563	60.458672
1779.471680	10.483143
1778.465820	-91.857307
1777.460938	-18.350100
1776.455078	112.073410
1775.449219	23.791086
1774.442383	-64.544800
1773.436523	146.325836
1772.429688	55.469109
1771.422852	16.797401
1770.416016	184.564728
1769.409180	88.771202
1768.402344	125.805618
1767.394531	169.856934
1766.386719	90.480476
1765.378906	105.908821
1764.371094	235.056183
1763.362305	6.132738
1762.354492	300.993988
1761.345703	-93.878464
1760.336914	212.571228
1759.328125	208.535645
1758.318359	-75.030258
1757.308594	69.994041
1756.299805	274.077942
1755.290039	-23.769356
1754.279297	-9.227545
1753.269531	99.879555
1752.258789	0.696441
1751.249023	36.292160
1750.238281	-27.524004
1749.226563	109.550751
1748.215820	10.139608
1747.204102	172.999710
1746.193359	4.943986
1745.181641	63.652164
1744.168945	60.844086
1743.157227	-10.508689
1742.144531	-129.136963
1741.132813	115.737747
1740.120117	-19.536518
1739.106445	38.646847
1738.093750	-125.016258
1737.080078	102.848206
1736.067383	-181.180786
1735.053711	37.033272
1734.040039	80.646797
1733.025391	-12.539064
1732.011719	103.976112
1730.997070	13.036342
1729.982422	32.773930
1728.967773	-15.865384
1727.952148	3.721025
1726.937500	35.012760
1725.921875	-105.612564
1724.906250	78.506996
1723.890625	-92.795082
1722.875000	-177.059341
1721.858398	-202.569214
1720.841797	-98.802139
1719.825195	-98.587692
1718.808594	-63.179283
1717.791992	80.258560
1716.774414	33.239033
1715.756836	-16.176889
1714.739258	-122.008209
1713.721680	150.226089
1712.704102	-98.945145
1711.685547	196.519363
1710.667969	-80.852905
1709.649414	108.776825
1708.630859	-194.411880
1707.611328	-112.866188
1706.592773	-57.196877
1705.573242	-41.480583
1704.553711	18.714464
1703.534180	-66.491989
1702.513672	-43.937004
1701.494141	69.940094
1700.473633	132.170609
1699.453125	107.665085
1698.432617	90.139030
1697.412109	-49.174511
1696.390625	-55.080601
1695.369141	84.061035
1694.347656	-17.906176
1693.326172	191.252823
1692.304688	-11.371461
1691.282227	188.237015
1690.260742	-124.296555
1689.238281	54.120735
1688.214844	12.716979
1687.192383	-66.091316
1686.168945	112.055099
1685.146484	110.244774
1684.123047	246.162003
1683.099609	148.492554
1682.075195	158.187714
1681.051758	240.202576
1680.027344	191.451614
1679.002930	170.674484
1677.978516	329.477448
1676.953125	182.648499
1675.928711	283.013245
1674.903320	122.183105
1673.877930	206.114761
1672.852539	47.615616
1671.826172	371.423798
1670.800781	527.362244
1669.774414	343.151581
1668.748047	380.193878
1667.721680	489.360077
1666.694336	661.284668
1665.667969	868.033142
1664.640625	707.023987
1663.613281	792.638000
1662.585938	754.917114
1661.557617	979.942993
1660.530273	1116.518555
1659.501953	985.676453
1658.473633	1040.785889
1657.444336	1035.419800
1656.416016	978.934937
1655.386719	982.824829
1654.358398	1351.304688
1653.328125	1245.934082
1652.298828	1210.239258
1651.269531	1021.354431
1650.239258	1280.366211
1649.208984	1267.812866
1648.178711	1331.791870
1647.148438	1474.581543
1646.117188	1584.822998
1645.086914	1474.785400
1644.055664	1575.682861
1643.024414	1655.670898
1641.992188	1557.199097
1640.960938	1470.349487
1639.928711	1712.382813
1638.896484	1669.497437
1637.864258	1621.989502
1636.832031	1752.721191
1635.798828	2084.716309
1634.766602	1877.483398
1633.733398	2072.828369
1632.699219	2221.821533
1631.666016	2248.207520
1630.632813	2286.141602
1629.598633	2236.206787
1628.564453	2096.158691
1627.530273	2159.499023
1626.495117	2250.524414
1625.460938	2362.317627
1624.425781	2335.499756
1623.390625	2468.004639
1622.355469	2468.885498
1621.319336	2490.529053
1620.284180	2530.643555
1619.248047	2286.971924
1618.211914	2647.727783
1617.174805	2524.051025
1616.138672	2799.330322
1615.101563	2719.492676
1614.065430	2589.007324
1613.027344	2776.556885
1611.990234	2959.454102
1610.953125	2799.081055
1609.915039	2935.860596
1608.876953	3210.755859
1607.838867	3114.923828
1606.800781	3318.363770
1605.761719	3277.802002
1604.723633	3320.118408
1603.684570	3314.119873
1602.644531	3478.322754
1601.605469	3106.736816
1600.566406	3576.739258
1599.526367	3278.868896
1598.486328	3403.984131
1597.446289	3223.496338
1596.405273	3109.711914
1595.365234	3221.092529
1594.324219	3275.040283
1593.283203	3126.967529
1592.242188	3603.324707
1591.200195	3606.762695
1590.159180	3557.474854
1589.117188	3850.037109
1588.075195	3938.394531
1587.032227	4143.689941
1585.990234	4238.908203
1584.947266	4049.879639
1583.904297	4282.652344
1582.861328	4267.912109
1581.818359	4134.094238
1580.775391	4167.572754
1579.731445	4063.670410
1578.687500	4120.121582
1577.643555	3972.868652
1576.598633	4068.302979
1575.554688	4186.643555
1574.509766	4474.266113
1573.464844	4363.836914
1572.419922	4278.657715
1571.374023	4447.341309
1570.329102	4257.128906
1569.283203	4083.031982
1568.237305	4032.450928
1567.191406	4036.775879
1566.144531	3924.651611
1565.098633	3655.064209
1564.051758	3924.479736
1563.004883	3319.531250
1561.957031	3650.638672
1560.910156	3415.774414
1559.862305	3413.761963
1558.814453	3222.488770
1557.766602	3206.959717
1556.718750	3218.862793
1555.669922	3312.884277
1554.621094	3413.773682
1553.573242	3188.835938
1552.523438	3191.867188
1551.474609	3320.260986
1550.424805	3314.294922
1549.375000	3522.440430
1548.325195	3518.857666
1547.275391	3522.177002
1546.225586	3318.486328
1545.174805	3121.766113
1544.124023	3100.353760
1543.073242	2951.665771
1542.022461	2875.878418
1540.970703	2993.427002
1539.919922	3047.375977
1538.868164	2769.588623
1537.815430	2982.745850
1536.763672	2691.614014
1535.710938	2552.836670
1534.659180	2793.418213
1533.606445	2863.708252
1532.552734	2409.718018
1531.500000	2434.840576
1530.446289	2296.667725
1529.393555	2310.634521
1528.338867	2326.933594
1527.285156	2191.397461
1526.231445	2037.867676
1525.176758	2061.281006
1524.122070	2164.094971
1523.067383	2090.229980
1522.012695	2066.325684
1520.957031	1768.463379
1519.901367	2016.543823
1518.845703	1999.735474
1517.790039	2220.701904
1516.734375	1814.800659
1515.677734	2044.953491
1514.621094	2159.740723
1513.564453	2118.521729
1512.507813	2113.599854
1511.450195	1923.382446
1510.393555	2119.879639
1509.335938	1963.838867
1508.278320	2144.630859
1507.219727	1961.737183
1506.162109	2074.906982
1505.103516	1741.011475
1504.044922	2089.185791
1502.986328	1979.102539
1501.926758	2049.708252
1500.868164	1906.043823
1499.808594	2168.605957
1498.749023	2036.463623
1497.688477	2168.314697
1496.628906	2313.758301
1495.568359	2168.464355
1494.507813	2158.559814
1493.447266	2126.239990
1492.386719	1839.478638
1491.325195	1908.809570
1490.263672	1897.158325
1489.202148	1845.099609
1488.140625	1878.713989
1487.079102	1829.160034
1486.016602	1932.744385
1484.954102	1676.456543
1483.891602	1463.124023
1482.829102	1146.550049
1481.765625	1086.525879
1480.702148	867.054199
1479.638672	906.224426
1478.575195	918.544678
1477.511719	704.137390
1476.447266	658.380371
1475.382813	513.977783
1474.318359	663.749512
1473.253906	591.584412
1472.189453	555.350037
1471.124023	671.797791
1470.058594	851.013123
1468.993164	857.748291
1467.927734	707.847412
1466.861328	623.311218
1465.794922	782.733459
1464.728516	772.177002
1463.662109	788.330505
1462.594727	619.267578
1461.528320	933.155518
1460.460938	764.708496
1459.393555	723.401428
1458.326172	809.386902
1457.257813	961.211609
1456.189453	624.260132
1455.121094	877.385193
1454.052734	1070.999146
1452.984375	1211.420532
1451.915039	817.680969
1450.845703	761.118530
1449.776367	949.962830
1448.707031	1047.849731
1447.636719	677.918884
1446.567383	680.320374
1445.497070	485.870270
1444.425781	645.748779
1443.355469	656.452026
1442.285156	657.989868
1441.213867	534.282715
1440.142578	388.641907
1439.070313	520.046753
1437.999023	421.092743
1436.926758	310.065552
1435.854492	318.889343
1434.782227	209.798492
1433.709961	490.048920
1432.636719	227.345078
1431.563477	-52.081738
1430.490234	92.002838
1429.416992	131.276505
1428.343750	119.312454
1427.269531	93.722008
1426.195313	67.547302
1425.121094	173.282425
1424.046875	-145.191849
1422.971680	-8.023541
1421.896484	255.842651
1420.821289	326.416412
1419.746094	289.939758
1418.669922	-37.287556
1417.594727	90.211922
1416.518555	113.275131
1415.442383	73.476120
1414.365234	61.228310
1413.289063	6.900751
1412.211914	31.842056
1411.134766	-150.178955
1410.057617	-53.901718
1408.979492	-96.853683
1407.902344	-136.389694
1406.824219	29.321449
1405.746094	186.191483
1404.666992	9.704181
1403.588867	-189.018784
1402.509766	-9.402125
1401.430664	31.207573
1400.351563	64.117638
1399.271484	61.805534
1398.192383	22.105589
1397.112305	46.259262
1396.031250	122.340797
1394.951172	321.642761
1393.871094	475.470978
1392.790039	283.718536
1391.708984	319.714478
1390.626953	722.317993
1389.545898	450.875183
1388.463867	385.868500
1387.381836	505.865723
1386.299805	279.788330
1385.217773	357.590973
1384.134766	365.871765
1383.051758	396.070068
1381.968750	573.898315
1380.885742	301.616791
1379.802734	525.248474
1378.718750	480.711334
1377.634766	496.357208
1376.550781	557.012695
1375.465820	437.346100
1374.381836	678.260742
1373.296875	526.565369
1372.211914	605.568237
1371.126953	604.268860
1370.041016	524.618225
1368.955078	402.565765
1367.869141	457.739899
1366.783203	392.863678
1365.697266	336.458038
1364.610352	178.825958
1363.523438	399.344147
1362.436523	494.376251
1361.349609	501.580841
1360.261719	266.358002
1359.174805	180.411697
1358.086914	345.174622
1356.998047	220.288055
1355.910156	413.515808
1354.821289	494.719940
1353.732422	396.810242
1352.643555	480.013641
1351.554688	573.861633
1350.464844	441.874359
1349.375000	361.775635
1348.285156	287.363586
1347.195313	498.926575
1346.105469	403.373077
1345.014648	272.406219
1343.923828	490.926086
1342.833008	456.190735
1341.741211	533.996338
1340.650391	804.026733
1339.558594	760.374146
1338.466797	795.739868
1337.374023	597.559021
1336.282227	553.859558
1335.189453	625.606323
1334.096680	435.120392
1333.003906	576.748657
1331.910156	459.766571
1330.817383	645.257568
1329.723633	533.873108
1328.629883	607.866333
1327.535156	466.435822
1326.441406	516.823608
1325.346680	376.464935
1324.251953	442.617462
1323.156250	545.606079
1322.061523	445.034424
1320.965820	594.130310
1319.870117	524.102295
1318.774414	521.622375
1317.678711	379.383942
1316.582031	524.254333
1315.485352	447.698639
1314.388672	755.469788
1313.291016	769.102356
1312.194336	606.110596
1311.096680	692.096741
1309.999023	647.553650
1308.901367	698.303772
1307.802734	988.804688
1306.705078	1062.995850
1305.606445	1024.048340
1304.506836	1039.927368
1303.408203	979.177307
1302.308594	962.439453
1301.208984	1118.329224
1300.109375	901.353455
1299.009766	1020.631409
1297.909180	1094.566528
1296.808594	989.545410
1295.708008	837.163879
1294.607422	819.103516
1293.506836	721.115234
1292.405273	680.640015
1291.303711	869.094482
1290.202148	734.824280
1289.099609	544.420837
1287.998047	757.688538
1286.895508	808.761597
1285.792969	687.348206
1284.689453	667.531372
1283.586914	761.311218
1282.483398	627.712952
1281.379883	801.433899
1280.276367	652.722046
1279.171875	740.369568
1278.067383	660.500244
1276.962891	632.218628
1275.858398	434.153534
1274.753906	465.571503
1273.648438	410.682800
1272.542969	349.801544
1271.437500	357.256775
1270.331055	166.211044
1269.225586	147.587082
1268.119141	182.429901
1267.012695	60.529900
1265.906250	224.465118
1264.798828	44.537006
1263.691406	-21.274702
1262.583984	-38.679066
1261.476563	-49.710342
1260.368164	-168.117752
1259.260742	18.814728
1258.152344	-134.154404
1257.043945	-137.587616
1255.934570	125.263062
1254.825195	-110.362144
1253.716797	-21.773943
1252.606445	-72.452698
1251.497070	-100.181870
1250.387695	-129.772018
1249.277344	46.078667
1248.166992	-29.447365
1247.055664	-40.545315
1245.945313	155.689636
1244.833984	110.966805
1243.722656	31.258581
1242.611328	219.368591
1241.499023	158.665207
1240.387695	28.605795
1239.275391	110.859833
1238.162109	18.035686
1237.049805	80.547661
1235.936523	-41.157345
1234.823242	-112.382469
1233.709961	-33.436371
1232.596680	-21.449009
1231.482422	-13.363403
1230.369141	-219.894272
1229.253906	-41.189880
1228.139648	-80.766144
1227.025391	-105.379562
1225.910156	-56.456512
1224.794922	-37.912510
1223.679688	-102.344284
1222.563477	-14.206526
1221.447266	59.090130
1220.331055	-118.768814
1219.214844	78.932419
1218.098633	42.500431
1216.981445	115.436600
1215.864258	180.322479
1214.747070	336.461761
1213.629883	289.588806
1212.511719	333.076019
1211.393555	388.474792
1210.275391	506.073151
1209.157227	547.327148
1208.038086	577.137512
1206.918945	705.191406
1205.799805	518.098145
1204.680664	731.625366
1203.560547	675.906128
1202.441406	433.746552
1201.321289	555.269226
1200.200195	682.146057
1199.080078	560.571899
1197.958984	302.601837
1196.837891	202.652710
1195.716797	327.101532
1194.594727	281.544189
1193.473633	447.028229
1192.351563	403.751282
1191.229492	368.469086
1190.106445	455.508972
1188.984375	503.927460
1187.861328	321.270630
1186.738281	396.237701
1185.614258	645.519226
1184.491211	470.441406
1183.367188	579.575562
1182.243164	598.251953
1181.119141	569.414063
1179.994141	573.776611
1178.869141	746.584961
1177.744141	607.208374
1176.619141	580.420410
1175.493164	517.436829
1174.368164	537.378357
1173.242188	610.904663
1172.115234	709.307861
1170.989258	729.231384
1169.862305	608.815308
1168.735352	823.254395
1167.608398	660.059692
1166.481445	639.810486
1165.353516	819.600037
1164.225586	704.841187
1163.097656	602.207092
1161.968750	694.419861
1160.840820	810.395142
1159.711914	880.826111
1158.583008	775.447998
1157.453125	797.307129
1156.324219	867.897644
1155.194336	840.105713
1154.064453	768.994934
1152.933594	854.627014
1151.803711	847.957520
1150.672852	907.052856
1149.541992	927.030701
1148.411133	810.563171
1147.279297	845.344604
1146.147461	806.359863
1145.015625	708.008850
1143.883789	735.160950
1142.750977	699.425293
1141.619141	546.286804
1140.486328	571.299316
1139.352539	474.730652
1138.219727	326.573792
1137.085938	451.792419
1135.952148	409.366241
1134.818359	323.701874
1133.683594	335.395447
1132.549805	366.581177
1131.415039	424.947815
1130.279297	459.448822
1129.144531	364.912140
1128.008789	503.255676
1126.873047	349.652069
1125.737305	231.853683
1124.601563	65.229202
1123.464844	103.604744
1122.328125	233.556442
1121.191406	242.498871
1120.054688	119.565384
1118.916992	45.790863
1117.779297	98.209740
1116.641602	146.298157
1115.503906	64.152374
1114.365234	169.139099
1113.226563	105.812584
1112.087891	81.870682
1110.949219	64.677284
1109.809570	195.503159
1108.669922	163.585464
1107.530273	97.453171
1106.390625	133.654755
1105.250000	331.314270
1104.109375	283.880157
1102.968750	90.419441
1101.828125	215.849823
1100.686523	267.756073
1099.544922	236.321259
1098.403320	431.297089
1097.261719	368.240875
1096.120117	160.239319
1094.977539	374.318298
1093.834961	176.673981
1092.691406	289.577240
1091.548828	236.069580
1090.405273	288.776917
1089.261719	188.149628
1088.118164	229.273468
1086.973633	338.210052
1085.829102	315.191254
1084.684570	260.157349
1083.540039	223.662842
1082.395508	243.016220
1081.250000	230.944809
1080.104492	250.095917
1078.958984	182.243835
1077.812500	173.887192
1076.666016	99.553421
1075.519531	-38.254642
1074.373047	93.016655
1073.226563	87.153381
1072.079102	166.123611
1070.931641	30.021534
1069.784180	84.174294
1068.635742	162.349564
1067.487305	-30.801561
1066.338867	93.228737
1065.190430	181.007843
1064.041992	181.182266
1062.892578	-2.380998
1061.743164	75.650192
1060.593750	158.284683
1059.443359	208.885376
1058.292969	501.988770
1057.142578	463.987488
1055.992188	427.554535
1054.841797	465.753418
1053.690430	380.040497
1052.539063	340.240784
1051.387695	487.964722
1050.235352	392.355988
1049.083984	403.526978
1047.931641	297.970947
1046.778320	90.552025
1045.625977	160.860672
1044.472656	50.752968
1043.319336	129.050613
1042.166016	145.022354
1041.012695	-28.450739
1039.858398	110.844749
1038.704102	-85.038681
1037.549805	-22.819546
1036.394531	-30.299263
1035.239258	-30.368454
1034.083984	-77.489761
1032.928711	-203.205887
1031.773438	-138.243118
1030.617188	-150.256683
1029.460938	-0.557727
1028.304688	91.372604
1027.147461	142.021484
1025.991211	55.986706
1024.833984	-12.727463
1023.675781	202.815643
1022.518555	-9.369784
1021.360352	42.118622
1020.202148	23.472263
1019.043945	-34.147373
1017.884766	-74.165672
1016.726563	116.845345
1015.567383	-90.589531
1014.407227	-57.529671
1013.248047	-107.531067
1012.087891	112.470757
1010.927734	47.449017
1009.767578	-85.494308
1008.606445	205.783325
1007.446289	149.267578
1006.285156	5.704963
1005.123047	187.154327
1003.961914	-3.364060
1002.799805	54.861759
1001.637695	175.664932
1000.475586	170.254929
999.312500	349.081421
998.149414	78.236603
996.986328	189.593964
995.823242	229.275116
994.659180	99.079147
993.496094	-52.988178
992.332031	24.996992
991.166992	62.995945
990.002930	-159.939804
988.837891	35.371571
987.672852	-198.613449
986.506836	30.485455
985.341797	26.730495
984.175781	192.730347
983.009766	-62.362480
981.843750	11.883230
980.676758	82.392960
979.509766	76.066460
978.342773	219.601563
977.175781	87.314270
976.007813	186.638657
974.839844	112.586037
973.671875	-30.986076
972.503906	-55.475052
971.334961	58.163853
970.166016	29.816668
968.997070	-147.638077
967.828125	3.704993
966.658203	-104.080742
965.488281	-42.434731
964.318359	-213.927658
963.148438	69.707207
961.977539	-278.574127
960.806641	-90.946259
959.635742	66.920525
958.463867	-10.888483
957.292969	-25.035208
956.121094	128.744019
954.948242	-200.542480
953.776367	89.297615
952.603516	31.251373
951.430664	-162.659653
950.257813	18.758053
949.084961	61.383526
947.911133	-16.009815
946.737305	-69.244972
945.563477	-37.637718
944.388672	145.944138
943.213867	136.378403
942.039063	-25.710283
940.864258	62.385765
939.688477	9.068128
938.513672	105.401718
937.337891	85.037193
936.161133	94.214821
934.985352	35.556370
933.808594	150.849487
932.631836	124.698357
931.454102	158.480896
930.277344	238.346954
929.099609	239.298264
927.921875	134.262894
926.743164	200.405716
925.565430	32.817753
924.386719	194.032242
923.208008	37.323517
922.028320	-89.479561
920.849609	-12.600735
919.669922	-10.163706
919.474609	99.919334
918.309570	-48.648899
917.143555	-88.631096
915.977539	-6.528181
914.810547	64.664780
913.644531	27.312708
912.477539	-37.164993
911.310547	42.043823
910.143555	-8.909383
908.975586	53.952850
907.807617	67.995956
906.639648	-42.598347
905.471680	-169.420319
904.303711	-125.625160
903.134766	58.906559
901.965820	-5.671062
900.796875	-18.827208
899.626953	-197.035767
898.457031	-72.232445
897.287109	76.841095
896.117188	114.974449
894.947266	-28.050117
893.776367	104.651802
892.605469	-22.132792
891.434570	-84.042542
890.262695	-97.322014
889.091797	29.817255
887.919922	-91.512810
886.748047	8.549056
885.575195	-88.464912
884.403320	14.225020
883.230469	127.652054
882.057617	-23.314219
880.883789	-112.205109
879.710938	-31.214933
878.537109	-101.223206
877.362305	-222.419464
876.188477	-74.125893
875.013672	-165.666428
873.839844	-251.794418
872.664063	101.044014
871.489258	157.571701
870.313477	125.240013
869.138672	-12.045649
867.962891	-100.850082
866.786133	195.060959
865.610352	6.720823
864.433594	-108.944626
863.256836	-17.558420
862.079102	14.651589
860.902344	-52.591774
859.724609	14.527906
858.546875	189.065308
857.368164	-36.643482
856.190430	14.305016
855.011719	-1.885642
853.833008	175.177597
852.654297	201.887573
851.474609	252.731216
850.294922	279.408661
849.115234	21.795172
847.935547	99.447151
846.754883	99.323616
845.575195	-61.614838
844.393555	-152.816849
843.212891	136.446930
842.032227	-80.655525
840.850586	-56.649143
839.668945	44.991367
838.486328	-8.670063
837.304688	-137.249542
836.122070	-8.899672
834.939453	92.643570
833.756836	63.084419
832.573242	103.065857
831.389648	145.703949
830.206055	92.094009
829.022461	73.248840
827.838867	169.303787
826.654297	222.578522
825.469727	110.238869
824.284180	131.461426
823.099609	144.664673
821.914063	155.194366
820.728516	245.778809
819.542969	216.261765
818.356445	237.441849
817.169922	119.930122
815.983398	-114.855934
814.796875	244.946442
813.609375	76.865814
812.422852	132.695068
811.235352	247.115341
810.046875	470.700317
808.859375	204.175949
807.670898	385.075409
806.482422	257.104858
805.293945	185.077728
804.104492	105.098122
802.915039	251.282852
801.725586	195.259735
800.536133	88.732239
799.345703	290.661407
798.155273	239.978928
796.964844	263.729095
795.774414	151.957596
794.583008	96.018517
793.392578	164.930191
792.200195	111.663849
791.008789	177.885025
789.816406	137.904541
788.625000	82.014137
787.432617	129.620300
786.239258	-53.578018
785.046875	-29.839872
783.853516	89.342751
782.660156	75.919998
781.465820	30.693558
780.272461	72.927803
779.078125	-120.653999
777.883789	-86.362450
776.688477	141.234436
775.494141	-44.315754
774.298828	-63.022247
773.103516	24.136837
771.907227	66.270203
770.711914	18.429340
769.515625	-92.877968
768.318359	-48.125294
767.122070	36.256935
765.924805	-117.303642
764.727539	-51.459961
763.530273	-128.334045
762.333008	-7.061577
761.134766	-46.957844
759.936523	39.898434
758.738281	-55.455605
757.540039	-124.387627
756.340820	78.506264
755.141602	49.124882
753.942383	61.946743
752.742188	3.543644
751.541992	-36.393581
750.341797	100.294212
749.141602	12.879938
747.941406	-24.447973
746.740234	64.681007
745.539063	32.591526
744.337891	55.799145
743.135742	-192.207504
741.933594	94.232658
740.731445	75.246040
739.529297	48.353531
738.326172	113.525124
737.124023	94.482651
735.919922	49.130821
734.716797	69.500259
733.513672	-25.816032
732.309570	-94.837456
731.105469	1.670925
729.900391	-93.645294
728.696289	52.669361
727.491211	-19.039623
726.286133	-98.621719
725.080078	147.257034
723.874023	83.360970
722.668945	187.368591
721.461914	65.725746
720.255859	-239.468811
719.048828	129.260437
717.841797	2.368344
716.634766	9.156998
715.427734	10.668718
714.219727	4.287024
713.011719	-36.176189
711.803711	-79.276749
710.594727	165.590454
709.385742	98.834572
708.176758	5.899759
706.967773	-84.418243
705.758789	-93.645981
704.548828	-61.064716
703.338867	-182.808121
702.127930	14.392246
700.917969	-78.648994
699.707031	-98.526634
698.496094	-105.376152
697.285156	81.022507
696.073242	102.775520
694.861328	14.815393
693.649414	138.286499
692.436523	42.433590
691.224609	53.554272
690.011719	4.621091
688.798828	86.068687
687.584961	276.952728
686.372070	350.388489
685.158203	118.777924
683.943359	262.474335
682.729492	395.637177
681.514648	411.470917
680.299805	510.583893
679.084961	409.109222
677.869141	409.148254
676.653320	510.637024
675.437500	250.329819
674.221680	349.095764
673.004883	575.213684
671.789063	546.331238
670.571289	413.401611
669.354492	314.263580
668.136719	498.382813
666.919922	344.584656
665.701172	380.425354
664.483398	390.219238
663.264648	441.493744
662.045898	443.357025
660.827148	468.518524
659.608398	503.985657
658.388672	648.341492
657.168945	665.469727
655.949219	586.571167
654.728516	779.887024
653.507813	646.428040
652.287109	652.913696
651.066406	734.474487
649.844727	510.238037
648.623047	736.704834
647.401367	698.874512
646.179688	717.950928
644.957031	900.022522
643.734375	647.179810
642.511719	676.398193
641.289063	697.774048
640.065430	664.758057
638.841797	636.858948
637.618164	601.144836
636.393555	549.867188
635.168945	713.018311
633.944336	643.513000
632.719727	628.208679
631.494141	760.036194
630.269531	803.955627
629.042969	816.803711
627.817383	537.949707
626.590820	524.903687
625.365234	713.012024
624.137695	557.936096
622.911133	634.931519
621.683594	536.512024
620.456055	481.880829
619.228516	401.431488
618.000977	488.412201
616.772461	549.522949
615.543945	489.496521
614.314453	504.089447
613.085938	410.491272
611.856445	445.542053
610.626953	372.435852
609.397461	584.847717
608.166992	406.145355
606.936523	304.593353
605.706055	192.731583
604.474609	271.054138
603.244141	482.909302
602.012695	381.146698
600.780273	412.930664
599.548828	395.841766
598.316406	365.849060
597.083984	407.681580
595.851563	256.936554
594.618164	175.468155
593.384766	371.040344
592.151367	181.724030
590.917969	274.506134
589.683594	182.583542
588.449219	147.029099
587.214844	231.876663
585.979492	191.072601
584.745117	193.777069
583.509766	127.265358
582.273438	42.792973
581.038086	78.622490
579.801758	160.444031
578.565430	114.226517
577.329102	116.581146
576.091797	47.253906
574.854492	292.447815
573.617188	171.868362
572.378906	140.748322
571.141602	293.600647
569.903320	152.494354
568.664063	162.111038
567.425781	189.557709
566.186523	102.032127
564.947266	60.449726
563.708008	77.543060
562.467773	155.822617
561.227539	65.638535
559.987305	148.901184
558.747070	45.922329
557.505859	108.667465
556.264648	-147.291351
555.023438	75.950470
553.781250	110.501968
552.539063	30.365028
551.296875	18.996052
550.054688	-50.968861
548.811523	166.739487
547.569336	183.250824
546.325195	197.169800
545.082031	190.707077
543.837891	-31.995880
542.593750	55.631504
541.349609	-55.122215
540.105469	-26.039757
538.860352	119.912704
537.615234	103.163261
536.369141	30.509415
535.124023	8.672197
533.877930	-127.443855
532.631836	-40.104397
531.384766	-89.882538
530.138672	-93.966805
528.891602	-131.044968
527.643555	44.952858
526.396484	-9.904481
525.148438	112.736252
523.900391	111.110939
522.652344	-80.596230
521.403320	-173.405106
520.154297	-119.238998
518.905273	-24.568007
517.656250	57.407276
516.406250	-156.859344
515.156250	-1.477741
513.906250	-157.417053
512.655273	-164.009613
511.404297	-185.762787
510.153320	-184.731705
508.902344	0.891789
507.650391	-63.814472
506.398438	-88.034721
505.146484	-286.573669
503.893555	-106.071678
502.641602	-24.121134
501.388672	-81.071175
500.134766	53.897018
498.881836	-139.291046
497.627930	104.200615
496.374023	-48.493263
495.119141	-74.971596
493.865234	-25.742786
492.610352	15.928627
491.355469	87.868546
490.099609	33.794437
488.843750	-131.088058
487.587891	-81.729088
486.332031	254.775604
485.075195	74.957909
483.818359	53.864922
482.561523	93.232811
481.304688	142.693176
480.046875	154.431137
478.789063	279.401611
477.531250	183.056351
476.272461	106.907516
475.013672	297.296448
473.754883	203.656128
472.496094	145.279785
471.236328	200.018280
469.976563	174.408813
468.716797	113.702347
467.456055	118.337540
466.196289	-7.495786
464.935547	22.352024
463.673828	-55.652485
462.413086	4.386037
461.151367	154.720688
459.889648	41.771309
458.626953	11.633312
457.364258	-108.671219
456.101563	-28.429466
454.838867	-176.146515
453.575195	76.966049
452.312500	164.746338
451.047852	97.302231
449.784180	112.522560
448.519531	20.162737
447.254883	-192.214523
445.990234	53.269451
444.725586	-106.451149
443.459961	146.455994
442.194336	-93.163002
440.927734	-82.748573
439.662109	-2.358256
438.395508	120.473305
437.127930	-111.392044
435.861328	-50.999775
434.593750	86.753586
433.326172	42.244942
432.058594	67.618484
430.790039	63.028866
429.521484	200.599380
428.252930	103.678635
426.984375	79.076904
425.714844	104.303291
424.445313	82.132523
423.174805	348.947174
421.905273	226.999237
420.634766	391.452728
419.364258	177.298233
418.092773	438.642609
416.822266	229.402130
415.550781	351.114288
414.278320	315.944855
413.006836	337.902283
411.734375	245.346008
410.461914	289.453278
409.188477	137.043076
407.916016	175.920166
406.642578	219.597092
405.368164	109.083809
404.094727	229.419006
402.820313	160.814621
401.545898	-37.036324
400.270508	28.068399
398.996094	8.570376
397.720703	8.693417
396.444336	107.780457
395.168945	-61.234001
393.892578	59.613678
392.616211	100.810585
391.339844	146.646652
390.062500	249.126663
388.785156	110.960533
387.507813	98.809830
386.229492	123.432907
384.951172	194.697144
383.672852	126.939316
382.394531	222.099197
381.115234	49.603672
379.835938	74.586708
378.556641	84.247169
377.277344	239.264786
375.997070	139.106628
374.716797	162.007294
373.435547	169.499146
372.155273	72.671303
370.874023	37.000660
369.591797	-21.524687
368.310547	64.965477
367.028320	-125.685738
365.746094	65.470589
364.463867	38.723991
363.180664	188.775116
361.897461	-51.623005
360.614258	-26.503336
359.330078	27.305246
358.045898	129.481049
356.761719	60.704628
355.477539	74.745567
354.192383	122.247482
352.907227	-124.270050
351.622070	-24.677620
350.336914	-32.041962
349.050781	-119.289627
347.764648	-151.094772
346.477539	-120.180588
345.191406	130.782913
343.904297	117.289993
342.616211	161.425629
341.329102	-100.492943
340.041016	-125.456924
338.752930	-173.981552
337.463867	-10.397928
336.175781	-57.087318
334.886719	-203.577438
333.596680	-94.035416
332.307617	-52.455750
331.017578	46.175812
329.727539	-161.136963
328.436523	139.702362
327.146484	-83.588562
325.855469	17.141163
324.563477	0.582634
323.272461	-42.516895
321.980469	-73.109253
320.688477	-59.386562
319.395508	-160.615997
318.103516	-122.141014
316.810547	-32.319866
315.516602	23.118259
314.223633	-117.186897
312.929688	-5.796390
311.635742	58.845245
310.340820	71.737579
309.045898	-13.526928
307.750977	98.669792
306.456055	127.210907
305.160156	-28.132887
303.865234	265.209747
302.568359	-16.192587
301.272461	75.125938
299.975586	272.707642
298.678711	378.876587
