1999.980469	-61.044319
1999.016602	-42.970501
1998.052734	-113.461105
1997.087891	-99.760887
1996.123047	84.803108
1995.158203	33.878048
1994.193359	-69.123367
1993.228516	-18.634214
1992.262695	-136.597351
1991.297852	129.094742
1990.332031	-55.816368
1989.366211	66.106918
1988.399414	74.118423
1987.433594	49.909874
1986.466797	161.672195
1985.500977	243.666550
1984.534180	56.112759
1983.567383	86.087997
1982.599609	106.119720
1981.632813	-17.204634
1980.665039	74.390739
1979.697266	170.853027
1978.729492	99.321243
1977.761719	40.125729
1976.792969	50.036457
1975.825195	-107.914742
1974.856445	143.781448
1973.887695	-9.251180
1972.918945	-147.452164
1971.949219	99.100388
1970.980469	94.034912
1970.010742	165.373856
1969.041016	91.242744
1968.071289	78.731087
1967.101563	16.931202
1966.130859	120.190300
1965.161133	154.434540
1964.190430	-15.736060
1963.219727	-178.467682
1962.249023	-168.833282
1961.277344	62.292339
1960.306641	-73.317192
1959.334961	98.647766
1958.363281	27.024231
1957.391602	-123.273727
1956.419922	58.429634
1955.447266	-5.778875
1954.474609	8.690494
1953.501953	150.944992
1952.529297	30.243183
1951.556641	34.874855
1950.583984	113.190277
1949.610352	122.719360
1948.636719	-54.347839
1947.663086	85.318336
1946.689453	-172.659561
1945.715820	-84.543732
1944.741211	145.840057
1943.767578	-33.495129
1942.792969	-107.301834
1941.818359	54.319656
1940.842773	196.273941
1939.868164	110.230148
1938.892578	-159.574142
1937.916992	-208.753067
1936.941406	94.856621
1935.965820	121.591911
1934.990234	128.734146
1934.013672	64.877190
1933.037109	-145.822769
1932.060547	86.554176
1931.083984	27.658352
1930.107422	157.176208
1929.129883	-19.108067
1928.153320	137.286591
1927.175781	168.925720
1926.198242	-78.138275
1925.219727	46.424641
1924.242188	-85.651726
1923.263672	-53.968872
1922.285156	-46.720604
1921.306641	-198.227554
1920.328125	-56.634590
1919.349609	-44.490898
1918.370117	-247.162857
1917.391602	-122.709869
1916.412109	-112.988396
1915.431641	-42.275211
1914.452148	-61.837833
1913.472656	38.111561
1912.492188	47.805134
1911.511719	3.864212
1910.531250	232.931808
1909.550781	74.435127
1908.569336	-86.439659
1907.588867	-213.149658
1906.607422	40.141941
1905.625977	-32.974915
1904.644531	-106.067245
1903.662109	86.197540
1902.680664	59.345669
1901.698242	-47.801773
1900.715820	-1.643158
1899.733398	-43.075665
1898.750000	127.082832
1897.767578	58.881981
1896.784180	-62.785957
1895.800781	48.920845
1894.817383	-133.471985
1893.833984	-131.149765
1892.850586	-121.551727
1891.866211	16.756052
1890.881836	-97.548645
1889.897461	-17.592577
1888.913086	81.738693
1887.927734	30.544062
1886.943359	18.178005
1885.958008	-13.610125
1884.972656	78.303764
1883.987305	-89.329193
1883.001953	-77.489326
1882.015625	-119.008514
1881.029297	64.880920
1880.042969	-10.619712
1879.056641	27.762192
1878.070313	44.303127
1877.083984	68.080376
1876.096680	67.606606
1875.109375	-24.893347
1874.122070	-35.085373
1873.134766	165.254288
1872.146484	77.541504
1871.159180	127.731964
1870.170898	93.213921
1869.182617	-59.822796
1868.194336	72.478378
1867.205078	107.997032
1866.216797	22.619827
1865.227539	256.222015
1864.238281	112.791397
1863.249023	111.900406
1862.259766	81.989586
1861.269531	102.759621
1860.279297	58.296143
1859.290039	45.191788
1858.298828	12.740503
1857.308594	6.802917
1856.318359	27.362854
1855.327148	62.340504
1854.335938	200.958481
1853.344727	13.979627
1852.353516	157.283997
1851.362305	35.365894
1850.370117	103.813286
1849.377930	179.414444
1848.385742	81.500595
1847.393555	-52.552078
1846.401367	37.332783
1845.408203	117.498787
1844.415039	-33.493073
1843.421875	12.858403
1842.428711	244.408905
1841.435547	-94.326706
1840.441406	163.500824
1839.448242	74.890938
1838.454102	53.575039
1837.459961	0.959268
1836.464844	51.646568
1835.470703	133.497223
1834.475586	30.260767
1833.480469	-12.946444
1832.485352	66.282135
1831.490234	56.574749
1830.495117	-56.420834
1829.499023	-49.430141
1828.502930	15.088322
1827.506836	146.698380
1826.510742	11.916979
1825.513672	49.803532
1824.517578	-154.584930
1823.520508	-71.263817
1822.523438	91.059814
1821.526367	145.404892
1820.529297	65.473999
1819.531250	241.840836
1818.533203	87.523232
1817.535156	213.384918
1816.537109	195.465393
1815.539063	-2.063974
1814.540039	173.783340
1813.541992	148.481949
1812.542969	-1.301291
1811.543945	-7.577313
1810.543945	201.316910
1809.544922	70.511909
1808.544922	-45.981289
1807.544922	322.722229
1806.544922	172.613266
1805.544922	63.102566
1804.544922	82.556915
1803.543945	235.676025
1802.542969	214.331558
1801.541992	-79.269806
1800.541016	-26.705553
1799.539063	133.153458
1798.538086	-41.196243
1797.536133	-31.860363
1796.534180	13.169035
1795.532227	-37.294853
1794.529297	40.930496
1793.527344	18.923504
1792.524414	-31.766977
1791.521484	65.228767
1790.518555	-71.391243
1789.514648	65.898933
1788.511719	-35.112446
1787.507813	113.857117
1786.503906	29.366276
1785.500000	175.717590
1784.496094	12.540825
1783.491211	-17.416819
1782.486328	-23.657848
1781.481445	-25.225340
1780.476563	87.271240
1779.471680	-47.636940
1778.465820	-111.269402
1777.460938	15.181574
1776.455078	-20.095898
1775.449219	84.729324
1774.442383	-43.368603
1773.436523	73.122833
1772.429688	-76.467247
1771.422852	30.309858
1770.416016	-140.750885
1769.409180	-152.833038
1768.402344	69.900375
1767.394531	69.464058
1766.386719	-132.661591
1765.378906	-154.574112
1764.371094	-36.682590
1763.362305	-129.900330
1762.354492	16.208956
1761.345703	124.255974
1760.336914	-30.793932
1759.328125	65.204918
1758.318359	4.773449
1757.308594	-81.767250
1756.299805	-170.717819
1755.290039	-276.297546
1754.279297	81.879311
1753.269531	30.538670
1752.258789	59.548702
1751.249023	15.157153
1750.238281	-116.801300
1749.226563	-208.612717
1748.215820	-68.823799
1747.204102	11.738598
1746.193359	-205.513885
1745.181641	-44.803902
1744.168945	-89.730949
1743.157227	-19.003963
1742.144531	-160.884125
1741.132813	-121.022430
1740.120117	-85.986969
1739.106445	-105.328339
1738.093750	-11.491987
1737.080078	176.565887
1736.067383	76.773224
1735.053711	90.104202
1734.040039	-85.239143
1733.025391	-201.682800
1732.011719	-49.512093
1730.997070	-10.576599
1729.982422	-23.556763
1728.967773	90.567459
1727.952148	32.669598
1726.937500	198.379135
1725.921875	76.779442
1724.906250	86.935608
1723.890625	47.604042
1722.875000	116.423035
1721.858398	-10.080919
1720.841797	133.813812
1719.825195	-60.973217
1718.808594	31.018581
1717.791992	45.347454
1716.774414	61.939037
1715.756836	-60.153603
1714.739258	113.681526
1713.721680	275.640411
1712.704102	146.325256
1711.685547	183.651718
1710.667969	171.620636
1709.649414	-93.914032
1708.630859	461.730164
1707.611328	-43.160259
1706.592773	94.681679
1705.573242	166.741348
1704.553711	32.409462
1703.534180	45.730743
1702.513672	410.486603
1701.494141	222.112549
1700.473633	33.737988
1699.453125	77.241280
1698.432617	207.308762
1697.412109	135.928558
1696.390625	209.629852
1695.369141	159.213120
1694.347656	171.934067
1693.326172	285.189026
1692.304688	87.268898
1691.282227	113.853065
1690.260742	360.162415
1689.238281	400.604645
1688.214844	244.649261
1687.192383	341.078918
1686.168945	388.348022
1685.146484	269.723724
1684.123047	386.952301
1683.099609	198.220535
1682.075195	329.319824
1681.051758	205.932800
1680.027344	301.888367
1679.002930	404.763153
1677.978516	218.309128
1676.953125	372.372192
1675.928711	461.060150
1674.903320	311.870544
1673.877930	496.009155
1672.852539	526.234741
1671.826172	640.274963
1670.800781	691.354126
1669.774414	621.254700
1668.748047	481.292023
1667.721680	639.351807
1666.694336	650.660583
1665.667969	585.149109
1664.640625	787.200134
1663.613281	737.900574
1662.585938	690.916565
1661.557617	953.195190
1660.530273	945.660583
1659.501953	1047.344727
1658.473633	946.768372
1657.444336	1032.086548
1656.416016	1159.180664
1655.386719	1111.985718
1654.358398	1127.504272
1653.328125	1214.947632
1652.298828	1390.567505
1651.269531	1433.807129
1650.239258	1490.924927
1649.208984	1471.442871
1648.178711	1556.337524
1647.148438	1520.590454
1646.117188	1702.790283
1645.086914	1711.052856
1644.055664	1888.490112
1643.024414	1625.551392
1641.992188	1742.666504
1640.960938	1940.819214
1639.928711	1872.535522
1638.896484	2126.137207
1637.864258	2189.798096
1636.832031	2376.108887
1635.798828	2400.338379
1634.766602	2160.802246
1633.733398	2113.350830
1632.699219	2123.729492
1631.666016	2203.493164
1630.632813	2169.943604
1629.598633	2251.974365
1628.564453	2248.470703
1627.530273	2332.779785
1626.495117	2213.754395
1625.460938	2339.630615
1624.425781	2089.042480
1623.390625	2385.756348
1622.355469	2246.083252
1621.319336	2325.719238
1620.284180	2550.724609
1619.248047	2524.177490
1618.211914	2615.293945
1617.174805	2614.133789
1616.138672	2555.365967
1615.101563	2581.921143
1614.065430	2454.079590
1613.027344	2383.892578
1611.990234	2739.990723
1610.953125	2692.871338
1609.915039	2991.232910
1608.876953	2875.045898
1607.838867	2676.057617
1606.800781	2898.376465
1605.761719	2736.326172
1604.723633	2836.668701
1603.684570	3385.550537
1602.644531	3046.494385
1601.605469	3018.038086
1600.566406	3088.483154
1599.526367	3154.327393
1598.486328	3137.453125
1597.446289	3159.683350
1596.405273	3083.153809
1595.365234	3105.465820
1594.324219	3061.206543
1593.283203	3030.782715
1592.242188	3053.208252
1591.200195	2986.154297
1590.159180	3146.338623
1589.117188	3035.799805
1588.075195	2962.049561
1587.032227	2876.898926
1585.990234	2853.745850
1584.947266	2938.375977
1583.904297	2841.973633
1582.861328	2624.221436
1581.818359	2828.132080
1580.775391	2704.485107
1579.731445	2727.489502
1578.687500	2645.223145
1577.643555	2833.159668
1576.598633	2602.249268
1575.554688	2508.791748
1574.509766	2605.302490
1573.464844	2292.412842
1572.419922	2503.395508
1571.374023	2417.116455
1570.329102	2374.380615
1569.283203	2254.009766
1568.237305	2295.990723
1567.191406	2066.154785
1566.144531	1845.602905
1565.098633	1947.221680
1564.051758	1799.984619
1563.004883	1803.542480
1561.957031	1839.113770
1560.910156	1694.483154
1559.862305	1711.957642
1558.814453	1827.584106
1557.766602	1651.327393
1556.718750	1705.510498
1555.669922	1524.931396
1554.621094	1615.731445
1553.573242	1501.495117
1552.523438	1553.681152
1551.474609	1439.652710
1550.424805	1578.536499
1549.375000	1558.060303
1548.325195	1533.121582
1547.275391	1524.211060
1546.225586	1538.145142
1545.174805	1581.727295
1544.124023	1538.939819
1543.073242	1475.788208
1542.022461	1510.525391
1540.970703	1345.269409
1539.919922	1218.819336
1538.868164	1085.682373
1537.815430	1161.710205
1536.763672	1312.772339
1535.710938	1159.524292
1534.659180	1335.692505
1533.606445	1346.147827
1532.552734	1227.305908
1531.500000	1119.963379
1530.446289	1110.314453
1529.393555	980.546814
1528.338867	1118.539185
1527.285156	1054.769531
1526.231445	972.987793
1525.176758	1049.998169
1524.122070	682.898193
1523.067383	948.198364
1522.012695	925.798584
1520.957031	806.112732
1519.901367	890.377625
1518.845703	741.522583
1517.790039	719.589111
1516.734375	851.660706
1515.677734	676.058960
1514.621094	916.877625
1513.564453	1232.346680
1512.507813	930.462708
1511.450195	1010.883545
1510.393555	989.671021
1509.335938	936.929443
1508.278320	947.585938
1507.219727	759.543884
1506.162109	863.055542
1505.103516	948.566956
1504.044922	779.033997
1502.986328	537.447327
1501.926758	505.949066
1500.868164	456.531647
1499.808594	317.004395
1498.749023	441.539398
1497.688477	272.980408
1496.628906	239.883316
1495.568359	328.633575
1494.507813	183.081467
1493.447266	175.152161
1492.386719	205.639877
1491.325195	-72.343483
1490.263672	95.778503
1489.202148	9.537374
1488.140625	101.279091
1487.079102	-13.948222
1486.016602	-174.017532
1484.954102	-12.200654
1483.891602	111.434265
1482.829102	73.231201
1481.765625	23.924063
1480.702148	102.882126
1479.638672	42.595814
1478.575195	-64.709099
1477.511719	302.118927
1476.447266	291.596527
1475.382813	402.454712
1474.318359	623.308777
1473.253906	267.591583
1472.189453	596.350037
1471.124023	548.331848
1470.058594	614.745789
1468.993164	423.760040
1467.927734	629.283752
1466.861328	673.398132
1465.794922	518.718628
1464.728516	635.117432
1463.662109	673.148315
1462.594727	729.057739
1461.528320	890.372498
1460.460938	799.245728
1459.393555	955.900818
1458.326172	687.947083
1457.257813	1043.773071
1456.189453	812.108704
1455.121094	803.731140
1454.052734	912.198914
1452.984375	800.195679
1451.915039	929.991394
1450.845703	785.066101
1449.776367	944.317261
1448.707031	1037.494751
1447.636719	849.075073
1446.567383	885.081543
1445.497070	922.367798
1444.425781	691.585510
1443.355469	825.201477
1442.285156	577.970764
1441.213867	778.321777
1440.142578	512.363159
1439.070313	730.843750
1437.999023	641.162903
1436.926758	496.459198
1435.854492	892.545898
1434.782227	860.846680
1433.709961	998.677612
1432.636719	742.327332
1431.563477	709.413330
1430.490234	706.545593
1429.416992	498.659454
1428.343750	702.613098
1427.269531	680.393738
1426.195313	773.997192
1425.121094	658.779663
1424.046875	591.430176
1422.971680	458.257782
1421.896484	657.963867
1420.821289	620.193481
1419.746094	744.678833
1418.669922	737.164856
1417.594727	878.066833
1416.518555	593.912354
1415.442383	648.125610
1414.365234	671.992004
1413.289063	798.618408
1412.211914	605.988220
1411.134766	732.091553
1410.057617	692.406555
1408.979492	637.344116
1407.902344	702.234619
1406.824219	681.210815
1405.746094	749.065125
1404.666992	605.169739
1403.588867	648.368835
1402.509766	561.188538
1401.430664	631.430603
1400.351563	697.180359
1399.271484	975.296997
1398.192383	780.781555
1397.112305	793.761108
1396.031250	935.925720
1394.951172	818.326782
1393.871094	1002.012939
1392.790039	908.258911
1391.708984	1042.278442
1390.626953	771.395020
1389.545898	1009.387634
1388.463867	1004.917786
1387.381836	988.821960
1386.299805	788.175598
1385.217773	913.760437
1384.134766	923.037292
1383.051758	933.993530
1381.968750	824.082642
1380.885742	769.537292
1379.802734	723.643066
1378.718750	729.115234
1377.634766	762.972778
1376.550781	774.416199
1375.465820	866.690369
1374.381836	845.800720
1373.296875	795.291443
1372.211914	867.042358
1371.126953	1090.442383
1370.041016	1109.477905
1368.955078	1115.353760
1367.869141	1078.387573
1366.783203	1151.907837
1365.697266	1143.441895
1364.610352	1202.918335
1363.523438	1140.541138
1362.436523	992.400513
1361.349609	1118.671509
1360.261719	1080.811035
1359.174805	1042.615845
1358.086914	890.238220
1356.998047	783.109985
1355.910156	767.585266
1354.821289	850.684631
1353.732422	719.084167
1352.643555	700.433472
1351.554688	735.561890
1350.464844	692.049988
1349.375000	596.772766
1348.285156	575.556580
1347.195313	544.912354
1346.105469	451.397858
1345.014648	608.968079
1343.923828	735.703674
1342.833008	721.230774
1341.741211	584.842468
1340.650391	629.967651
1339.558594	890.675964
1338.466797	632.063232
1337.374023	656.232361
1336.282227	619.923218
1335.189453	586.512573
1334.096680	541.353821
1333.003906	892.772156
1331.910156	913.814331
1330.817383	739.531982
1329.723633	878.767273
1328.629883	894.753174
1327.535156	685.366638
1326.441406	707.086548
1325.346680	855.236023
1324.251953	794.389526
1323.156250	785.778809
1322.061523	848.760071
1320.965820	853.505615
1319.870117	794.788879
1318.774414	759.107056
1317.678711	805.464966
1316.582031	822.652344
1315.485352	851.762573
1314.388672	1017.256714
1313.291016	855.732178
1312.194336	982.269714
1311.096680	795.017334
1309.999023	813.560364
1308.901367	918.411499
1307.802734	720.797363
1306.705078	776.912537
1305.606445	736.324280
1304.506836	814.322876
1303.408203	626.178894
1302.308594	717.859192
1301.208984	851.149048
1300.109375	721.530884
1299.009766	640.592651
1297.909180	533.317078
1296.808594	577.398376
1295.708008	681.427429
1294.607422	645.410156
1293.506836	486.647278
1292.405273	569.600403
1291.303711	627.408691
1290.202148	422.157257
1289.099609	327.067383
1287.998047	448.518829
1286.895508	298.401550
1285.792969	184.043091
1284.689453	319.191315
1283.586914	307.391754
1282.483398	438.902710
1281.379883	255.071182
1280.276367	164.759537
1279.171875	295.802673
1278.067383	354.095306
1276.962891	174.691254
1275.858398	137.451843
1274.753906	307.180847
1273.648438	204.641037
1272.542969	246.882294
1271.437500	213.092178
1270.331055	99.514969
1269.225586	255.362503
1268.119141	239.917221
1267.012695	180.587341
1265.906250	162.231293
1264.798828	126.309280
1263.691406	162.064392
1262.583984	111.622696
1261.476563	55.955921
1260.368164	97.564354
1259.260742	-109.374603
1258.152344	24.541903
1257.043945	-92.010483
1255.934570	-61.241379
1254.825195	-168.705627
1253.716797	-94.704208
1252.606445	-85.588745
1251.497070	-37.121689
1250.387695	-159.872986
1249.277344	-25.476013
1248.166992	47.079762
1247.055664	-167.862473
1245.945313	-27.628416
1244.833984	107.050232
1243.722656	28.578556
1242.611328	102.539673
1241.499023	-37.731030
1240.387695	47.450523
1239.275391	-18.127815
1238.162109	168.517487
1237.049805	190.301941
1235.936523	124.883522
1234.823242	65.475945
1233.709961	-27.387449
1232.596680	33.493675
1231.482422	59.294556
1230.369141	-114.504745
1229.253906	-78.804619
1228.139648	-28.260994
1227.025391	-3.652728
1225.910156	160.484451
1224.794922	-7.040924
1223.679688	55.478340
1222.563477	-148.132172
1221.447266	-145.482834
1220.331055	-83.079323
1219.214844	-64.322800
1218.098633	-107.248222
1216.981445	-5.001735
1215.864258	-248.206329
1214.747070	-127.644005
1213.629883	-20.637791
1212.511719	-67.862198
1211.393555	-249.729187
1210.275391	-109.850845
1209.157227	-42.088238
1208.038086	-30.988012
1206.918945	86.211784
1205.799805	6.046568
1204.680664	121.746101
1203.560547	-79.915047
1202.441406	198.422012
1201.321289	248.185028
1200.200195	204.822495
1199.080078	398.723694
1197.958984	295.686371
1196.837891	126.220840
1195.716797	125.898651
1194.594727	105.191505
1193.473633	-3.016854
1192.351563	-11.745317
1191.229492	-70.524475
1190.106445	196.161194
1188.984375	187.147873
1187.861328	126.818771
1186.738281	113.134666
1185.614258	176.738907
1184.491211	263.737457
1183.367188	105.571953
1182.243164	65.156395
1181.119141	167.826157
1179.994141	46.475418
1178.869141	16.852346
1177.744141	60.563789
1176.619141	91.153145
1175.493164	72.140465
1174.368164	31.483963
1173.242188	4.148106
1172.115234	-10.616776
1170.989258	64.963219
1169.862305	-26.753134
1168.735352	60.660442
1167.608398	-6.732101
1166.481445	-49.051373
1165.353516	17.088598
1164.225586	-6.006819
1163.097656	-3.451380
1161.968750	100.152504
1160.840820	35.178150
1159.711914	195.820587
1158.583008	-173.944656
1157.453125	4.622637
1156.324219	28.625656
1155.194336	-103.282890
1154.064453	-137.195633
1152.933594	-3.169373
1151.803711	-71.715767
1150.672852	-169.772293
1149.541992	-124.904984
1148.411133	-34.725552
1147.279297	9.843760
1146.147461	-64.871330
1145.015625	-1.445392
1143.883789	3.324349
1142.750977	-35.782360
1141.619141	140.371201
1140.486328	147.513763
1139.352539	244.723007
1138.219727	191.975800
1137.085938	181.519165
1135.952148	279.151001
1134.818359	220.919830
1133.683594	223.648056
1132.549805	321.340424
1131.415039	372.735687
1130.279297	515.730896
1129.144531	545.376099
1128.008789	521.156738
1126.873047	560.192505
1125.737305	624.291809
1124.601563	744.043274
1123.464844	531.260071
1122.328125	429.776947
1121.191406	526.784119
1120.054688	399.549988
1118.916992	424.201996
1117.779297	301.536072
1116.641602	402.218994
1115.503906	418.407867
1114.365234	484.859863
1113.226563	265.655304
1112.087891	220.508865
1110.949219	72.743713
1109.809570	211.756439
1108.669922	147.760452
1107.530273	12.952897
1106.390625	71.826851
1105.250000	293.259216
1104.109375	183.303467
1102.968750	84.200737
1101.828125	26.533005
1100.686523	129.664276
1099.544922	36.096531
1098.403320	323.637329
1097.261719	233.599152
1096.120117	294.696808
1094.977539	267.845795
1093.834961	218.275009
1092.691406	430.847137
1091.548828	292.472443
1090.405273	223.993469
1089.261719	114.846352
1088.118164	87.912964
1086.973633	-57.036049
1085.829102	238.108490
1084.684570	11.765568
1083.540039	178.234055
1082.395508	-44.545570
1081.250000	166.640488
1080.104492	97.145844
1078.958984	158.669785
1077.812500	232.131027
1076.666016	280.394135
1075.519531	248.062683
1074.373047	95.688568
1073.226563	180.337311
1072.079102	300.545532
1070.931641	247.561920
1069.784180	162.354340
1068.635742	303.752258
1067.487305	207.978165
1066.338867	167.145447
1065.190430	389.918335
1064.041992	348.230560
1062.892578	309.507111
1061.743164	476.049805
1060.593750	486.810974
1059.443359	346.636292
1058.292969	184.055359
1057.142578	164.728516
1055.992188	278.086639
1054.841797	40.862328
1053.690430	30.096378
1052.539063	-0.436231
1051.387695	140.341873
1050.235352	78.944946
1049.083984	13.695693
1047.931641	-40.168644
1046.778320	-12.356960
1045.625977	12.779942
1044.472656	109.003426
1043.319336	4.008857
1042.166016	251.949814
1041.012695	-125.052315
1039.858398	-50.965149
1038.704102	119.528008
1037.549805	123.789742
1036.394531	52.329865
1035.239258	-25.234970
1034.083984	-54.706219
1032.928711	194.668381
1031.773438	222.464310
1030.617188	90.272247
1029.460938	30.387800
1028.304688	101.784935
1027.147461	126.828575
1025.991211	-4.472892
1024.833984	179.072922
1023.675781	198.724991
1022.518555	71.726364
1021.360352	144.195938
1020.202148	39.444378
1019.043945	-56.369743
1017.884766	82.398438
1016.726563	165.427994
1015.567383	94.844193
1014.407227	197.703918
1013.248047	17.893541
1012.087891	64.820320
1010.927734	114.916420
1009.767578	196.298431
1008.606445	-92.592216
1007.446289	-128.545471
1006.285156	36.009579
1005.123047	-120.229538
1003.961914	115.310776
1002.799805	45.602554
1001.637695	-66.895302
1000.475586	33.364479
999.312500	147.496841
998.149414	130.143448
996.986328	-42.900398
995.823242	43.116707
994.659180	-54.795910
993.496094	-67.715271
992.332031	-173.719864
991.166992	-52.965611
990.002930	-177.891617
988.837891	-99.536545
987.672852	-138.270096
986.506836	-3.439624
985.341797	-125.756401
984.175781	4.373452
983.009766	-46.488956
981.843750	-154.728943
980.676758	-110.184273
979.509766	-162.734161
978.342773	-55.257080
977.175781	-170.487946
976.007813	-113.833038
974.839844	69.425270
973.671875	137.907516
972.503906	21.130756
971.334961	-0.060440
970.166016	104.738190
968.997070	160.177490
967.828125	21.790091
966.658203	89.004463
965.488281	109.954483
964.318359	40.411095
963.148438	3.591524
961.977539	224.853790
960.806641	311.956879
959.635742	-63.891708
958.463867	127.338776
957.292969	117.096817
956.121094	85.275574
954.948242	-141.934189
953.776367	30.012850
952.603516	86.832916
951.430664	153.506897
950.257813	134.496155
949.084961	24.095055
947.911133	95.509918
946.737305	24.792051
945.563477	-94.064972
944.388672	-19.846109
943.213867	68.729492
942.039063	-55.007671
940.864258	-70.868721
939.688477	67.990196
938.513672	-43.287350
937.337891	70.449768
936.161133	149.209702
934.985352	298.025818
933.808594	46.912350
932.631836	88.070290
931.454102	129.194870
930.277344	125.376251
929.099609	196.483002
927.921875	187.556015
926.743164	186.134186
925.565430	279.600769
924.386719	178.223633
923.208008	21.926493
922.028320	37.925919
920.849609	-45.936691
919.669922	-43.162209
919.474609	42.881451
918.309570	13.874779
917.143555	-199.745575
915.977539	5.730329
914.810547	-60.707634
913.644531	-114.672005
912.477539	20.814619
911.310547	-45.639309
910.143555	-107.098907
908.975586	-14.094928
907.807617	101.269203
906.639648	-19.993525
905.471680	-96.409180
904.303711	48.723705
903.134766	24.557888
901.965820	246.711655
900.796875	-23.789312
899.626953	-3.200518
898.457031	32.285812
897.287109	110.007835
896.117188	73.346664
894.947266	-147.210129
893.776367	86.991051
892.605469	142.229691
891.434570	-83.209778
890.262695	-204.279282
889.091797	-5.064540
887.919922	47.617290
886.748047	95.303535
885.575195	23.870350
884.403320	-62.429066
883.230469	-56.943218
882.057617	22.915037
880.883789	-179.874680
879.710938	38.750443
878.537109	-20.257408
877.362305	14.893907
876.188477	72.312180
875.013672	-100.612999
873.839844	-8.551144
872.664063	6.726996
871.489258	118.511024
870.313477	24.863293
869.138672	30.199286
867.962891	-28.782940
866.786133	-18.507111
865.610352	-72.528427
864.433594	78.633339
863.256836	71.554642
862.079102	-14.596655
860.902344	-132.838608
859.724609	-78.146149
858.546875	-11.139110
857.368164	107.681374
856.190430	-30.267160
855.011719	-99.066185
853.833008	-130.834549
852.654297	-169.998962
851.474609	-93.235405
850.294922	-1.716449
849.115234	-13.786783
847.935547	85.056557
846.754883	-18.220894
845.575195	63.319958
844.393555	80.776833
843.212891	132.695587
842.032227	-78.879189
840.850586	-12.192934
839.668945	59.380630
838.486328	-51.178398
837.304688	-16.546116
836.122070	-36.049423
834.939453	-102.278839
833.756836	-84.891632
832.573242	-168.306213
831.389648	11.283417
830.206055	-27.904078
829.022461	6.618544
827.838867	31.293589
826.654297	-59.467331
825.469727	-115.826988
824.284180	-56.799572
823.099609	105.268005
821.914063	90.596451
820.728516	26.858936
819.542969	-46.673172
818.356445	127.485863
817.169922	66.204529
815.983398	29.449492
814.796875	39.262592
813.609375	-161.649780
812.422852	-36.689129
811.235352	-53.838066
810.046875	-70.989365
808.859375	14.675241
807.670898	190.856659
806.482422	-78.419380
805.293945	68.326439
804.104492	122.050377
802.915039	-46.808727
801.725586	-32.228619
800.536133	107.007294
799.345703	111.749756
798.155273	16.292095
796.964844	-137.772156
795.774414	-59.743988
794.583008	-52.578415
793.392578	30.255913
792.200195	-26.093838
791.008789	20.067451
789.816406	144.276245
788.625000	43.982891
787.432617	-48.966621
786.239258	-222.361664
785.046875	13.882962
783.853516	-37.609528
782.660156	-8.675577
781.465820	-52.864113
780.272461	73.466774
779.078125	-31.640850
777.883789	77.555695
776.688477	-17.804115
775.494141	-137.483536
774.298828	-137.890854
773.103516	14.958881
771.907227	192.051727
770.711914	74.786644
769.515625	93.712265
768.318359	-35.674713
767.122070	124.189781
765.924805	9.388463
764.727539	234.731522
763.530273	98.052620
762.333008	-70.159325
761.134766	53.023979
759.936523	23.208694
758.738281	126.861275
757.540039	48.469654
756.340820	-88.131699
755.141602	-64.626610
753.942383	135.859573
752.742188	108.348755
751.541992	-47.638733
750.341797	-89.689186
749.141602	-160.821503
747.941406	-86.611244
746.740234	77.150894
745.539063	-228.917984
744.337891	-82.194221
743.135742	-32.369946
741.933594	-33.411003
740.731445	-36.898804
739.529297	49.081333
738.326172	-63.302471
737.124023	-59.615082
735.919922	127.754936
734.716797	-98.251823
733.513672	76.905777
732.309570	20.046129
731.105469	64.620598
729.900391	432.721924
728.696289	197.074692
727.491211	84.594200
726.286133	242.411621
725.080078	202.286575
723.874023	248.984116
722.668945	351.098419
721.461914	101.097435
720.255859	205.541855
719.048828	285.805634
717.841797	194.911713
716.634766	169.067795
715.427734	-1.322160
714.219727	-70.533882
713.011719	2.301421
711.803711	-134.356613
710.594727	44.280678
709.385742	104.902473
708.176758	-14.964171
706.967773	110.508568
705.758789	-93.549728
704.548828	-9.061469
703.338867	130.635361
702.127930	-63.804558
700.917969	-99.626984
699.707031	15.859529
698.496094	30.388433
697.285156	112.102051
696.073242	160.130508
694.861328	40.089222
693.649414	-41.548424
692.436523	78.330040
691.224609	49.403263
690.011719	226.682510
688.798828	60.988480
687.584961	204.544846
686.372070	371.965118
685.158203	258.928314
683.943359	222.553299
682.729492	554.992859
681.514648	410.727539
680.299805	486.732635
679.084961	505.216034
677.869141	437.495911
676.653320	350.618988
675.437500	309.182739
674.221680	329.898987
673.004883	211.879761
671.789063	330.529572
670.571289	346.310638
669.354492	421.778137
668.136719	454.164886
666.919922	379.009491
665.701172	260.852905
664.483398	159.414856
663.264648	122.421059
662.045898	271.544739
660.827148	430.104248
659.608398	256.964813
658.388672	300.885651
657.168945	237.439560
655.949219	107.222260
654.728516	189.143280
653.507813	282.898621
652.287109	71.609428
651.066406	284.356842
649.844727	354.077637
648.623047	266.578339
647.401367	250.485046
646.179688	317.651398
644.957031	372.844147
643.734375	254.304565
642.511719	297.503540
641.289063	266.923706
640.065430	350.426392
638.841797	179.515823
637.618164	260.535950
636.393555	134.767990
635.168945	201.419434
633.944336	85.129181
632.719727	220.533264
631.494141	222.894272
630.269531	89.928078
629.042969	123.075165
627.817383	108.718925
626.590820	125.159561
625.365234	165.266571
624.137695	302.518188
622.911133	88.850983
621.683594	43.494652
620.456055	-37.424839
619.228516	49.842937
618.000977	75.454659
616.772461	124.692253
615.543945	105.215073
614.314453	118.841148
613.085938	125.326454
611.856445	91.549736
610.626953	105.056267
609.397461	80.683479
608.166992	146.127258
606.936523	83.858795
605.706055	7.401111
604.474609	108.153175
603.244141	8.030700
602.012695	70.882805
600.780273	58.108467
599.548828	160.992737
598.316406	282.681488
597.083984	510.481201
595.851563	464.467712
594.618164	465.618011
593.384766	245.054153
592.151367	236.762161
590.917969	226.088455
589.683594	132.898712
588.449219	70.356041
587.214844	106.760048
585.979492	60.682404
584.745117	99.378532
583.509766	25.024246
582.273438	66.012871
581.038086	-163.667618
579.801758	121.996407
578.565430	9.974958
577.329102	46.146805
576.091797	-108.176170
574.854492	12.596227
573.617188	79.242210
572.378906	202.237717
571.141602	-109.456345
569.903320	-71.059868
568.664063	11.921187
567.425781	-292.531708
566.186523	-80.460686
564.947266	-126.638748
563.708008	132.213364
562.467773	41.416336
561.227539	-136.125031
559.987305	-172.908813
558.747070	62.256344
557.505859	-9.724888
556.264648	-69.964264
555.023438	-139.550674
553.781250	-141.186890
552.539063	-79.594025
551.296875	26.456415
550.054688	109.055222
548.811523	219.699844
547.569336	-32.365433
546.325195	-27.002701
545.082031	-183.012039
543.837891	-72.385826
542.593750	-120.770988
541.349609	6.169335
540.105469	44.266148
538.860352	-48.481133
537.615234	199.847885
536.369141	46.408886
535.124023	-193.337265
533.877930	-22.135761
532.631836	-210.397369
531.384766	-71.905838
530.138672	-164.401627
528.891602	-240.518555
527.643555	-246.635635
526.396484	-159.475876
525.148438	132.771255
523.900391	-113.385223
522.652344	-147.403580
521.403320	-118.499222
520.154297	-192.051941
518.905273	67.394989
517.656250	-78.281792
516.406250	-91.219582
515.156250	-87.839378
513.906250	-65.826149
512.655273	2.716982
511.404297	-219.404572
510.153320	-278.668854
508.902344	-131.017761
507.650391	-215.784958
506.398438	-49.572472
505.146484	-59.934635
503.893555	24.947218
502.641602	126.077278
501.388672	-18.866457
500.134766	14.979539
498.881836	106.851616
497.627930	187.111359
496.374023	160.679626
495.119141	83.272430
493.865234	43.024132
492.610352	202.150818
491.355469	101.700951
490.099609	31.440226
488.843750	130.328079
487.587891	87.939362
486.332031	126.632050
485.075195	-19.850801
483.818359	-8.869432
482.561523	-30.259424
481.304688	-197.352524
480.046875	14.950579
478.789063	-71.101379
477.531250	46.347134
476.272461	57.445045
475.013672	170.235718
473.754883	-40.446091
472.496094	58.497982
471.236328	210.529083
469.976563	170.879578
468.716797	299.770599
467.456055	220.912064
466.196289	10.583233
464.935547	54.104797
463.673828	263.669159
462.413086	85.771065
461.151367	334.438873
459.889648	200.397247
458.626953	82.540886
457.364258	197.420334
456.101563	-90.842087
454.838867	65.460823
453.575195	99.657845
452.312500	350.202667
451.047852	20.673054
449.784180	121.528687
448.519531	-67.532524
447.254883	44.742039
445.990234	32.769505
444.725586	87.433655
443.459961	128.240631
442.194336	152.900528
440.927734	90.197418
439.662109	100.970619
438.395508	100.196587
437.127930	237.109528
435.861328	249.946930
434.593750	264.995941
433.326172	360.263550
432.058594	361.354370
430.790039	199.519348
429.521484	200.452530
428.252930	134.801895
426.984375	165.330490
425.714844	255.301727
424.445313	177.872971
423.174805	370.611664
421.905273	105.147194
420.634766	180.772461
419.364258	194.408890
418.092773	434.428192
416.822266	95.326912
415.550781	231.977020
414.278320	334.069427
413.006836	-51.089691
411.734375	123.763519
410.461914	24.069090
409.188477	159.535645
407.916016	54.840622
406.642578	4.752237
405.368164	-63.848339
404.094727	154.971436
402.820313	8.208170
401.545898	153.308853
400.270508	-0.843770
398.996094	38.641350
397.720703	-11.170052
396.444336	121.087082
395.168945	116.162659
393.892578	181.507507
392.616211	387.703644
391.339844	217.531479
390.062500	254.261292
388.785156	204.012909
387.507813	64.550941
386.229492	86.271408
384.951172	100.670868
383.672852	207.840851
382.394531	114.283630
381.115234	177.129272
379.835938	212.108536
378.556641	182.852249
377.277344	46.202732
375.997070	172.547272
374.716797	50.598896
373.435547	136.974396
372.155273	222.649490
370.874023	64.672585
369.591797	-23.616528
368.310547	-51.328335
367.028320	-36.709274
365.746094	2.060174
364.463867	39.996124
363.180664	86.124649
361.897461	13.497818
360.614258	71.446503
359.330078	37.801647
358.045898	-3.573916
356.761719	60.532730
355.477539	205.116150
354.192383	-117.742233
352.907227	63.168537
351.622070	-189.271149
350.336914	45.909332
349.050781	139.576523
347.764648	127.994743
346.477539	153.596695
345.191406	-57.108051
343.904297	-49.849072
342.616211	-14.583670
341.329102	-50.690163
340.041016	-275.652344
338.752930	57.971478
337.463867	-129.240982
336.175781	194.437119
334.886719	-219.174316
333.596680	31.217461
332.307617	-119.291824
331.017578	-109.114479
329.727539	-215.639420
328.436523	-109.820793
327.146484	-136.514938
325.855469	-232.691910
324.563477	-231.682632
323.272461	-174.035019
321.980469	-66.689301
320.688477	-121.261581
319.395508	-29.447147
318.103516	21.974339
316.810547	-5.376338
315.516602	106.640167
314.223633	2.744331
312.929688	78.537987
311.635742	111.409416
310.340820	215.856125
309.045898	324.442627
307.750977	331.545410
306.456055	194.506683
305.160156	382.485657
303.865234	340.964722
302.568359	597.138611
301.272461	612.535156
299.975586	277.175934
298.678711	690.146057
