1999.946289	57.638592
1998.981445	0.559335
1998.017578	-7.291214
1997.052734	-29.924166
1996.088867	-20.253439
1995.124023	9.310382
1994.159180	53.803165
1993.193359	-30.411524
1992.228516	-40.243229
1991.262695	-20.295349
1990.296875	64.063751
1989.331055	-39.595844
1988.365234	64.664871
1987.398438	27.960358
1986.432617	45.742962
1985.465820	105.613708
1984.499023	86.414467
1983.532227	-46.416077
1982.565430	-38.280251
1981.597656	29.205505
1980.629883	-68.790398
1979.662109	33.360554
1978.694336	133.054977
1977.726563	22.902645
1976.758789	9.109809
1975.790039	42.259739
1974.821289	-1.051806
1973.852539	-7.296966
1972.883789	18.569000
1971.915039	-22.120813
1970.945313	-13.441959
1969.975586	-2.262881
1969.005859	68.104820
1968.036133	7.871545
1967.066406	41.323402
1966.096680	45.234810
1965.125977	-44.416683
1964.155273	18.672766
1963.184570	52.223938
1962.213867	-39.750374
1961.242188	-28.294872
1960.271484	69.307953
1959.299805	129.996246
1958.328125	35.720760
1957.356445	-73.251671
1956.384766	-51.841232
1955.412109	-27.958796
1954.439453	57.384239
1953.467773	-44.053318
1952.495117	19.186905
1951.521484	38.203457
1950.548828	3.195777
1949.575195	46.798691
1948.601563	-0.441344
1947.627930	-20.646709
1946.654297	74.521400
1945.680664	-24.185577
1944.706055	-22.254547
1943.732422	48.369564
1942.757813	30.689829
1941.783203	74.327438
1940.807617	66.476028
1939.833008	65.990211
1938.857422	136.581451
1937.881836	87.095589
1936.906250	120.926270
1935.930664	91.069977
1934.955078	51.435543
1933.978516	80.375694
1933.001953	87.279007
1932.025391	13.418636
1931.048828	8.105316
1930.072266	10.136875
1929.094727	-9.843832
1928.118164	36.217056
1927.140625	-17.988699
1926.163086	50.062313
1925.184570	-33.454277
1924.207031	61.457813
1923.228516	-24.472250
1922.250000	2.002141
1921.271484	-57.018833
1920.292969	30.499590
1919.314453	-26.065771
1918.334961	5.266697
1917.355469	-2.464355
1916.375977	104.492188
1915.396484	62.584476
1914.416992	88.988205
1913.436523	-8.999783
1912.457031	-26.489738
1911.476563	-31.788046
1910.496094	50.658684
1909.515625	25.843338
1908.534180	61.945095
1907.552734	-40.826851
1906.572266	2.570212
1905.590820	-63.636414
1904.608398	-32.436481
1903.626953	-10.991100
1902.644531	15.307157
1901.663086	-4.643941
1900.680664	41.093098
1899.698242	30.860382
1898.714844	32.783894
1897.732422	10.384534
1896.749023	124.124672
1895.765625	-0.384001
1894.782227	-42.229290
1893.798828	44.706810
1892.814453	107.309547
1891.831055	21.724726
1890.846680	-5.556545
1889.862305	37.571899
1888.877930	-40.695484
1887.892578	-21.864082
1886.908203	33.348972
1885.922852	-32.770580
1884.937500	5.425972
1883.952148	58.149960
1882.965820	-66.158218
1881.980469	-59.520279
1880.994141	-55.318504
1880.007813	-7.508121
1879.021484	-95.406586
1878.035156	22.623972
1877.047852	77.628899
1876.061523	-56.274944
1875.074219	32.598663
1874.086914	97.222809
1873.098633	86.787590
1872.111328	18.273241
1871.123047	24.770466
1870.135742	16.742456
1869.147461	11.125092
1868.158203	22.424412
1867.169922	62.718182
1866.180664	81.233246
1865.192383	164.977356
1864.203125	74.721741
1863.213867	-30.004204
1862.223633	17.453163
1861.234375	16.588501
1860.244141	-34.986446
1859.253906	34.137394
1858.263672	-70.536560
1857.273438	-15.930922
1856.282227	50.705322
1855.291992	25.650654
1854.300781	-59.694469
1853.309570	35.813229
1852.317383	5.920828
1851.326172	-21.560387
1850.333984	136.506302
1849.342773	29.483232
1848.350586	33.294937
1847.357422	46.727287
1846.365234	69.776253
1845.372070	162.621414
1844.379883	101.373039
1843.386719	85.860832
1842.393555	10.191328
1841.399414	-29.376282
1840.406250	65.752243
1839.412109	79.072296
1838.417969	73.142372
1837.423828	-24.142000
1836.429688	25.206276
1835.434570	112.971962
1834.440430	75.765556
1833.445313	26.551796
1832.450195	-80.291656
1831.454102	-16.626070
1830.458984	13.396184
1829.462891	84.199989
1828.466797	145.367630
1827.470703	4.959205
1826.474609	56.502579
1825.478516	-7.107677
1824.481445	-27.541487
1823.484375	57.512489
1822.487305	-25.269686
1821.490234	47.748505
1820.493164	144.690384
1819.495117	88.260262
1818.498047	-6.482093
1817.500000	-0.617878
1816.500977	7.627577
1815.502930	8.679096
1814.504883	-11.820563
1813.505859	-8.393233
1812.506836	-83.931084
1811.507813	-37.453598
1810.508789	104.661575
1809.508789	-30.664320
1808.508789	15.746416
1807.508789	69.300804
1806.508789	51.130718
1805.508789	-48.281132
1804.508789	7.615102
1803.507813	3.767953
1802.506836	90.657417
1801.505859	7.987386
1800.504883	13.662447
1799.502930	-9.315188
1798.501953	44.066277
1797.500000	16.301455
1796.498047	103.032745
1795.496094	53.784836
1794.493164	-24.067533
1793.491211	-11.308387
1792.488281	-39.083820
1791.485352	30.847235
1790.482422	41.177689
1789.478516	-39.027588
1788.475586	-23.942667
1787.471680	-8.873647
1786.467773	13.323174
1785.463867	-33.527462
1784.459961	-8.972398
1783.455078	48.875458
1782.450195	63.870522
1781.445313	-13.911973
1780.440430	34.364922
1779.435547	-38.644707
1778.429688	33.371719
1777.424805	26.920723
1776.418945	41.849102
1775.413086	-5.008685
1774.406250	50.282955
1773.400391	-10.825544
1772.393555	20.683935
1771.386719	14.188606
1770.379883	29.049095
1769.373047	60.507374
1768.365234	-59.907505
1767.358398	49.822117
1766.350586	45.655186
1765.342773	46.223835
1764.334961	13.591578
1763.326172	-30.890072
1762.318359	81.056145
1761.309570	5.758233
1760.300781	3.921367
1759.291016	35.236389
1758.282227	-11.617036
1757.272461	95.439278
1756.262695	98.286797
1755.252930	32.487316
1754.243164	139.449066
1753.233398	97.309517
1752.222656	93.023628
1751.211914	60.351067
1750.201172	41.870232
1749.190430	35.208588
1748.179688	-11.640682
1747.167969	36.046627
1746.156250	-58.057911
1745.144531	6.139969
1744.132813	-28.892918
1743.121094	14.006291
1742.108398	-75.334236
1741.095703	57.239048
1740.083008	-69.852936
1739.070313	-36.450748
1738.057617	34.677078
1737.043945	-49.906464
1736.030273	-70.792908
1735.016602	33.284618
1734.002930	71.308540
1732.989258	36.245686
1731.974609	-34.160084
1730.959961	1.473607
1729.945313	32.374321
1728.930664	-78.050949
1727.916016	-18.906425
1726.900391	11.955283
1725.885742	63.982841
1724.870117	66.561592
1723.853516	36.190067
1722.837891	95.215164
1721.822266	15.444663
1720.805664	-76.062454
1719.789063	72.265465
1718.772461	46.583961
1717.754883	-68.402992
1716.738281	23.421850
1715.720703	25.930765
1714.703125	-65.521591
1713.685547	5.090188
1712.667969	-11.205559
1711.649414	-15.766906
1710.630859	7.829673
1709.612305	12.637175
1708.593750	-36.525291
1707.575195	57.408455
1706.555664	19.965319
1705.536133	31.768808
1704.516602	-22.080469
1703.497070	-38.415016
1702.477539	3.834278
1701.457031	-33.602589
1700.437500	-24.180431
1699.416992	34.411789
1698.395508	62.531502
1697.375000	-80.270218
1696.354492	-33.426949
1695.333008	-56.818848
1694.311523	-10.014711
1693.290039	48.460583
1692.267578	-26.413759
1691.246094	-42.803371
1690.223633	-12.435407
1689.201172	-21.825411
1688.178711	104.333527
1687.155273	69.204903
1686.132813	160.239853
1685.109375	3.639638
1684.085938	17.570374
1683.062500	43.162704
1682.039063	-26.972990
1681.014648	-20.069969
1679.990234	-3.842933
1678.965820	49.700085
1677.941406	119.543251
1676.916992	12.107720
1675.891602	42.275944
1674.866211	84.081787
1673.840820	-4.661498
1672.815430	109.364731
1671.790039	1.997411
1670.763672	150.904358
1669.737305	106.438072
1668.710938	15.410358
1667.684570	-12.729786
1666.658203	115.088234
1665.630859	79.942360
1664.603516	121.586975
1663.576172	116.681786
1662.548828	95.490746
1661.520508	174.292709
1660.493164	83.335724
1659.464844	50.518532
1658.436523	68.837250
1657.408203	61.582207
1656.378906	140.279053
1655.350586	44.735954
1654.321289	16.567671
1653.291992	127.713707
1652.261719	120.417473
1651.232422	115.440804
1650.202148	-28.771759
1649.171875	161.150955
1648.141602	146.869644
1647.111328	79.247383
1646.080078	113.665733
1645.049805	159.657608
1644.018555	-9.931405
1642.987305	63.860493
1641.955078	100.545464
1640.923828	70.035103
1639.891602	213.228455
1638.859375	122.489922
1637.827148	89.658165
1636.794922	114.699547
1635.761719	111.952881
1634.729492	197.126450
1633.696289	168.907074
1632.662109	126.813858
1631.628906	91.670830
1630.594727	105.084961
1629.561523	180.901062
1628.527344	154.993439
1627.493164	175.302933
1626.458008	147.083633
1625.423828	197.402527
1624.388672	169.179550
1623.353516	157.123886
1622.318359	91.975609
1621.282227	181.476044
1620.247070	240.941528
1619.210938	215.017273
1618.174805	126.820724
1617.137695	137.814880
1616.101563	222.583679
1615.064453	261.208344
1614.027344	203.012650
1612.990234	195.530334
1611.953125	344.710205
1610.916016	249.664139
1609.877930	189.193054
1608.839844	184.002258
1607.801758	250.173904
1606.763672	173.614288
1605.724609	196.029327
1604.685547	225.334106
1603.646484	335.133453
1602.607422	313.795349
1601.568359	198.186569
1600.528320	275.728363
1599.489258	300.373413
1598.449219	334.195068
1597.408203	324.343567
1596.368164	325.980560
1595.327148	316.128113
1594.287109	340.722168
1593.246094	330.864288
1592.204102	279.688629
1591.163086	258.365906
1590.121094	294.407990
1589.079102	296.023132
1588.037109	359.561096
1586.995117	283.191864
1585.953125	369.629150
1584.910156	254.313004
1583.867188	262.795013
1582.824219	259.815002
1581.781250	298.069611
1580.737305	279.044525
1579.693359	285.214722
1578.649414	270.774841
1577.605469	341.034546
1576.561523	372.358734
1575.516602	268.663910
1574.472656	343.453705
1573.427734	324.431976
1572.381836	175.064667
1571.336914	165.226440
1570.291016	310.832611
1569.246094	319.253723
1568.200195	419.069885
1567.153320	258.400330
1566.107422	214.286972
1565.060547	293.507477
1564.013672	322.464996
1562.966797	308.037872
1561.919922	257.098206
1560.872070	400.138123
1559.825195	203.187469
1558.777344	364.429688
1557.729492	324.919861
1556.680664	123.535767
1555.632813	255.064133
1554.583984	304.487244
1553.535156	274.135071
1552.486328	353.154663
1551.436523	277.246582
1550.387695	292.468292
1549.337891	287.190338
1548.288086	284.192291
1547.238281	262.987762
1546.187500	191.727219
1545.136719	352.564575
1544.086914	233.550507
1543.035156	257.860443
1541.984375	273.069641
1540.933594	311.008545
1539.881836	355.751556
1538.830078	273.219360
1537.778320	288.419952
1536.725586	219.565872
1535.673828	296.097076
1534.621094	249.981079
1533.568359	222.048019
1532.515625	350.745270
1531.461914	232.033005
1530.409180	222.280334
1529.355469	255.633514
1528.301758	211.864563
1527.247070	211.198059
1526.193359	283.085388
1525.138672	171.345886
1524.083984	213.757462
1523.029297	285.610992
1521.974609	194.337509
1520.918945	100.837151
1519.863281	179.474670
1518.807617	86.023148
1517.751953	74.100624
1516.696289	53.135193
1515.639648	41.231354
1514.583008	51.959427
1513.526367	123.755074
1512.469727	71.156746
1511.412109	203.971603
1510.355469	103.920906
1509.297852	19.733112
1508.240234	96.008774
1507.181641	104.486710
1506.124023	99.417679
1505.065430	76.289703
1504.006836	89.300484
1502.948242	25.565622
1501.888672	70.187744
1500.830078	146.389694
1499.770508	73.675934
1498.710938	122.793198
1497.650391	111.010643
1496.590820	40.622833
1495.530273	-4.936263
1494.469727	53.199436
1493.409180	190.182648
1492.348633	4.971236
1491.287109	47.324902
1490.225586	-29.680101
1489.164063	8.177052
1488.102539	14.513423
1487.041016	29.857693
1485.978516	-65.052383
1484.916016	49.316437
1483.853516	163.618576
1482.791016	68.765762
1481.727539	-10.299124
1480.664063	-21.892979
1479.600586	-24.470030
1478.537109	80.786247
1477.473633	-2.640885
1476.409180	50.945641
1475.344727	55.118294
1474.280273	-5.839367
1473.215820	14.136494
1472.151367	25.070644
1471.085938	-60.366169
1470.020508	11.146272
1468.955078	107.294846
1467.888672	118.254478
1466.823242	-11.979856
1465.756836	54.990173
1464.690430	-79.508926
1463.624023	59.161396
1462.556641	52.229568
1461.490234	-50.755829
1460.422852	-17.115843
1459.355469	-97.948822
1458.287109	29.386564
1457.219727	-50.941090
1456.151367	66.896675
1455.083008	-102.325005
1454.014648	-20.032784
1452.945313	-105.037186
1451.876953	-44.618702
1450.807617	-13.633581
1449.738281	8.376848
1448.668945	32.741787
1447.598633	-20.317253
1446.528320	48.528240
1445.458008	-15.229701
1444.387695	68.440025
1443.317383	2.618572
1442.246094	-48.838459
1441.174805	59.948399
1440.103516	11.031726
1439.032227	89.284904
1437.960938	17.384535
1436.888672	47.756111
1435.816406	102.633034
1434.744141	16.698246
1433.670898	23.221521
1432.598633	62.770519
1431.525391	39.020691
1430.452148	26.239059
1429.378906	-1.771077
1428.304688	6.512803
1427.231445	-44.423080
1426.157227	-93.136299
1425.083008	33.924030
1424.007813	-104.007851
1422.933594	-33.897507
1421.858398	-61.765770
1420.783203	22.973824
1419.708008	-36.932076
1418.631836	12.482285
1417.555664	-51.343647
1416.479492	-33.655659
1415.403320	-3.934395
1414.327148	70.986229
1413.250000	-4.697748
1412.173828	32.508759
1411.096680	-43.564228
1410.018555	-18.375101
1408.941406	7.509852
1407.863281	-47.256748
1406.785156	24.841284
1405.707031	41.258598
1404.628906	26.689093
1403.549805	-54.137611
1402.470703	66.006760
1401.391602	90.120560
1400.312500	-29.894070
1399.233398	10.933376
1398.153320	-27.421806
1397.073242	69.569611
1395.993164	105.164253
1394.913086	36.364120
1393.832031	20.905796
1392.750977	57.644852
1391.669922	40.893093
1390.588867	-73.106773
1389.506836	2.677316
1388.425781	94.155251
1387.343750	24.002678
1386.261719	50.768185
1385.178711	47.889153
1384.096680	75.998497
1383.013672	-55.869381
1381.930664	55.714905
1380.846680	29.283514
1379.763672	30.050524
1378.679688	8.988704
1377.595703	19.954603
1376.511719	-4.871095
1375.427734	83.029938
1374.342773	93.777115
1373.257813	108.864120
1372.172852	147.375198
1371.087891	165.002731
1370.001953	117.222420
1368.916992	53.233810
1367.831055	77.638420
1366.744141	51.468765
1365.658203	147.050293
1364.571289	66.446281
1363.484375	160.593109
1362.397461	-57.817818
1361.310547	66.557991
1360.222656	54.838192
1359.135742	-9.366583
1358.047852	-29.506306
1356.958984	-5.728396
1355.871094	5.777637
1354.782227	95.658836
1353.693359	120.006218
1352.604492	31.364689
1351.515625	-76.960098
1350.425781	-25.024912
1349.335938	41.680622
1348.246094	112.276360
1347.156250	79.137772
1346.066406	23.321470
1344.975586	10.037847
1343.884766	0.552080
1342.793945	55.987434
1341.702148	120.074844
1340.611328	53.395092
1339.519531	50.030212
1338.427734	41.524345
1337.334961	50.096283
1336.243164	98.016365
1335.150391	71.425583
1334.057617	107.443703
1332.964844	63.211063
1331.871094	115.054184
1330.778320	117.667320
1329.684570	134.511917
1328.590820	64.096825
1327.496094	-24.278484
1326.402344	44.638454
1325.307617	56.735977
1324.212891	100.312889
1323.117188	56.995148
1322.022461	50.013107
1320.926758	-57.943745
1319.831055	103.249733
1318.735352	-55.661880
1317.638672	62.056568
1316.542969	-20.869120
1315.446289	23.869337
1314.349609	-1.121550
1313.251953	63.473267
1312.155273	21.972477
1311.057617	24.991121
1309.959961	-40.406593
1308.862305	-118.272499
1307.763672	-11.093722
1306.665039	-37.361530
1305.566406	-2.447576
1304.467773	-11.438857
1303.369141	29.409178
1302.269531	-28.148836
1301.169922	-73.479729
1300.070313	58.200596
1298.970703	-30.182657
1297.870117	13.130085
1296.769531	-37.286419
1295.668945	46.814075
1294.568359	66.870934
1293.466797	-21.222193
1292.366211	-42.531677
1291.264648	-39.970310
1290.162109	39.157169
1289.060547	6.723994
1287.958008	29.742262
1286.855469	36.315891
1285.752930	29.356401
1284.650391	37.969402
1283.546875	47.697830
1282.444336	105.545120
1281.339844	88.156189
1280.236328	27.607344
1279.132813	117.081665
1278.028320	11.041819
1276.923828	40.205612
1275.819336	59.406185
1274.713867	42.826454
1273.608398	85.039162
1272.503906	37.955872
1271.397461	100.896622
1270.291992	36.984493
1269.185547	161.522293
1268.080078	80.056801
1266.972656	87.300552
1265.866211	55.783707
1264.759766	113.516151
1263.652344	-4.542731
1262.544922	49.934807
1261.436523	34.591770
1260.329102	17.352968
1259.220703	-84.948097
1258.112305	-46.443928
1257.003906	-75.835594
1255.895508	-72.108566
1254.786133	-111.865631
1253.676758	3.889805
1252.567383	-101.493034
1251.458008	-23.329941
1250.347656	-73.671913
1249.237305	-112.901070
1248.126953	-97.360313
1247.016602	-75.412575
1245.905273	4.321128
1244.793945	-60.743027
1243.682617	-38.411819
1242.571289	24.025795
1241.459961	-38.087547
1240.347656	10.349832
1239.235352	15.287018
1238.123047	94.226807
1237.009766	17.546276
1235.897461	68.243530
1234.784180	-10.332627
1233.670898	54.319096
1232.556641	-27.138783
1231.443359	37.064224
1230.329102	75.816780
1229.214844	58.054226
1228.099609	107.305321
1226.985352	16.637608
1225.870117	81.313103
1224.754883	93.730965
1223.639648	105.667435
1222.523438	83.822685
1221.408203	121.747078
1220.291992	120.395836
1219.174805	101.430939
1218.058594	153.653198
1216.941406	152.582306
1215.824219	167.988235
1214.707031	121.248520
1213.589844	137.795868
1212.471680	70.591011
1211.353516	57.005699
1210.235352	51.342026
1209.117188	96.816147
1207.998047	121.312401
1206.878906	47.682972
1205.759766	145.218735
1204.640625	98.514259
1203.520508	118.000282
1202.401367	109.849068
1201.281250	91.182495
1200.160156	78.688423
1199.040039	46.666992
1197.918945	30.167379
1196.797852	54.725803
1195.676758	45.729572
1194.555664	44.790104
1193.433594	9.922405
1192.311523	-52.745026
1191.189453	-61.972836
1190.066406	-6.673010
1188.944336	-29.830381
1187.821289	-45.531940
1186.698242	-54.743206
1185.574219	-47.565598
1184.451172	-74.433929
1183.327148	-9.371195
1182.203125	53.934902
1181.078125	-22.361677
1179.954102	-6.082962
1178.829102	-10.643299
1177.704102	-32.954021
1176.579102	-65.311668
1175.453125	27.387205
1174.327148	40.785446
1173.201172	80.489120
1172.075195	-3.569556
1170.949219	35.600735
1169.822266	89.480385
1168.695313	55.845798
1167.568359	48.120163
1166.440430	31.269724
1165.313477	59.182621
1164.185547	19.309048
1163.057617	52.886101
1161.928711	96.967911
1160.800781	47.013180
1159.671875	2.198907
1158.541992	34.885555
1157.413086	49.255459
1156.283203	112.818146
1155.154297	118.006927
1154.023438	101.060158
1152.893555	116.992889
1151.763672	68.919052
1150.632813	94.640587
1149.501953	45.539860
1148.370117	88.496445
1147.239258	88.926346
1146.107422	124.473831
1144.975586	174.189011
1143.843750	105.205551
1142.710938	51.569023
1141.578125	60.377144
1140.445313	40.968166
1139.312500	131.573166
1138.178711	92.766052
1137.045898	16.867153
1135.912109	84.331512
1134.777344	67.316711
1133.643555	49.194153
1132.508789	31.623688
1131.374023	18.170839
1130.239258	-2.967490
1129.104492	45.921234
1127.968750	38.322262
1126.833008	-11.432018
1125.697266	-6.866138
1124.560547	-38.669411
1123.424805	-33.738441
1122.288086	-21.312351
1121.151367	38.679794
1120.013672	76.741295
1118.876953	5.458251
1117.739258	-26.052042
1116.601563	-28.579960
1115.462891	-43.250141
1114.324219	-18.650555
1113.186523	-38.533226
1112.046875	-58.328037
1110.908203	-29.594311
1109.769531	-17.265038
1108.629883	-44.762482
1107.490234	17.469700
1106.349609	-19.513956
1105.209961	-22.282265
1104.069336	-28.293943
1102.928711	-48.621769
1101.787109	-48.412888
1100.646484	40.735371
1099.504883	9.995844
1098.363281	4.575810
1097.221680	-27.835112
1096.079102	14.531928
1094.936523	0.440871
1093.793945	24.401896
1092.651367	-13.690788
1091.507813	-7.913070
1090.364258	23.490961
1089.220703	72.221924
1088.077148	-8.693895
1086.933594	-11.187215
1085.789063	-17.402559
1084.644531	11.520759
1083.499023	-15.661400
1082.354492	26.125231
1081.208984	41.976421
1080.063477	121.309769
1078.917969	-24.680201
1077.771484	-20.010355
1076.625977	3.891936
1075.479492	-39.619076
1074.332031	-1.489989
1073.185547	-4.473816
1072.038086	-5.183624
1070.890625	12.798744
1069.743164	-16.467184
1068.594727	34.034393
1067.447266	6.546884
1066.298828	-102.293571
1065.149414	101.464622
1064.000977	-36.042248
1062.851563	33.071907
1061.702148	15.404276
1060.552734	-32.111828
1059.402344	-2.901559
1058.252930	69.731735
1057.102539	21.514189
1055.951172	-29.962944
1054.800781	-11.457543
1053.649414	32.195442
1052.498047	23.282471
1051.346680	-10.134463
1050.194336	43.165676
1049.042969	49.105507
1047.890625	-17.103844
1046.738281	70.751373
1045.584961	-89.447906
1044.431641	-104.775772
1043.278320	115.410110
1042.125000	7.738396
1040.971680	18.334328
1039.817383	5.423772
1038.663086	-32.010658
1037.508789	-111.265114
1036.353516	12.142130
1035.198242	-67.636620
1034.042969	70.757034
1032.887695	-22.640024
1031.732422	60.727627
1030.576172	129.866577
1029.419922	94.576393
1028.263672	88.515053
1027.106445	85.661293
1025.949219	51.343029
1024.792969	13.740517
1023.634766	91.636566
1022.477539	-0.395392
1021.319336	24.129637
1020.161133	7.621165
1019.002930	47.581413
1017.843750	1.798395
1016.684570	48.324959
1015.525391	-52.665527
1014.366211	25.913153
1013.207031	54.630363
1012.046875	46.940105
1010.886719	14.865242
1009.726563	17.543259
1008.565430	38.951092
1007.404297	29.405325
1006.243164	-29.484625
1005.082031	51.689976
1003.920898	124.513885
1002.758789	109.655663
1001.596680	43.573292
1000.433594	101.967545
999.271484	20.687014
998.108398	74.514297
996.945313	111.697929
995.782227	82.115181
994.618164	99.195290
993.454102	158.222961
992.290039	240.468292
991.125977	198.079514
989.960938	297.309845
988.796875	245.322678
987.630859	221.471329
986.465820	225.607437
985.300781	279.240356
984.134766	194.408417
982.968750	182.805069
981.801758	123.219650
980.635742	-17.035671
979.468750	52.472652
978.301758	-13.889534
977.133789	100.779617
975.966797	133.025742
974.798828	75.987167
973.630859	14.523672
972.461914	46.772182
971.293945	26.949778
970.125000	57.546059
968.956055	69.948174
967.786133	-36.305119
966.617188	4.771869
965.447266	30.590328
964.276367	1.756521
963.106445	74.706841
961.935547	-7.022049
960.764648	21.351070
959.593750	16.191032
958.422852	-59.122936
957.250977	-42.643166
956.079102	-26.238066
954.907227	98.680824
953.734375	-49.696899
952.562500	16.564764
951.389648	91.739204
950.215820	82.544746
949.042969	16.253122
947.869141	46.854244
946.695313	80.226082
945.521484	129.707596
944.346680	127.451469
943.172852	96.635002
941.998047	72.947525
940.822266	-23.657026
939.647461	89.671745
938.471680	91.913208
937.295898	68.357460
936.119141	4.665007
934.943359	4.621078
933.766602	28.209894
932.589844	11.672754
931.413086	-2.461934
930.235352	-4.849127
929.057617	-2.513629
927.879883	-21.357939
926.702148	32.826527
925.523438	-14.353724
924.344727	20.975197
923.166016	42.151024
921.987305	84.514420
920.807617	11.469728
919.627930	12.011948
919.497070	23.272167
918.331055	35.000790
917.165039	-14.469809
915.999023	-33.333149
914.833008	44.264362
913.666016	-0.480952
912.499023	-33.452263
911.332031	-33.496655
910.165039	-89.959023
908.997070	8.712171
907.830078	11.002718
906.661133	-31.344076
905.493164	-52.537178
904.325195	78.914146
903.156250	-22.121185
901.987305	-10.445774
900.818359	27.038601
899.648438	19.925697
898.478516	33.927326
897.308594	-62.312153
896.138672	-55.337101
894.968750	45.411884
893.797852	54.704082
892.626953	-22.717684
891.456055	-76.678787
890.284180	45.071743
889.113281	37.958195
887.941406	9.772967
886.768555	51.831795
885.596680	-6.774527
884.423828	49.310112
883.250977	30.501869
882.078125	98.250755
880.905273	16.294134
879.731445	84.017967
878.557617	79.243202
877.383789	11.363692
876.209961	-2.741850
875.035156	74.274940
873.860352	-16.920280
872.685547	6.354429
871.510742	15.610349
870.334961	20.194124
869.159180	31.777760
867.983398	41.023411
866.807617	-38.387482
865.630859	26.849487
864.454102	54.747623
863.277344	145.586029
862.100586	108.179420
860.922852	5.532647
859.745117	-15.518232
858.567383	58.954788
857.389648	14.611169
856.210938	-20.398508
855.032227	74.985435
853.853516	-32.180569
852.674805	16.623024
851.495117	18.872486
850.315430	35.079144
849.135742	7.089701
847.956055	30.269651
846.775391	-20.954062
845.595703	11.520779
844.415039	55.602970
843.233398	-58.323929
842.052734	-72.317383
840.871094	36.786293
839.689453	-67.776253
838.506836	-42.290489
837.325195	41.210766
836.142578	29.536457
834.959961	-5.333127
833.777344	-91.218544
832.593750	-17.048588
831.410156	-86.664009
830.226563	-21.796515
829.042969	-21.850168
827.858398	-5.682471
826.673828	-42.805340
825.489258	-15.057171
824.304688	49.732422
823.120117	84.397156
821.934570	63.493099
820.749023	-68.490219
819.562500	28.654392
818.376953	-22.297834
817.190430	-47.786018
816.003906	-13.139972
814.817383	-33.994743
813.629883	-3.987882
812.442383	-59.499744
811.254883	-1.773054
810.067383	-64.192131
808.878906	76.656967
807.690430	88.138763
806.501953	-15.814194
805.313477	-36.631641
804.124023	32.558372
802.934570	80.955063
801.745117	2.463151
800.555664	-80.609085
799.365234	-50.665081
798.175781	-140.608368
796.985352	4.574298
795.793945	50.611107
794.603516	9.082187
793.412109	-4.789526
792.220703	52.733009
791.028320	29.647203
789.836914	-18.751738
788.644531	38.735676
787.452148	6.460002
786.258789	75.418640
785.066406	-32.754345
783.873047	61.476223
782.679688	8.526074
781.485352	75.123062
780.291992	61.256489
779.097656	49.691967
777.903320	-26.190172
776.708008	44.944847
775.512695	8.127011
774.318359	60.854824
773.122070	106.673332
771.926758	88.216454
770.730469	49.116211
769.534180	65.080818
768.337891	124.609673
767.141602	119.910393
765.944336	103.748390
764.747070	142.595535
763.549805	227.251999
762.351563	195.031006
761.154297	139.914322
759.956055	364.197723
758.757813	256.402435
757.558594	249.366074
756.359375	217.154266
755.160156	242.153610
753.960938	180.208649
752.761719	115.997238
751.561523	97.541534
750.361328	184.253128
749.160156	163.495010
747.959961	193.015106
746.758789	128.842270
745.557617	213.169083
744.356445	174.129196
743.154297	196.749603
741.952148	141.737335
740.750000	228.248978
739.547852	143.575348
738.344727	115.966095
737.142578	209.251266
735.939453	101.809441
734.735352	76.485161
733.532227	149.182709
732.328125	119.285759
731.124023	80.279205
729.918945	121.014206
728.714844	132.114807
727.509766	106.768105
726.303711	88.253922
725.098633	110.709534
723.892578	-58.012474
722.686523	66.831848
721.480469	23.282604
720.274414	61.615974
719.067383	29.435957
717.860352	40.452614
716.653320	-55.369644
715.445313	-37.543301
714.238281	12.071751
713.030273	-58.730179
711.821289	20.369055
710.613281	8.605060
709.404297	64.934692
708.195313	50.873993
706.986328	-24.456882
705.776367	-2.219410
704.566406	54.017506
703.356445	26.316904
702.146484	25.821171
700.935547	-69.887077
699.724609	56.518078
698.513672	51.445858
697.302734	32.770832
696.090820	29.943254
694.878906	133.524429
693.666992	17.458984
692.455078	55.334381
691.242188	-4.123292
690.029297	11.087991
688.816406	39.849388
687.602539	-1.520761
686.389648	27.201128
685.175781	10.685610
683.960938	55.181484
682.747070	101.902397
681.532227	107.924843
680.317383	21.326626
679.102539	25.072657
677.886719	53.634262
676.670898	0.909603
675.455078	106.157295
674.239258	66.946747
673.022461	-6.100372
671.805664	-65.602928
670.588867	-14.614565
669.372070	27.317442
668.154297	55.690441
666.936523	23.193003
665.718750	51.518326
664.500977	68.551018
663.282227	20.251760
662.063477	-25.794569
660.844727	-17.817127
659.625000	26.144974
658.405273	-15.431734
657.185547	21.723845
655.965820	72.338127
654.745117	-52.479599
653.525391	40.803383
652.303711	-23.309322
651.083008	-31.235394
649.861328	122.582657
648.640625	-15.692903
647.417969	25.727718
646.196289	49.148239
644.973633	-30.723085
643.750977	-7.343340
642.528320	-4.189439
641.305664	19.132315
640.082031	-33.836586
638.858398	-3.834880
637.634766	84.422737
636.410156	-51.526669
635.185547	79.238136
633.960938	37.405296
632.736328	-60.432972
631.510742	-61.951332
630.285156	43.985157
629.059570	24.491673
627.833984	-8.444788
626.607422	50.353844
625.380859	21.854145
624.154297	6.764077
622.927734	94.525497
621.700195	-23.465565
620.472656	37.394764
619.245117	-31.413563
618.016602	-4.139565
616.788086	-30.513048
615.559570	97.206703
614.331055	81.941551
613.101563	42.101860
611.872070	-62.471291
610.642578	-4.123100
609.413086	-101.995155
608.182617	12.053566
606.952148	54.667946
605.721680	-16.468868
604.491211	52.837250
603.259766	-18.316187
602.028320	26.403793
600.796875	84.447929
599.564453	-69.144402
598.332031	-4.471077
597.099609	-80.104523
595.867188	13.434100
594.633789	77.979279
593.400391	-22.166121
592.166992	-60.008106
590.933594	28.907534
589.699219	-20.092575
588.464844	19.825291
587.230469	93.041626
585.995117	-7.115022
584.760742	50.481339
583.525391	32.512821
582.289063	-3.235554
581.053711	12.074222
579.817383	-68.090897
578.581055	55.922573
577.343750	-8.730227
576.107422	22.009575
574.870117	21.665470
573.631836	-69.609802
572.394531	69.684624
571.156250	82.566071
569.917969	37.809258
568.679688	19.636578
567.440430	1.450413
566.202148	85.119492
564.961914	9.323657
563.722656	159.321045
562.482422	-18.295769
561.243164	-9.997986
560.001953	104.455360
558.761719	101.627525
557.520508	36.869312
556.279297	-45.564098
555.038086	62.098076
553.795898	98.984207
552.554688	-36.482407
551.311523	-26.131100
550.069336	-26.840204
548.826172	1.135483
547.583984	-4.025023
546.339844	-48.926067
545.096680	54.009007
543.852539	39.968445
542.608398	116.344322
541.364258	-1.366931
540.119141	50.705666
538.875000	49.847263
537.628906	42.361530
536.383789	89.946465
535.137695	-38.714924
533.892578	-6.572513
532.645508	-53.720665
531.399414	11.404939
530.152344	-7.139214
528.905273	90.929230
527.658203	-11.237267
526.410156	14.189747
525.163086	8.814472
523.914063	56.189629
522.666016	83.756638
521.416992	-9.558445
520.167969	-34.735188
518.918945	19.165504
517.669922	-30.177773
516.419922	-37.793053
515.169922	-60.777306
513.919922	-39.865509
512.668945	-1.417253
511.417969	-22.220417
510.166992	-3.541968
508.916016	-13.381546
507.664063	5.275752
506.412109	-116.353554
505.160156	-47.289371
503.907227	12.976589
502.655273	-75.730400
501.402344	39.257748
500.148438	-14.394577
498.895508	-63.646046
497.641602	31.560806
496.387695	98.280853
495.132813	-5.659782
493.878906	-50.503498
492.624023	9.627221
491.368164	26.006826
490.113281	0.854073
488.857422	84.970032
487.601563	59.814301
486.344727	-67.992142
485.088867	7.351933
483.832031	52.096535
482.575195	24.789335
481.317383	-2.506580
480.059570	20.395102
478.801758	89.099281
477.543945	50.908592
476.285156	-19.972818
475.027344	39.982437
473.767578	-24.324179
472.508789	42.146469
471.249023	60.659672
469.989258	18.179649
468.729492	1.852906
467.469727	127.053947
466.208984	56.295868
464.948242	35.624825
463.686523	78.061440
462.425781	-1.333739
461.164063	54.146584
459.901367	16.104555
458.639648	-34.960411
457.376953	107.433075
456.114258	43.334137
454.851563	46.611633
453.587891	88.983734
452.324219	37.960621
451.060547	-47.777653
449.796875	3.270455
448.532227	121.569061
447.267578	85.767372
446.002930	26.118273
444.737305	14.203447
443.471680	30.478369
442.206055	70.589111
440.940430	-2.023612
439.673828	-3.104723
438.407227	26.138479
437.140625	14.209797
435.873047	26.097061
434.605469	29.310848
433.337891	8.703926
432.070313	33.541122
430.801758	99.462120
429.533203	72.327644
428.264648	66.817879
426.996094	91.565575
425.726563	-48.006416
424.457031	-36.248268
423.186523	18.698505
421.916992	73.602921
420.646484	121.979156
419.375977	114.166527
418.104492	-8.093295
416.833008	18.604546
415.561523	172.581146
414.290039	7.148741
413.017578	100.595978
411.746094	103.393242
410.472656	129.863449
409.200195	74.369843
407.926758	66.268356
406.653320	79.671875
405.379883	159.802185
404.105469	95.542534
402.831055	-48.414795
401.556641	40.138504
400.282227	-41.442387
399.006836	-2.547494
397.731445	-36.883965
396.456055	10.461174
395.179688	55.559803
393.903320	18.861576
392.626953	166.960510
391.350586	162.326004
390.073242	37.280186
388.795898	122.715340
387.518555	-21.785265
386.240234	-48.229675
384.961914	172.108658
383.683594	-24.137587
382.405273	-40.164227
381.125977	55.251488
379.846680	-33.958572
378.567383	-86.804626
377.287109	-71.159637
376.006836	15.072878
374.726563	113.979652
373.446289	122.704628
372.165039	47.721905
370.883789	38.998100
369.602539	100.765526
368.320313	-8.930607
367.039063	1.094480
365.755859	-19.041857
364.473633	84.716354
363.190430	-47.051155
361.907227	62.660210
360.624023	75.898605
359.340820	-58.579262
358.056641	86.701149
356.772461	45.798470
355.487305	-33.794018
354.202148	-11.107120
352.916992	60.406052
351.631836	37.684505
350.346680	53.098179
349.060547	-36.352795
347.774414	-19.412008
346.487305	5.725129
345.200195	-101.681854
343.913086	54.965752
342.625977	79.047882
341.338867	40.960819
340.050781	100.507294
338.762695	44.622818
337.473633	62.887775
336.184570	76.475716
334.895508	96.020065
333.606445	-18.952225
332.317383	55.038132
331.027344	-9.745549
329.736328	7.952189
328.446289	50.678158
327.155273	54.602684
325.864258	58.004745
324.573242	26.871256
323.281250	54.669769
321.989258	-56.168015
320.697266	57.547649
319.405273	-113.870773
318.112305	-88.449890
316.819336	-36.087788
315.526367	-5.617654
314.232422	-103.118233
312.938477	46.855648
311.644531	87.923271
310.349609	5.279722
309.054688	-20.854605
307.759766	9.463063
306.464844	-3.389114
305.168945	1.995286
303.873047	12.897751
302.577148	-8.813162
301.281250	27.872765
299.984375	33.995037
