1999.946289	73.188148
1998.981445	61.202282
1998.017578	-11.119325
1997.052734	-68.500076
1996.088867	-11.838878
1995.124023	-56.719265
1994.159180	71.833359
1993.193359	-29.913761
1992.228516	111.052269
1991.262695	76.255775
1990.296875	1.914889
1989.331055	71.159050
1988.365234	-193.569763
1987.398438	133.007736
1986.432617	-2.959238
1985.465820	115.837440
1984.499023	-44.726063
1983.532227	41.973934
1982.565430	89.136322
1981.597656	30.070492
1980.629883	-132.693649
1979.662109	107.220535
1978.694336	107.546196
1977.726563	-5.668606
1976.758789	135.441116
1975.790039	170.402313
1974.821289	40.052380
1973.852539	-3.873064
1972.883789	-32.954784
1971.915039	90.904190
1970.945313	-49.090755
1969.975586	45.192108
1969.005859	-62.650215
1968.036133	-96.497253
1967.066406	155.502899
1966.096680	18.209486
1965.125977	65.711403
1964.155273	71.354652
1963.184570	30.237766
1962.213867	1.464660
1961.242188	61.322586
1960.271484	-139.654266
1959.299805	-173.242844
1958.328125	-73.972725
1957.356445	163.000305
1956.384766	53.203072
1955.412109	113.092415
1954.439453	101.695847
1953.467773	46.084797
1952.495117	120.732124
1951.521484	55.341507
1950.548828	48.936596
1949.575195	62.193027
1948.601563	-106.226967
1947.627930	61.728889
1946.654297	79.923447
1945.680664	22.054499
1944.706055	18.192419
1943.732422	-22.449821
1942.757813	98.796310
1941.783203	-84.041267
1940.807617	44.546352
1939.833008	-140.644424
1938.857422	-24.328260
1937.881836	52.750771
1936.906250	-73.517578
1935.930664	-33.180561
1934.955078	9.598370
1933.978516	15.643167
1933.001953	153.879654
1932.025391	130.539886
1931.048828	-15.133790
1930.072266	56.994003
1929.094727	48.380104
1928.118164	118.035126
1927.140625	170.552780
1926.163086	-75.198746
1925.184570	-5.545801
1924.207031	112.961678
1923.228516	38.404743
1922.250000	-4.363553
1921.271484	87.220932
1920.292969	37.140324
1919.314453	-15.361058
1918.334961	-45.870724
1917.355469	45.663105
1916.375977	59.079983
1915.396484	11.500715
1914.416992	15.164280
1913.436523	1.756137
1912.457031	122.462151
1911.476563	-46.984161
1910.496094	54.186756
1909.515625	130.950211
1908.534180	-45.712883
1907.552734	28.603249
1906.572266	27.386930
1905.590820	126.011345
1904.608398	17.648106
1903.626953	77.285843
1902.644531	39.548714
1901.663086	74.822815
1900.680664	-84.547974
1899.698242	159.918839
1898.714844	119.751991
1897.732422	9.083222
1896.749023	51.608452
1895.765625	21.196896
1894.782227	56.405949
1893.798828	-80.909637
1892.814453	-16.551682
1891.831055	108.496849
1890.846680	73.224327
1889.862305	-78.577637
1888.877930	-118.666573
1887.892578	-163.600174
1886.908203	55.966763
1885.922852	25.562132
1884.937500	-26.667440
1883.952148	5.996103
1882.965820	-46.223217
1881.980469	-64.490372
1880.994141	21.465145
1880.007813	87.994598
1879.021484	67.268677
1878.035156	46.542568
1877.047852	-199.426544
1876.061523	-4.595531
1875.074219	73.943253
1874.086914	113.714455
1873.098633	-47.410988
1872.111328	-19.747309
1871.123047	78.054985
1870.135742	13.752485
1869.147461	48.616531
1868.158203	73.786072
1867.169922	-60.613575
1866.180664	-83.792091
1865.192383	-19.976669
1864.203125	-96.327698
1863.213867	25.420301
1862.223633	36.013664
1861.234375	24.861034
1860.244141	76.471375
1859.253906	17.016447
1858.263672	-49.667484
1857.273438	6.719704
1856.282227	72.723610
1855.291992	-27.735756
1854.300781	-55.823872
1853.309570	-40.514408
1852.317383	92.897873
1851.326172	38.253956
1850.333984	142.659286
1849.342773	136.186844
1848.350586	141.747192
1847.357422	-40.561234
1846.365234	22.793613
1845.372070	-70.374939
1844.379883	14.598012
1843.386719	46.579948
1842.393555	107.408867
1841.399414	21.455889
1840.406250	137.557907
1839.412109	34.769306
1838.417969	18.559494
1837.423828	-74.581924
1836.429688	-100.408516
1835.434570	-22.914959
1834.440430	-12.734403
1833.445313	47.869022
1832.450195	101.229073
1831.454102	75.315361
1830.458984	-101.845947
1829.462891	-7.732486
1828.466797	107.927551
1827.470703	67.572029
1826.474609	-42.351437
1825.478516	109.176552
1824.481445	59.201218
1823.484375	37.997852
1822.487305	-43.140694
1821.490234	17.134083
1820.493164	-87.965530
1819.495117	96.835571
1818.498047	49.211395
1817.500000	27.929075
1816.500977	-43.644855
1815.502930	124.180298
1814.504883	-45.550339
1813.505859	67.135506
1812.506836	182.153473
1811.507813	84.214401
1810.508789	41.301083
1809.508789	-85.307129
1808.508789	75.001274
1807.508789	-58.773811
1806.508789	206.582855
1805.508789	3.503772
1804.508789	22.651449
1803.507813	-72.875038
1802.506836	-56.148140
1801.505859	-13.184071
1800.504883	-46.643078
1799.502930	-44.310913
1798.501953	31.974453
1797.500000	186.939453
1796.498047	60.359390
1795.496094	-47.113953
1794.493164	131.560242
1793.491211	-42.676983
1792.488281	21.479710
1791.485352	-38.327068
1790.482422	25.762962
1789.478516	61.221195
1788.475586	82.356056
1787.471680	103.460991
1786.467773	17.400393
1785.463867	-68.648071
1784.459961	-40.450588
1783.455078	-67.013397
1782.450195	194.269684
1781.445313	181.900528
1780.440430	69.634964
1779.435547	66.761986
1778.429688	142.313339
1777.424805	-34.117432
1776.418945	84.153824
1775.413086	7.540557
1774.406250	85.332268
1773.400391	51.452736
1772.393555	100.668968
1771.386719	173.584442
1770.379883	18.586838
1769.373047	-20.090992
1768.365234	76.464363
1767.358398	146.868347
1766.350586	-19.956491
1765.342773	81.219429
1764.334961	137.287689
1763.326172	-38.991226
1762.318359	-6.665716
1761.309570	177.271515
1760.300781	133.685928
1759.291016	47.457050
1758.282227	-154.799744
1757.272461	-16.052904
1756.262695	35.028927
1755.252930	12.697703
1754.243164	103.937790
1753.233398	-5.982252
1752.222656	111.198822
1751.211914	60.396481
1750.201172	-4.596305
1749.190430	93.536392
1748.179688	37.970852
1747.167969	67.476532
1746.156250	99.311310
1745.144531	133.473236
1744.132813	32.973553
1743.121094	-48.619339
1742.108398	2.006885
1741.095703	17.183455
1740.083008	22.891350
1739.070313	-20.977791
1738.057617	-27.106070
1737.043945	-59.203209
1736.030273	21.885370
1735.016602	25.112835
1734.002930	-44.761982
1732.989258	-25.069605
1731.974609	55.857105
1730.959961	-11.698252
1729.945313	-67.471947
1728.930664	-40.818424
1727.916016	-98.965157
1726.900391	59.472176
1725.885742	-1.070329
1724.870117	-35.727894
1723.853516	54.303200
1722.837891	10.194025
1721.822266	-59.792202
1720.805664	-33.365009
1719.789063	28.296085
1718.772461	113.417229
1717.754883	-29.484098
1716.738281	97.866943
1715.720703	-63.814602
1714.703125	-42.248684
1713.685547	-84.118317
1712.667969	5.489192
1711.649414	-132.665619
1710.630859	36.668602
1709.612305	41.658443
1708.593750	-73.027039
1707.575195	107.863724
1706.555664	-72.501572
1705.536133	87.171471
1704.516602	99.070969
1703.497070	96.881599
1702.477539	139.197739
1701.457031	-20.020555
1700.437500	94.878204
1699.416992	55.133389
1698.395508	-104.041550
1697.375000	-19.691805
1696.354492	-45.407124
1695.333008	-10.290000
1694.311523	-129.632721
1693.290039	3.701105
1692.267578	-12.728974
1691.246094	71.385094
1690.223633	29.191092
1689.201172	19.720570
1688.178711	42.954155
1687.155273	150.276047
1686.132813	-13.458658
1685.109375	-34.671173
1684.085938	-25.534439
1683.062500	53.626511
1682.039063	167.755203
1681.014648	-19.263742
1679.990234	73.794258
1678.965820	36.146664
1677.941406	31.153034
1676.916992	180.067459
1675.891602	163.351624
1674.866211	-100.489517
1673.840820	157.858200
1672.815430	101.489670
1671.790039	47.456383
1670.763672	58.649647
1669.737305	-21.009480
1668.710938	64.674995
1667.684570	22.263832
1666.658203	17.096577
1665.630859	111.982971
1664.603516	141.668350
1663.576172	148.063583
1662.548828	63.732834
1661.520508	109.640099
1660.493164	90.420052
1659.464844	50.268990
1658.436523	33.360088
1657.408203	123.331749
1656.378906	71.536598
1655.350586	131.243698
1654.321289	109.631187
1653.291992	55.508537
1652.261719	163.887024
1651.232422	221.154938
1650.202148	257.500122
1649.171875	177.818039
1648.141602	274.443390
1647.111328	222.595657
1646.080078	217.126404
1645.049805	162.969467
1644.018555	113.454185
1642.987305	272.508789
1641.955078	178.946259
1640.923828	273.046173
1639.891602	260.559723
1638.859375	349.953278
1637.827148	286.506348
1636.794922	153.635712
1635.761719	305.450714
1634.729492	281.357513
1633.696289	435.385498
1632.662109	404.313782
1631.628906	428.748230
1630.594727	492.464844
1629.561523	410.529480
1628.527344	356.347046
1627.493164	389.982574
1626.458008	370.461395
1625.423828	408.688324
1624.388672	469.983215
1623.353516	397.337921
1622.318359	463.217560
1621.282227	402.127441
1620.247070	435.666718
1619.210938	381.517578
1618.174805	518.831543
1617.137695	646.859009
1616.101563	438.209442
1615.064453	437.104523
1614.027344	486.701691
1612.990234	598.493896
1611.953125	631.908691
1610.916016	575.475159
1609.877930	376.272369
1608.839844	326.810760
1607.801758	475.346954
1606.763672	446.598053
1605.724609	316.604065
1604.685547	412.132721
1603.646484	486.922150
1602.607422	373.095673
1601.568359	519.145813
1600.528320	534.095947
1599.489258	427.225922
1598.449219	439.893738
1597.408203	468.637299
1596.368164	506.565033
1595.327148	512.323059
1594.287109	389.495392
1593.246094	489.408325
1592.204102	391.881042
1591.163086	450.453583
1590.121094	515.886780
1589.079102	411.542236
1588.037109	497.609131
1586.995117	549.250916
1585.953125	467.903473
1584.910156	505.785065
1583.867188	513.865051
1582.824219	384.469482
1581.781250	406.329132
1580.737305	405.278503
1579.693359	381.336304
1578.649414	300.173737
1577.605469	312.902893
1576.561523	396.583252
1575.516602	567.186584
1574.472656	463.208191
1573.427734	366.138336
1572.381836	321.709290
1571.336914	489.946075
1570.291016	237.510391
1569.246094	382.864197
1568.200195	425.341095
1567.153320	403.840393
1566.107422	229.326431
1565.060547	292.393616
1564.013672	330.332428
1562.966797	313.482513
1561.919922	305.781708
1560.872070	364.268402
1559.825195	324.647522
1558.777344	310.144012
1557.729492	425.651794
1556.680664	381.517853
1555.632813	362.496857
1554.583984	443.780151
1553.535156	360.976379
1552.486328	314.674286
1551.436523	286.626221
1550.387695	536.454834
1549.337891	426.437134
1548.288086	434.859375
1547.238281	413.707245
1546.187500	292.450531
1545.136719	389.677246
1544.086914	416.371307
1543.035156	461.260895
1541.984375	303.784454
1540.933594	453.297577
1539.881836	439.116333
1538.830078	370.421417
1537.778320	522.162781
1536.725586	312.678131
1535.673828	357.669037
1534.621094	400.390137
1533.568359	359.117157
1532.515625	351.930023
1531.461914	371.997040
1530.409180	378.469299
1529.355469	316.905304
1528.301758	178.276550
1527.247070	366.252380
1526.193359	316.134583
1525.138672	297.791473
1524.083984	247.752945
1523.029297	152.444611
1521.974609	202.179733
1520.918945	159.058014
1519.863281	380.917389
1518.807617	115.960304
1517.751953	143.130386
1516.696289	186.157898
1515.639648	129.636810
1514.583008	73.166138
1513.526367	-48.844646
1512.469727	166.153061
1511.412109	73.617111
1510.355469	85.127289
1509.297852	98.919342
1508.240234	-0.239427
1507.181641	110.759804
1506.124023	-51.543419
1505.065430	77.547287
1504.006836	91.474426
1502.948242	146.057571
1501.888672	60.725533
1500.830078	158.226501
1499.770508	147.433929
1498.710938	28.415638
1497.650391	10.949638
1496.590820	146.836624
1495.530273	-114.025780
1494.469727	73.730392
1493.409180	-54.006927
1492.348633	95.431938
1491.287109	-61.474136
1490.225586	101.484009
1489.164063	-37.281300
1488.102539	-27.390923
1487.041016	43.295013
1485.978516	-93.023262
1484.916016	6.946713
1483.853516	-158.463791
1482.791016	-20.207663
1481.727539	-3.383889
1480.664063	-155.106384
1479.600586	-25.825142
1478.537109	-65.048744
1477.473633	-75.032356
1476.409180	-89.488548
1475.344727	39.747368
1474.280273	-113.713074
1473.215820	38.016048
1472.151367	-79.490845
1471.085938	-8.463750
1470.020508	-53.949577
1468.955078	68.421478
1467.888672	29.650007
1466.823242	-24.517530
1465.756836	136.113739
1464.690430	77.008423
1463.624023	96.824890
1462.556641	51.784115
1461.490234	62.205410
1460.422852	93.546227
1459.355469	124.254837
1458.287109	63.508919
1457.219727	-115.142563
1456.151367	134.450516
1455.083008	127.524376
1454.014648	202.849167
1452.945313	102.900574
1451.876953	196.417603
1450.807617	169.355438
1449.738281	120.820686
1448.668945	70.866211
1447.598633	-14.253325
1446.528320	232.090057
1445.458008	278.094208
1444.387695	258.217255
1443.317383	50.585770
1442.246094	26.289085
1441.174805	27.598019
1440.103516	60.349091
1439.032227	-34.393150
1437.960938	89.335251
1436.888672	-0.157925
1435.816406	54.887180
1434.744141	24.917908
1433.670898	74.919891
1432.598633	89.409447
1431.525391	-91.707161
1430.452148	115.046021
1429.378906	238.864853
1428.304688	-37.272179
1427.231445	-50.548397
1426.157227	11.858393
1425.083008	-39.828537
1424.007813	-90.246262
1422.933594	9.159343
1421.858398	-134.805328
1420.783203	3.253218
1419.708008	-100.123459
1418.631836	-128.623047
1417.555664	50.548717
1416.479492	-61.485588
1415.403320	-94.875359
1414.327148	-61.678200
1413.250000	-81.158249
1412.173828	-132.889206
1411.096680	121.380951
1410.018555	-18.053226
1408.941406	-118.019112
1407.863281	-50.787403
1406.785156	61.493320
1405.707031	-13.414742
1404.628906	102.468361
1403.549805	-119.495667
1402.470703	-10.122584
1401.391602	-3.230296
1400.312500	133.851578
1399.233398	136.755325
1398.153320	10.479074
1397.073242	34.583286
1395.993164	109.447807
1394.913086	53.276199
1393.832031	87.789383
1392.750977	71.612114
1391.669922	69.810738
1390.588867	33.930115
1389.506836	53.599026
1388.425781	182.342453
1387.343750	94.297455
1386.261719	28.851713
1385.178711	101.740601
1384.096680	-15.933117
1383.013672	152.987473
1381.930664	145.171097
1380.846680	65.552032
1379.763672	108.806419
1378.679688	215.770203
1377.595703	106.569450
1376.511719	-0.764196
1375.427734	17.557226
1374.342773	150.131775
1373.257813	95.987701
1372.172852	150.388550
1371.087891	148.818573
1370.001953	138.409180
1368.916992	141.961639
1367.831055	189.982086
1366.744141	238.754700
1365.658203	229.304123
1364.571289	270.551788
1363.484375	114.464981
1362.397461	242.603119
1361.310547	238.686279
1360.222656	14.601049
1359.135742	110.239777
1358.047852	151.624908
1356.958984	167.356461
1355.871094	153.977936
1354.782227	48.534912
1353.693359	50.150581
1352.604492	30.980034
1351.515625	57.340946
1350.425781	56.466915
1349.335938	31.633799
1348.246094	-2.331948
1347.156250	-60.598984
1346.066406	20.536589
1344.975586	161.579529
1343.884766	28.101873
1342.793945	265.633667
1341.702148	58.589966
1340.611328	54.110779
1339.519531	123.645531
1338.427734	238.484344
1337.334961	162.332870
1336.243164	143.827438
1335.150391	69.852821
1334.057617	115.516823
1332.964844	55.764030
1331.871094	177.745575
1330.778320	227.820587
1329.684570	137.497177
1328.590820	210.869797
1327.496094	192.673218
1326.402344	156.396637
1325.307617	228.148544
1324.212891	105.916290
1323.117188	175.771667
1322.022461	148.296417
1320.926758	111.101662
1319.831055	194.056000
1318.735352	139.137680
1317.638672	151.740875
1316.542969	149.356155
1315.446289	143.798126
1314.349609	44.642200
1313.251953	179.838852
1312.155273	197.430161
1311.057617	90.777306
1309.959961	148.680710
1308.862305	170.215759
1307.763672	118.303246
1306.665039	24.254227
1305.566406	58.832069
1304.467773	168.072098
1303.369141	84.306511
1302.269531	59.443565
1301.169922	114.568558
1300.070313	87.276390
1298.970703	87.983727
1297.870117	5.666286
1296.769531	98.276451
1295.668945	-29.066473
1294.568359	51.293419
1293.466797	90.521400
1292.366211	65.158997
1291.264648	-39.016129
1290.162109	-18.934904
1289.060547	4.362013
1287.958008	-60.746986
1286.855469	19.356739
1285.752930	18.908684
1284.650391	28.907026
1283.546875	-35.955917
1282.444336	28.039167
1281.339844	-27.514874
1280.236328	79.345520
1279.132813	108.929382
1278.028320	46.079517
1276.923828	62.818645
1275.819336	148.333405
1274.713867	118.096069
1273.608398	64.593628
1272.503906	216.346237
1271.397461	146.568359
1270.291992	131.887543
1269.185547	146.568619
1268.080078	201.126266
1266.972656	117.681396
1265.866211	65.943878
1264.759766	71.100899
1263.652344	97.482788
1262.544922	38.942089
1261.436523	64.234444
1260.329102	1.129647
1259.220703	113.158440
1258.112305	-19.125536
1257.003906	-64.394058
1255.895508	-33.515671
1254.786133	-14.011020
1253.676758	-133.279648
1252.567383	-113.175453
1251.458008	-3.124130
1250.347656	-42.735130
1249.237305	-34.030125
1248.126953	-53.480213
1247.016602	-39.549168
1245.905273	-108.798058
1244.793945	-37.434158
1243.682617	39.846336
1242.571289	-10.731870
1241.459961	-34.073471
1240.347656	36.870857
1239.235352	59.572502
1238.123047	184.952454
1237.009766	102.084480
1235.897461	77.928749
1234.784180	88.644913
1233.670898	87.923553
1232.556641	67.709076
1231.443359	95.441559
1230.329102	169.525360
1229.214844	162.987915
1228.099609	130.220947
1226.985352	116.100990
1225.870117	77.504623
1224.754883	283.347443
1223.639648	214.973831
1222.523438	210.087936
1221.408203	278.973541
1220.291992	300.720612
1219.174805	153.484055
1218.058594	165.581757
1216.941406	64.870811
1215.824219	173.323944
1214.707031	172.000336
1213.589844	42.056820
1212.471680	181.422714
1211.353516	102.604935
1210.235352	1.977097
1209.117188	42.124760
1207.998047	52.851273
1206.878906	117.707481
1205.759766	6.716934
1204.640625	26.436850
1203.520508	79.129082
1202.401367	25.275122
1201.281250	24.825808
1200.160156	89.278801
1199.040039	62.869022
1197.918945	-9.666564
1196.797852	-43.981190
1195.676758	138.318817
1194.555664	23.949371
1193.433594	8.809029
1192.311523	-92.873589
1191.189453	-88.202850
1190.066406	-17.448690
1188.944336	-116.439072
1187.821289	-67.907326
1186.698242	-77.017853
1185.574219	-5.725189
1184.451172	-264.636993
1183.327148	-124.554077
1182.203125	-42.776031
1181.078125	-164.274506
1179.954102	0.690073
1178.829102	-11.110882
1177.704102	-127.907608
1176.579102	-129.662872
1175.453125	-82.597839
1174.327148	-158.299667
1173.201172	-54.270668
1172.075195	-23.031679
1170.949219	-60.492222
1169.822266	-90.704582
1168.695313	-97.096680
1167.568359	-24.728397
1166.440430	26.555449
1165.313477	-125.902740
1164.185547	-129.950928
1163.057617	-168.314301
1161.928711	-81.510086
1160.800781	-90.043900
1159.671875	-71.137352
1158.541992	-47.640892
1157.413086	-29.097658
1156.283203	-50.554527
1155.154297	-40.581429
1154.023438	21.868565
1152.893555	67.623894
1151.763672	21.423141
1150.632813	21.441849
1149.501953	142.617615
1148.370117	21.285629
1147.239258	74.884010
1146.107422	99.196175
1144.975586	52.240879
1143.843750	24.989019
1142.710938	139.009094
1141.578125	86.629486
1140.445313	169.606262
1139.312500	60.383472
1138.178711	-2.567599
1137.045898	63.294552
1135.912109	-15.538459
1134.777344	-34.050831
1133.643555	12.897206
1132.508789	-22.923046
1131.374023	54.934650
1130.239258	30.345537
1129.104492	76.357712
1127.968750	124.022362
1126.833008	41.148628
1125.697266	77.676208
1124.560547	65.905258
1123.424805	20.271379
1122.288086	-95.011612
1121.151367	38.114059
1120.013672	-67.716057
1118.876953	12.882048
1117.739258	42.611294
1116.601563	-97.858131
1115.462891	-71.921524
1114.324219	12.169476
1113.186523	-89.294670
1112.046875	-89.920494
1110.908203	-14.512973
1109.769531	-45.757000
1108.629883	-15.637353
1107.490234	65.538345
1106.349609	67.750610
1105.209961	5.789823
1104.069336	-42.051785
1102.928711	-46.818047
1101.787109	-28.841042
1100.646484	41.670811
1099.504883	-39.844452
1098.363281	-40.317272
1097.221680	40.204361
1096.079102	9.022039
1094.936523	-106.050446
1093.793945	40.695274
1092.651367	13.071069
1091.507813	60.587440
1090.364258	54.602726
1089.220703	-135.892471
1088.077148	-134.663391
1086.933594	64.421661
1085.789063	-33.228466
1084.644531	194.502029
1083.499023	-11.160207
1082.354492	35.574863
1081.208984	127.384247
1080.063477	78.201256
1078.917969	-7.438049
1077.771484	14.696266
1076.625977	45.331547
1075.479492	-0.444326
1074.332031	43.559414
1073.185547	17.166473
1072.038086	91.063217
1070.890625	96.946877
1069.743164	89.724152
1068.594727	124.042763
1067.447266	39.006001
1066.298828	95.111008
1065.149414	86.844482
1064.000977	54.281586
1062.851563	140.007675
1061.702148	167.188995
1060.552734	34.779137
1059.402344	-1.991851
1058.252930	39.940266
1057.102539	83.000916
1055.951172	-16.866642
1054.800781	-30.518396
1053.649414	-38.512962
1052.498047	111.922112
1051.346680	-28.084251
1050.194336	2.696818
1049.042969	-35.756878
1047.890625	25.736996
1046.738281	223.040894
1045.584961	84.295235
1044.431641	2.957255
1043.278320	18.534317
1042.125000	-118.977448
1040.971680	43.834602
1039.817383	64.328026
1038.663086	56.876251
1037.508789	57.462734
1036.353516	70.441544
1035.198242	69.515793
1034.042969	144.122070
1032.887695	195.710632
1031.732422	134.530075
1030.576172	68.831841
1029.419922	256.521332
1028.263672	58.412579
1027.106445	167.973251
1025.949219	67.982880
1024.792969	17.508711
1023.634766	73.296638
1022.477539	13.680542
1021.319336	13.500260
1020.161133	7.720539
1019.002930	93.879082
1017.843750	-59.549328
1016.684570	13.955819
1015.525391	-60.371967
1014.366211	64.899078
1013.207031	89.270546
1012.046875	39.829399
1010.886719	68.743271
1009.726563	-33.695709
1008.565430	107.021225
1007.404297	185.066193
1006.243164	120.212296
1005.082031	106.195007
1003.920898	203.017426
1002.758789	114.155479
1001.596680	45.265331
1000.433594	162.359985
999.271484	23.095995
998.108398	100.936714
996.945313	166.510071
995.782227	142.267395
994.618164	258.595154
993.454102	251.384537
992.290039	131.179169
991.125977	174.626205
989.960938	311.226746
988.796875	319.389282
987.630859	333.179169
986.465820	303.206207
985.300781	248.306976
984.134766	246.847168
982.968750	315.608887
981.801758	280.411896
980.635742	252.940445
979.468750	281.367096
978.301758	152.719147
977.133789	207.659576
975.966797	317.808838
974.798828	234.207962
973.630859	109.402443
972.461914	19.419909
971.293945	109.751091
970.125000	143.775299
968.956055	103.795853
967.786133	-28.874002
966.617188	13.538374
965.447266	-6.580077
964.276367	-37.186218
963.106445	-69.534126
961.935547	40.680012
960.764648	141.690369
959.593750	-41.048714
958.422852	-3.811906
957.250977	-7.095724
956.079102	19.311630
954.907227	82.272217
953.734375	-14.050385
952.562500	-47.458714
951.389648	7.295051
950.215820	72.766762
949.042969	-82.286446
947.869141	-14.752603
946.695313	-16.815744
945.521484	32.347126
944.346680	-43.168888
943.172852	51.076630
941.998047	128.270187
940.822266	168.138062
939.647461	80.791687
938.471680	66.414040
937.295898	68.397896
936.119141	-51.843895
934.943359	16.118578
933.766602	-24.209545
932.589844	76.662704
931.413086	142.092514
930.235352	71.138672
929.057617	75.421089
927.879883	154.943436
926.702148	69.831963
925.523438	-31.719366
924.344727	68.884529
923.166016	58.980820
921.987305	20.882259
920.807617	50.908264
919.627930	51.284332
919.497070	43.367168
918.331055	85.081970
917.165039	-56.363045
915.999023	-61.620457
914.833008	-36.380455
913.666016	45.148464
912.499023	-112.649940
911.332031	-85.110382
910.165039	-55.249710
908.997070	16.786024
907.830078	79.403877
906.661133	74.022141
905.493164	42.857269
904.325195	18.720728
903.156250	60.160759
901.987305	-13.166331
900.818359	-56.040092
899.648438	-26.347380
898.478516	71.187286
897.308594	-34.881664
896.138672	6.452826
894.968750	22.034248
893.797852	-102.696175
892.626953	36.783165
891.456055	-85.581223
890.284180	-46.664055
889.113281	-80.199135
887.941406	35.766506
886.768555	88.620750
885.596680	134.439423
884.423828	117.201790
883.250977	232.998856
882.078125	206.397705
880.905273	210.129028
879.731445	213.851227
878.557617	114.954620
877.383789	81.374947
876.209961	66.451279
875.035156	-74.326950
873.860352	-182.432205
872.685547	-50.543503
871.510742	-56.137699
870.334961	29.084669
869.159180	-6.802465
867.983398	-63.630463
866.807617	-129.749252
865.630859	-63.218761
864.454102	28.868929
863.277344	99.981277
862.100586	19.909945
860.922852	-118.255615
859.745117	-12.304737
858.567383	-4.007770
857.389648	-84.010071
856.210938	72.961868
855.032227	-2.386659
853.853516	119.665688
852.674805	125.585846
851.495117	-77.397636
850.315430	-50.560890
849.135742	96.908218
847.956055	123.691940
846.775391	41.459743
845.595703	65.918488
844.415039	-9.319135
843.233398	112.480392
842.052734	-46.163078
840.871094	87.172707
839.689453	-85.303062
838.506836	73.455009
837.325195	-6.336936
836.142578	-120.821609
834.959961	-8.448527
833.777344	4.377131
832.593750	93.539597
831.410156	36.945801
830.226563	-35.814335
829.042969	87.976540
827.858398	89.202637
826.673828	18.782604
825.489258	3.844914
824.304688	-43.429718
823.120117	-21.396715
821.934570	-13.229012
820.749023	-9.683763
819.562500	-43.073078
818.376953	-34.909843
817.190430	26.315466
816.003906	-16.291035
814.817383	77.191574
813.629883	-9.221697
812.442383	-97.905205
811.254883	-281.053772
810.067383	19.798410
808.878906	-43.496235
807.690430	10.709869
806.501953	16.529999
805.313477	-35.215549
804.124023	-50.108967
802.934570	-5.157461
801.745117	30.570580
800.555664	-55.649487
799.365234	-178.637177
798.175781	-103.805809
796.985352	3.181670
795.793945	-78.369606
794.603516	28.565498
793.412109	-62.151550
792.220703	1.084311
791.028320	-66.624596
789.836914	26.434851
788.644531	-29.776304
787.452148	-58.421078
786.258789	-50.338085
785.066406	-7.844490
783.873047	-91.536888
782.679688	-21.535345
781.485352	-13.475861
780.291992	-85.659981
779.097656	-8.834718
777.903320	3.792450
776.708008	-54.612259
775.512695	109.192894
774.318359	27.883245
773.122070	125.196922
771.926758	62.224625
770.730469	15.295462
769.534180	80.505165
768.337891	134.245178
767.141602	192.533920
765.944336	275.948151
764.747070	299.879547
763.549805	250.649231
762.351563	381.978455
761.154297	403.573578
759.956055	233.263535
758.757813	371.351593
757.558594	335.832489
756.359375	85.721848
755.160156	310.472595
753.960938	172.279388
752.761719	100.303139
751.561523	194.869568
750.361328	205.007523
749.160156	219.694565
747.959961	181.935837
746.758789	98.602234
745.557617	231.773346
744.356445	262.360107
743.154297	190.426910
741.952148	75.247253
740.750000	217.386826
739.547852	143.206207
738.344727	160.081833
737.142578	147.361694
735.939453	314.354980
734.735352	269.746002
733.532227	261.529297
732.328125	230.570648
731.124023	242.801743
729.918945	89.121399
728.714844	133.163818
727.509766	124.929993
726.303711	46.282887
725.098633	90.271828
723.892578	159.201416
722.686523	41.975571
721.480469	1.938741
720.274414	-22.212578
719.067383	-87.196404
717.860352	-97.739639
716.653320	86.695992
715.445313	62.490585
714.238281	-70.503159
713.030273	29.928837
711.821289	-7.886123
710.613281	47.161564
709.404297	18.385015
708.195313	86.956322
706.986328	123.792656
705.776367	-4.604894
704.566406	7.313225
703.356445	121.002769
702.146484	33.343307
700.935547	76.848557
699.724609	-28.886942
698.513672	-8.026101
697.302734	-34.646862
696.090820	-43.202374
694.878906	15.989357
693.666992	59.327927
692.455078	64.245148
691.242188	-16.639915
690.029297	-2.723339
688.816406	-67.807190
687.602539	34.051270
686.389648	171.932907
685.175781	21.098000
683.960938	19.099903
682.747070	14.826231
681.532227	111.939987
680.317383	73.805008
679.102539	37.915131
677.886719	22.284725
676.670898	65.178566
675.455078	105.778961
674.239258	72.063652
673.022461	-8.918403
671.805664	2.348146
670.588867	54.070518
669.372070	-4.446886
668.154297	58.442974
666.936523	53.843414
665.718750	-29.439695
664.500977	40.074318
663.282227	44.383007
662.063477	8.235287
660.844727	75.365753
659.625000	-3.486898
658.405273	94.982483
657.185547	69.957222
655.965820	-29.124949
654.745117	60.225079
653.525391	106.897903
652.303711	57.104988
651.083008	29.720802
649.861328	51.622166
648.640625	136.225281
647.417969	88.582138
646.196289	20.771143
644.973633	11.177232
643.750977	14.988199
642.528320	88.154510
641.305664	-6.585279
640.082031	-103.557243
638.858398	41.069603
637.634766	15.629525
636.410156	-83.623528
635.185547	9.387117
633.960938	95.619286
632.736328	-37.208946
631.510742	-11.395463
630.285156	23.306936
629.059570	33.395164
627.833984	-28.002026
626.607422	42.290039
625.380859	70.113914
624.154297	26.489479
622.927734	31.925398
621.700195	6.096748
620.472656	207.687531
619.245117	-3.278449
618.016602	-47.025581
616.788086	-28.394665
615.559570	19.155706
614.331055	-53.635292
613.101563	67.315475
611.872070	-67.874153
610.642578	-100.644180
609.413086	4.549272
608.182617	114.108604
606.952148	-56.721268
605.721680	8.246650
604.491211	1.991326
603.259766	-30.980440
602.028320	69.389900
600.796875	-101.438179
599.564453	54.372131
598.332031	-112.015526
597.099609	-22.970278
595.867188	-11.714254
594.633789	-38.241783
593.400391	6.226646
592.166992	-18.149734
590.933594	-51.427013
589.699219	-40.369617
588.464844	50.477402
587.230469	96.907097
585.995117	-3.019809
584.760742	78.784988
583.525391	-16.738344
582.289063	-19.223066
581.053711	53.559948
579.817383	37.702583
578.581055	17.387127
577.343750	59.013508
576.107422	1.010820
574.870117	33.700737
573.631836	112.786972
572.394531	28.161686
571.156250	96.088806
569.917969	57.848526
568.679688	4.118783
567.440430	-31.950144
566.202148	-28.272425
564.961914	57.079800
563.722656	-5.579642
562.482422	42.132488
561.243164	16.956066
560.001953	155.045731
558.761719	-57.744324
557.520508	53.765850
556.279297	-86.207153
555.038086	-71.816849
553.795898	28.500898
552.554688	53.814980
551.311523	-48.718479
550.069336	-5.842864
548.826172	-62.130966
547.583984	44.523911
546.339844	10.198049
545.096680	180.556564
543.852539	29.525051
542.608398	-29.067274
541.364258	-41.472492
540.119141	-5.523616
538.875000	-31.179039
537.628906	79.430069
536.383789	-23.213787
535.137695	-4.995842
533.892578	-112.026649
532.645508	-153.157333
531.399414	-27.407091
530.152344	-9.315600
528.905273	59.224957
527.658203	-6.150757
526.410156	20.619087
525.163086	-53.544544
523.914063	-94.813461
522.666016	-8.916432
521.416992	-10.767399
520.167969	-87.156860
518.918945	-32.067329
517.669922	-108.464737
516.419922	-189.236603
515.169922	-86.057663
513.919922	-79.272736
512.668945	-85.648323
511.417969	65.516869
510.166992	19.689512
508.916016	-50.199364
507.664063	-45.727856
506.412109	89.909859
505.160156	-67.451904
503.907227	-76.153992
502.655273	-71.756897
501.402344	52.767281
500.148438	19.960316
498.895508	28.643099
497.641602	-1.996905
496.387695	131.060989
495.132813	-13.101866
493.878906	108.958511
492.624023	17.179935
491.368164	-15.698165
490.113281	-59.475441
488.857422	60.235996
487.601563	33.860119
486.344727	59.769596
485.088867	246.863022
483.832031	13.502737
482.575195	52.418331
481.317383	-61.096752
480.059570	141.026886
478.801758	153.725296
477.543945	164.227448
476.285156	83.347130
475.027344	102.527351
473.767578	171.681717
472.508789	142.975449
471.249023	105.567314
469.989258	87.715012
468.729492	41.612652
467.469727	-26.205877
466.208984	173.068481
464.948242	124.750008
463.686523	6.974304
462.425781	127.937630
461.164063	175.060455
459.901367	50.781189
458.639648	314.721802
457.376953	173.079865
456.114258	280.760254
454.851563	180.320358
453.587891	101.563248
452.324219	204.782837
451.060547	177.985062
449.796875	125.188995
448.532227	113.516792
447.267578	112.643990
446.002930	172.332153
444.737305	19.940491
443.471680	157.424179
442.206055	156.414230
440.940430	116.453178
439.673828	128.346603
438.407227	187.742386
437.140625	67.738998
435.873047	85.993263
434.605469	186.266663
433.337891	139.623230
432.070313	125.334938
430.801758	184.381882
429.533203	152.722549
428.264648	228.893311
426.996094	225.169144
425.726563	167.472504
424.457031	144.236237
423.186523	205.006027
421.916992	185.952515
420.646484	179.760178
419.375977	227.350922
418.104492	216.692123
416.833008	236.104431
415.561523	320.007385
414.290039	171.346771
413.017578	136.699570
411.746094	265.480499
410.472656	37.057045
409.200195	163.449936
407.926758	152.083359
406.653320	190.048950
405.379883	8.689454
404.105469	100.144302
402.831055	62.554218
401.556641	18.408966
400.282227	77.211349
399.006836	118.670082
397.731445	220.059372
396.456055	220.406937
395.179688	111.184273
393.903320	162.705933
392.626953	78.946335
391.350586	57.220051
390.073242	127.481232
388.795898	90.378136
387.518555	83.091934
386.240234	133.432175
384.961914	110.730530
383.683594	162.758835
382.405273	-29.486645
381.125977	154.771835
379.846680	26.319317
378.567383	162.933578
377.287109	-32.281723
376.006836	56.709717
374.726563	153.936920
373.446289	-101.823257
372.165039	26.857637
370.883789	142.358475
369.602539	43.899654
368.320313	-54.854088
367.039063	6.234247
365.755859	-7.784636
364.473633	37.608257
363.190430	84.730766
361.907227	71.720261
360.624023	-97.366982
359.340820	-40.774311
358.056641	-29.409018
356.772461	-52.584515
355.487305	-46.382271
354.202148	-4.430203
352.916992	-39.651047
351.631836	-26.372658
350.346680	-56.187405
349.060547	85.881172
347.774414	99.665619
346.487305	-46.696106
345.200195	-68.067726
343.913086	-21.966850
342.625977	-12.638494
341.338867	25.821335
340.050781	125.234818
338.762695	60.334106
337.473633	81.857475
336.184570	130.280319
334.895508	-21.639076
333.606445	6.216049
332.317383	-66.459877
331.027344	-76.250488
329.736328	84.978294
328.446289	-15.561799
327.155273	42.111824
325.864258	-41.045746
324.573242	-135.664780
323.281250	33.710125
321.989258	5.016354
320.697266	-141.147461
319.405273	-40.461063
318.112305	-84.857475
316.819336	-22.327845
315.526367	-15.937387
314.232422	-27.621344
312.938477	-59.482597
311.644531	-10.013908
310.349609	21.280081
309.054688	-1.527539
307.759766	73.752190
306.464844	208.984360
305.168945	260.391846
303.873047	149.877441
302.577148	137.267624
301.281250	131.674820
299.984375	272.335968
