1999.980469	87.511436
1999.016602	-69.911346
1998.052734	-24.983225
1997.087891	-2.452923
1996.123047	-9.741369
1995.158203	-111.236580
1994.193359	2.709520
1993.228516	76.920753
1992.262695	84.188385
1991.297852	17.123306
1990.332031	115.837151
1989.366211	-20.622953
1988.399414	3.715498
1987.433594	-73.431229
1986.466797	24.980968
1985.500977	-27.530210
1984.534180	97.918877
1983.567383	37.889687
1982.599609	168.116898
1981.632813	-109.434204
1980.665039	109.604813
1979.697266	-46.905167
1978.729492	-3.380080
1977.761719	-11.763715
1976.792969	108.174721
1975.825195	55.264668
1974.856445	138.051071
1973.887695	114.682037
1972.918945	37.017799
1971.949219	13.602797
1970.980469	115.915146
1970.010742	-28.372782
1969.041016	73.843201
1968.071289	-70.445923
1967.101563	93.277168
1966.130859	-11.606049
1965.161133	28.839798
1964.190430	81.556572
1963.219727	50.517632
1962.249023	2.234798
1961.277344	-23.903378
1960.306641	144.342300
1959.334961	2.512475
1958.363281	-70.410240
1957.391602	191.143967
1956.419922	86.210220
1955.447266	3.422900
1954.474609	9.136693
1953.501953	-4.827218
1952.529297	-40.914276
1951.556641	156.374390
1950.583984	83.401390
1949.610352	125.859497
1948.636719	87.267426
1947.663086	65.862236
1946.689453	32.183704
1945.715820	-28.484753
1944.741211	31.076338
1943.767578	41.548679
1942.792969	7.864151
1941.818359	37.937874
1940.842773	-76.648964
1939.868164	-24.523281
1938.892578	76.590431
1937.916992	-135.963547
1936.941406	-3.029434
1935.965820	-39.148705
1934.990234	-87.502022
1934.013672	82.063911
1933.037109	236.877182
1932.060547	95.488045
1931.083984	20.219183
1930.107422	-28.110643
1929.129883	-54.408764
1928.153320	-73.359856
1927.175781	47.070618
1926.198242	-133.244446
1925.219727	21.372046
1924.242188	65.961899
1923.263672	-4.302700
1922.285156	3.633701
1921.306641	126.363663
1920.328125	-19.568626
1919.349609	-50.691723
1918.370117	-28.098158
1917.391602	-0.627596
1916.412109	56.116692
1915.431641	-9.143417
1914.452148	93.933990
1913.472656	11.627434
1912.492188	24.450281
1911.511719	-21.237497
1910.531250	64.717545
1909.550781	-24.818264
1908.569336	31.874481
1907.588867	110.475922
1906.607422	57.528763
1905.625977	11.910931
1904.644531	165.960388
1903.662109	13.240728
1902.680664	-49.365837
1901.698242	-24.344938
1900.715820	-43.120480
1899.733398	-61.884338
1898.750000	4.481761
1897.767578	-16.706007
1896.784180	47.205406
1895.800781	-37.169880
1894.817383	19.440069
1893.833984	-94.045357
1892.850586	20.865490
1891.866211	-34.278469
1890.881836	7.736419
1889.897461	35.172291
1888.913086	-29.639887
1887.927734	48.767254
1886.943359	132.002655
1885.958008	67.220352
1884.972656	43.701328
1883.987305	12.920071
1883.001953	6.400374
1882.015625	-14.659451
1881.029297	-96.302704
1880.042969	-153.678940
1879.056641	-0.238503
1878.070313	-9.156359
1877.083984	-35.022022
1876.096680	79.573250
1875.109375	-16.506187
1874.122070	-76.237556
1873.134766	-39.138130
1872.146484	-14.149762
1871.159180	8.412445
1870.170898	-24.665112
1869.182617	48.678169
1868.194336	59.129589
1867.205078	40.568073
1866.216797	94.524673
1865.227539	20.384422
1864.238281	-27.150997
1863.249023	12.294165
1862.259766	39.648880
1861.269531	-85.135666
1860.279297	7.410259
1859.290039	-20.769482
1858.298828	66.900291
1857.308594	101.452316
1856.318359	-83.544090
1855.327148	11.319270
1854.335938	16.917395
1853.344727	24.922390
1852.353516	66.670433
1851.362305	-43.442265
1850.370117	75.408012
1849.377930	35.197315
1848.385742	-21.864155
1847.393555	-11.472961
1846.401367	-15.537570
1845.408203	47.803288
1844.415039	99.080376
1843.421875	-63.852089
1842.428711	42.757584
1841.435547	-100.868225
1840.441406	104.309456
1839.448242	85.761658
1838.454102	-14.533010
1837.459961	-54.700008
1836.464844	42.134567
1835.470703	174.970123
1834.475586	-50.224567
1833.480469	-13.519751
1832.485352	217.692200
1831.490234	31.010620
1830.495117	89.260429
1829.499023	-30.138620
1828.502930	23.282312
1827.506836	-7.303220
1826.510742	67.664078
1825.513672	34.662521
1824.517578	47.225864
1823.520508	-72.091347
1822.523438	-25.976465
1821.526367	127.957939
1820.529297	-70.413902
1819.531250	-148.937943
1818.533203	40.825455
1817.535156	105.974663
1816.537109	53.762836
1815.539063	-17.593498
1814.540039	186.310623
1813.541992	35.960876
1812.542969	-37.785210
1811.543945	36.792377
1810.543945	34.794353
1809.544922	-105.905807
1808.544922	54.665058
1807.544922	2.424283
1806.544922	134.205612
1805.544922	77.160149
1804.544922	44.009830
1803.543945	46.681950
1802.542969	23.068527
1801.541992	8.997941
1800.541016	11.625718
1799.539063	57.194527
1798.538086	-42.829529
1797.536133	17.012257
1796.534180	-78.232719
1795.532227	-44.676003
1794.529297	134.298050
1793.527344	39.030727
1792.524414	60.572365
1791.521484	82.086189
1790.518555	-39.383568
1789.514648	125.031586
1788.511719	39.286415
1787.507813	22.608824
1786.503906	91.626991
1785.500000	67.765038
1784.496094	-60.824394
1783.491211	62.835503
1782.486328	24.655214
1781.481445	-13.531458
1780.476563	-25.565508
1779.471680	-56.637539
1778.465820	-101.984695
1777.460938	140.252533
1776.455078	109.100014
1775.449219	118.326790
1774.442383	32.509605
1773.436523	27.452980
1772.429688	29.497566
1771.422852	12.526274
1770.416016	-18.703224
1769.409180	-7.227200
1768.402344	217.763290
1767.394531	51.223804
1766.386719	38.890377
1765.378906	19.424028
1764.371094	-130.457581
1763.362305	151.111160
1762.354492	-22.486116
1761.345703	-34.915039
1760.336914	-47.363708
1759.328125	72.811821
1758.318359	-36.798817
1757.308594	-65.889488
1756.299805	21.005186
1755.290039	29.734467
1754.279297	43.165878
1753.269531	-49.897064
1752.258789	67.575424
1751.249023	50.173584
1750.238281	28.021843
1749.226563	20.036089
1748.215820	7.302313
1747.204102	53.626949
1746.193359	-25.316999
1745.181641	35.118618
1744.168945	8.113862
1743.157227	-33.072655
1742.144531	-100.242142
1741.132813	63.921738
1740.120117	164.272964
1739.106445	-4.440016
1738.093750	76.960602
1737.080078	113.485909
1736.067383	126.391449
1735.053711	-65.867447
1734.040039	27.162939
1733.025391	9.353997
1732.011719	52.796932
1730.997070	37.293583
1729.982422	210.216232
1728.967773	-0.838416
1727.952148	-58.787647
1726.937500	-20.214312
1725.921875	77.159279
1724.906250	7.383779
1723.890625	187.013428
1722.875000	91.314873
1721.858398	-2.023337
1720.841797	10.466071
1719.825195	-35.851616
1718.808594	61.210682
1717.791992	-93.258598
1716.774414	-57.369827
1715.756836	-23.869463
1714.739258	-4.501087
1713.721680	10.137728
1712.704102	43.529003
1711.685547	-66.316643
1710.667969	13.966029
1709.649414	-114.655060
1708.630859	-55.562424
1707.611328	-41.088280
1706.592773	-75.891617
1705.573242	-9.884066
1704.553711	30.285852
1703.534180	-42.090725
1702.513672	101.128014
1701.494141	17.001574
1700.473633	-13.241741
1699.453125	-66.918770
1698.432617	-19.909267
1697.412109	-31.471382
1696.390625	179.312469
1695.369141	38.950722
1694.347656	50.707706
1693.326172	15.649000
1692.304688	6.308457
1691.282227	-31.116642
1690.260742	-87.251343
1689.238281	-82.613373
1688.214844	-45.284164
1687.192383	157.916061
1686.168945	101.690178
1685.146484	3.423599
1684.123047	84.989540
1683.099609	152.492920
1682.075195	-69.524384
1681.051758	58.623013
1680.027344	-9.320725
1679.002930	-65.594330
1677.978516	-21.563799
1676.953125	64.404442
1675.928711	87.365623
1674.903320	205.876724
1673.877930	0.335838
1672.852539	146.742706
1671.826172	22.796259
1670.800781	43.310219
1669.774414	47.489845
1668.748047	-15.879945
1667.721680	-39.666592
1666.694336	18.003094
1665.667969	136.143692
1664.640625	79.707375
1663.613281	100.044601
1662.585938	115.703949
1661.557617	96.453560
1660.530273	184.148041
1659.501953	27.709631
1658.473633	201.336533
1657.444336	119.274857
1656.416016	174.300720
1655.386719	143.344086
1654.358398	230.824661
1653.328125	299.673065
1652.298828	250.092056
1651.269531	205.157303
1650.239258	220.553833
1649.208984	201.129379
1648.178711	255.925262
1647.148438	282.856293
1646.117188	184.548874
1645.086914	141.908295
1644.055664	208.204132
1643.024414	35.773487
1641.992188	208.612320
1640.960938	233.123108
1639.928711	188.127579
1638.896484	265.862305
1637.864258	105.099045
1636.832031	185.112534
1635.798828	147.054459
1634.766602	240.889923
1633.733398	230.574844
1632.699219	266.507446
1631.666016	189.111862
1630.632813	160.288315
1629.598633	341.811523
1628.564453	384.591492
1627.530273	318.746643
1626.495117	479.312500
1625.460938	339.547668
1624.425781	294.506134
1623.390625	475.740051
1622.355469	391.433289
1621.319336	664.877625
1620.284180	675.160889
1619.248047	574.692505
1618.211914	499.629608
1617.174805	491.464600
1616.138672	520.193542
1615.101563	539.680908
1614.065430	439.312439
1613.027344	507.186890
1611.990234	485.184143
1610.953125	414.814270
1609.915039	524.098511
1608.876953	405.384979
1607.838867	341.966400
1606.800781	382.144470
1605.761719	475.228943
1604.723633	427.934235
1603.684570	362.250244
1602.644531	397.780853
1601.605469	412.607086
1600.566406	328.572479
1599.526367	545.671448
1598.486328	367.420044
1597.446289	407.512451
1596.405273	371.779968
1595.365234	326.880768
1594.324219	261.330780
1593.283203	400.136658
1592.242188	520.528259
1591.200195	484.816986
1590.159180	355.054413
1589.117188	399.687683
1588.075195	393.849457
1587.032227	406.358459
1585.990234	196.482071
1584.947266	399.290497
1583.904297	372.846588
1582.861328	408.285400
1581.818359	418.516479
1580.775391	291.324341
1579.731445	329.063904
1578.687500	373.664581
1577.643555	383.918762
1576.598633	341.534393
1575.554688	276.297241
1574.509766	396.397308
1573.464844	351.773773
1572.419922	405.511963
1571.374023	450.088928
1570.329102	421.511993
1569.283203	557.508850
1568.237305	362.130524
1567.191406	461.553558
1566.144531	302.835114
1565.098633	477.616730
1564.051758	236.783447
1563.004883	461.751892
1561.957031	321.461578
1560.910156	336.414307
1559.862305	303.459045
1558.814453	348.085602
1557.766602	358.499908
1556.718750	407.687073
1555.669922	320.084320
1554.621094	371.564209
1553.573242	202.001663
1552.523438	310.470398
1551.474609	227.573578
1550.424805	338.304016
1549.375000	205.369644
1548.325195	206.820557
1547.275391	256.086273
1546.225586	180.190018
1545.174805	256.775208
1544.124023	162.742523
1543.073242	218.869125
1542.022461	290.909698
1540.970703	240.173218
1539.919922	375.862457
1538.868164	284.263519
1537.815430	274.511078
1536.763672	410.169556
1535.710938	466.300598
1534.659180	368.025665
1533.606445	499.104309
1532.552734	500.769257
1531.500000	477.495850
1530.446289	542.738037
1529.393555	494.557007
1528.338867	407.853973
1527.285156	459.533936
1526.231445	393.325989
1525.176758	306.764038
1524.122070	292.779572
1523.067383	208.585312
1522.012695	230.919739
1520.957031	135.492157
1519.901367	366.206604
1518.845703	121.416878
1517.790039	177.800919
1516.734375	59.929298
1515.677734	215.907898
1514.621094	218.021500
1513.564453	116.119934
1512.507813	129.612137
1511.450195	88.861885
1510.393555	118.231186
1509.335938	127.273087
1508.278320	158.934799
1507.219727	107.023087
1506.162109	52.904594
1505.103516	-35.039291
1504.044922	129.944672
1502.986328	10.475827
1501.926758	98.708717
1500.868164	44.787048
1499.808594	166.876160
1498.749023	31.820942
1497.688477	27.639315
1496.628906	14.473272
1495.568359	-14.438372
1494.507813	-23.024790
1493.447266	67.565758
1492.386719	-4.049852
1491.325195	-93.627457
1490.263672	-104.321449
1489.202148	-13.663901
1488.140625	-15.301614
1487.079102	-142.938522
1486.016602	-110.736588
1484.954102	15.970429
1483.891602	-19.283627
1482.829102	-124.202217
1481.765625	-163.844650
1480.702148	-82.057022
1479.638672	71.653473
1478.575195	18.611189
1477.511719	-25.380024
1476.447266	34.001049
1475.382813	17.005291
1474.318359	-134.533188
1473.253906	-77.335472
1472.189453	51.673283
1471.124023	106.624489
1470.058594	112.238579
1468.993164	133.673859
1467.927734	13.867446
1466.861328	104.728233
1465.794922	59.083427
1464.728516	-36.031223
1463.662109	61.698334
1462.594727	38.625931
1461.528320	136.066650
1460.460938	61.693928
1459.393555	103.306923
1458.326172	120.630318
1457.257813	-47.601536
1456.189453	101.388451
1455.121094	58.455803
1454.052734	93.730469
1452.984375	86.247169
1451.915039	119.182800
1450.845703	99.076462
1449.776367	225.880829
1448.707031	-1.722400
1447.636719	118.158623
1446.567383	306.314056
1445.497070	210.567673
1444.425781	25.864391
1443.355469	-24.819298
1442.285156	-40.367367
1441.213867	15.053638
1440.142578	-15.296859
1439.070313	24.664171
1437.999023	94.644760
1436.926758	61.594673
1435.854492	63.440174
1434.782227	7.778917
1433.709961	-9.412053
1432.636719	-54.463093
1431.563477	40.539700
1430.490234	70.789185
1429.416992	-23.699039
1428.343750	62.821106
1427.269531	196.447632
1426.195313	-49.112762
1425.121094	-76.765396
1424.046875	-100.489799
1422.971680	-22.680979
1421.896484	17.398348
1420.821289	-38.338291
1419.746094	121.139336
1418.669922	84.477341
1417.594727	-49.600044
1416.518555	-20.086132
1415.442383	73.724884
1414.365234	-4.915273
1413.289063	106.957565
1412.211914	84.597412
1411.134766	130.503876
1410.057617	-45.149784
1408.979492	-14.995975
1407.902344	117.742111
1406.824219	51.617149
1405.746094	35.920551
1404.666992	5.723649
1403.588867	-7.150167
1402.509766	114.791985
1401.430664	80.824272
1400.351563	186.364075
1399.271484	73.750443
1398.192383	326.078400
1397.112305	54.823063
1396.031250	87.513237
1394.951172	130.621155
1393.871094	56.665627
1392.790039	160.408737
1391.708984	216.510544
1390.626953	192.987137
1389.545898	253.796707
1388.463867	178.059952
1387.381836	282.338623
1386.299805	346.120850
1385.217773	361.128204
1384.134766	310.237701
1383.051758	369.687775
1381.968750	484.831299
1380.885742	219.738892
1379.802734	429.187256
1378.718750	435.753784
1377.634766	325.408661
1376.550781	364.325043
1375.465820	456.642883
1374.381836	466.101776
1373.296875	399.756317
1372.211914	427.975372
1371.126953	305.754395
1370.041016	276.914673
1368.955078	428.165833
1367.869141	347.810883
1366.783203	251.118729
1365.697266	237.045670
1364.610352	156.040054
1363.523438	257.811401
1362.436523	202.131454
1361.349609	257.557129
1360.261719	99.726845
1359.174805	183.267960
1358.086914	96.824692
1356.998047	134.283630
1355.910156	136.753403
1354.821289	175.257813
1353.732422	135.886902
1352.643555	199.598953
1351.554688	215.892273
1350.464844	252.042191
1349.375000	372.749023
1348.285156	358.632172
1347.195313	321.594696
1346.105469	311.190552
1345.014648	359.123901
1343.923828	513.927002
1342.833008	405.613678
1341.741211	358.823761
1340.650391	414.243744
1339.558594	301.277496
1338.466797	363.216827
1337.374023	337.873016
1336.282227	147.750687
1335.189453	139.690948
1334.096680	156.226212
1333.003906	114.654068
1331.910156	176.348389
1330.817383	110.111938
1329.723633	124.179031
1328.629883	85.129387
1327.535156	164.149429
1326.441406	211.641846
1325.346680	148.828918
1324.251953	57.389389
1323.156250	152.551758
1322.061523	83.473900
1320.965820	196.812347
1319.870117	76.901512
1318.774414	183.275757
1317.678711	86.707260
1316.582031	168.766434
1315.485352	268.600586
1314.388672	236.320267
1313.291016	160.609680
1312.194336	128.966217
1311.096680	24.377800
1309.999023	39.469154
1308.901367	171.954346
1307.802734	144.767670
1306.705078	187.496185
1305.606445	63.733421
1304.506836	118.185188
1303.408203	160.913025
1302.308594	177.408997
1301.208984	217.112183
1300.109375	241.385544
1299.009766	304.962646
1297.909180	342.684204
1296.808594	399.546814
1295.708008	186.107788
1294.607422	269.151459
1293.506836	283.783508
1292.405273	276.007782
1291.303711	388.565430
1290.202148	251.900925
1289.099609	317.207184
1287.998047	278.922211
1286.895508	226.887665
1285.792969	318.389038
1284.689453	261.656342
1283.586914	97.452248
1282.483398	33.993946
1281.379883	44.640636
1280.276367	89.850990
1279.171875	109.262291
1278.067383	210.531067
1276.962891	92.786896
1275.858398	96.042145
1274.753906	25.572380
1273.648438	17.531532
1272.542969	-99.912193
1271.437500	34.388348
1270.331055	-37.632618
1269.225586	8.460206
1268.119141	51.331001
1267.012695	-11.741226
1265.906250	-30.852980
1264.798828	-61.679375
1263.691406	-40.905781
1262.583984	-16.679968
1261.476563	-64.299133
1260.368164	-9.840710
1259.260742	-70.564827
1258.152344	-3.464896
1257.043945	-63.683357
1255.934570	-10.810804
1254.825195	-9.810479
1253.716797	-117.159790
1252.606445	-47.813492
1251.497070	-45.052315
1250.387695	-44.187553
1249.277344	-99.705780
1248.166992	-215.343689
1247.055664	-1.671842
1245.945313	-77.082260
1244.833984	-2.629813
1243.722656	-11.400805
1242.611328	-14.913605
1241.499023	70.488777
1240.387695	-22.913815
1239.275391	6.928254
1238.162109	-26.998987
1237.049805	-129.108566
1235.936523	-37.192150
1234.823242	18.045794
1233.709961	-69.176277
1232.596680	-54.232674
1231.482422	66.923729
1230.369141	-60.277794
1229.253906	-76.703072
1228.139648	-18.781286
1227.025391	-28.807093
1225.910156	-20.158173
1224.794922	66.214455
1223.679688	108.690880
1222.563477	-141.421036
1221.447266	-26.554720
1220.331055	-26.940432
1219.214844	-33.149734
1218.098633	-18.372351
1216.981445	-13.385402
1215.864258	-82.734589
1214.747070	-97.247322
1213.629883	-54.611378
1212.511719	-73.082886
1211.393555	-14.825680
1210.275391	42.638489
1209.157227	-7.189665
1208.038086	80.546989
1206.918945	146.461990
1205.799805	35.899818
1204.680664	62.532082
1203.560547	118.928299
1202.441406	110.030243
1201.321289	89.536255
1200.200195	-46.080307
1199.080078	-26.250648
1197.958984	-38.603138
1196.837891	33.563744
1195.716797	42.276619
1194.594727	-75.263718
1193.473633	-54.115326
1192.351563	69.824303
1191.229492	113.155174
1190.106445	71.180611
1188.984375	157.959808
1187.861328	150.194824
1186.738281	56.866585
1185.614258	165.177277
1184.491211	156.270203
1183.367188	282.524567
1182.243164	290.569794
1181.119141	283.733795
1179.994141	346.619598
1178.869141	289.425537
1177.744141	202.167007
1176.619141	139.383881
1175.493164	125.727943
1174.368164	106.106918
1173.242188	122.879791
1172.115234	111.442833
1170.989258	96.607620
1169.862305	-15.137031
1168.735352	85.418060
1167.608398	111.025658
1166.481445	36.678257
1165.353516	145.739014
1164.225586	67.469429
1163.097656	133.366882
1161.968750	113.426346
1160.840820	87.778511
1159.711914	101.797226
1158.583008	165.694260
1157.453125	18.790195
1156.324219	-68.182564
1155.194336	51.334782
1154.064453	-4.753068
1152.933594	-23.430256
1151.803711	110.965927
1150.672852	-30.761700
1149.541992	54.398098
1148.411133	-110.506958
1147.279297	-8.304331
1146.147461	-42.465652
1145.015625	107.511902
1143.883789	26.762001
1142.750977	17.441008
1141.619141	10.683625
1140.486328	-14.117258
1139.352539	75.287231
1138.219727	140.758957
1137.085938	74.691696
1135.952148	82.654533
1134.818359	-17.749601
1133.683594	8.549607
1132.549805	23.566553
1131.415039	101.318390
1130.279297	92.104301
1129.144531	114.762047
1128.008789	123.770103
1126.873047	125.933067
1125.737305	115.040421
1124.601563	166.148758
1123.464844	119.791153
1122.328125	239.644821
1121.191406	126.084251
1120.054688	167.721680
1118.916992	70.396767
1117.779297	112.569550
1116.641602	76.636955
1115.503906	109.368980
1114.365234	53.357651
1113.226563	54.618755
1112.087891	66.798744
1110.949219	111.416168
1109.809570	83.250969
1108.669922	16.353697
1107.530273	28.964569
1106.390625	34.445389
1105.250000	-43.380966
1104.109375	88.120590
1102.968750	41.716179
1101.828125	112.807167
1100.686523	127.089409
1099.544922	-27.868324
1098.403320	126.511620
1097.261719	217.828873
1096.120117	195.198181
1094.977539	177.163971
1093.834961	124.624710
1092.691406	248.018814
1091.548828	49.646767
1090.405273	179.472763
1089.261719	179.912933
1088.118164	162.913132
1086.973633	164.148026
1085.829102	14.138298
1084.684570	-35.873318
1083.540039	120.425240
1082.395508	-0.628583
1081.250000	42.138363
1080.104492	95.179482
1078.958984	47.991909
1077.812500	-85.417770
1076.666016	93.837990
1075.519531	157.108887
1074.373047	160.561966
1073.226563	131.953659
1072.079102	-12.369658
1070.931641	129.700348
1069.784180	129.743362
1068.635742	-26.317642
1067.487305	97.599380
1066.338867	37.638088
1065.190430	60.125225
1064.041992	51.037453
1062.892578	149.748856
1061.743164	111.016373
1060.593750	181.697540
1059.443359	163.929092
1058.292969	117.157974
1057.142578	49.287609
1055.992188	-16.372793
1054.841797	66.506470
1053.690430	41.608932
1052.539063	202.078415
1051.387695	59.790543
1050.235352	132.713470
1049.083984	13.383881
1047.931641	-24.601374
1046.778320	-59.977074
1045.625977	9.079700
1044.472656	-34.963200
1043.319336	28.056740
1042.166016	-105.688950
1041.012695	51.545475
1039.858398	18.416061
1038.704102	-44.325745
1037.549805	149.444229
1036.394531	-76.577972
1035.239258	-73.102768
1034.083984	-125.101669
1032.928711	-37.433422
1031.773438	-66.061729
1030.617188	46.630299
1029.460938	-22.365536
1028.304688	31.311775
1027.147461	20.761501
1025.991211	12.106392
1024.833984	-25.500116
1023.675781	-70.805939
1022.518555	-36.818115
1021.360352	-20.132805
1020.202148	4.801013
1019.043945	64.515251
1017.884766	63.220421
1016.726563	60.834896
1015.567383	64.036827
1014.407227	-18.344540
1013.248047	-38.394169
1012.087891	-26.815327
1010.927734	55.523193
1009.767578	158.520493
1008.606445	102.580864
1007.446289	30.241508
1006.285156	23.689201
1005.123047	37.176548
1003.961914	-4.093158
1002.799805	58.422756
1001.637695	-17.087288
1000.475586	41.868114
999.312500	54.379200
998.149414	75.553856
996.986328	64.008492
995.823242	-8.149273
994.659180	34.823101
993.496094	-243.531540
992.332031	-5.208794
991.166992	40.252949
990.002930	51.183685
988.837891	-0.179794
987.672852	-128.493683
986.506836	17.132965
985.341797	32.973557
984.175781	-31.727850
983.009766	35.712437
981.843750	-19.812807
980.676758	-69.562592
979.509766	-47.305344
978.342773	-30.348001
977.175781	-62.828541
976.007813	33.961281
974.839844	139.842422
973.671875	61.187141
972.503906	-21.247032
971.334961	-17.771404
970.166016	-9.435608
968.997070	64.481255
967.828125	94.143448
966.658203	36.163475
965.488281	-13.633776
964.318359	-59.738823
963.148438	51.632706
961.977539	-39.716282
960.806641	47.202221
959.635742	160.253632
958.463867	0.454239
957.292969	-57.471596
956.121094	21.650087
954.948242	122.959114
953.776367	61.227722
952.603516	101.792938
951.430664	183.321976
950.257813	177.831619
949.084961	227.803513
947.911133	189.408676
946.737305	155.668335
945.563477	208.646149
944.388672	270.315857
943.213867	187.444336
942.039063	188.358871
940.864258	154.459061
939.688477	160.228912
938.513672	264.327423
937.337891	192.984100
936.161133	231.466705
934.985352	199.977203
933.808594	229.143539
932.631836	45.779930
931.454102	56.258518
930.277344	83.138214
929.099609	114.657791
927.921875	57.471786
926.743164	128.635941
925.565430	99.494781
924.386719	51.650864
923.208008	125.160072
922.028320	5.027843
920.849609	-28.765541
919.669922	-28.855833
919.474609	100.663910
918.309570	148.466187
917.143555	126.327774
915.977539	27.299177
914.810547	77.420006
913.644531	-93.765053
912.477539	172.947128
911.310547	18.113359
910.143555	100.792366
908.975586	11.207830
907.807617	168.320862
906.639648	83.415764
905.471680	0.873493
904.303711	-0.238465
903.134766	105.605339
901.965820	-160.527573
900.796875	-112.792839
899.626953	25.547846
898.457031	-161.410645
897.287109	-4.529049
896.117188	3.667799
894.947266	-11.353216
893.776367	-10.115968
892.605469	-92.425522
891.434570	43.413506
890.262695	30.729294
889.091797	113.147926
887.919922	-31.717285
886.748047	20.547800
885.575195	-33.831665
884.403320	-32.565575
883.230469	8.093187
882.057617	11.674459
880.883789	-44.960865
879.710938	-11.260023
878.537109	61.787788
877.362305	-78.138680
876.188477	-190.234238
875.013672	54.031433
873.839844	-23.338739
872.664063	-19.726488
871.489258	-32.297897
870.313477	-51.795563
869.138672	-126.753723
867.962891	-46.848553
866.786133	-124.079063
865.610352	62.057575
864.433594	7.938910
863.256836	11.570745
862.079102	84.460457
860.902344	-209.652832
859.724609	1.713913
858.546875	-89.230423
857.368164	170.471741
856.190430	65.701584
855.011719	7.091537
853.833008	70.684471
852.654297	16.714233
851.474609	59.549042
850.294922	-12.819049
849.115234	-27.571243
847.935547	-46.919018
846.754883	-17.905777
845.575195	-101.693420
844.393555	12.478106
843.212891	62.180157
842.032227	65.855659
840.850586	-142.065659
839.668945	13.425286
838.486328	26.314875
837.304688	2.424537
836.122070	45.192436
834.939453	-1.661921
833.756836	-80.654259
832.573242	1.156383
831.389648	32.419178
830.206055	43.009998
829.022461	26.055679
827.838867	50.416954
826.654297	127.539658
825.469727	44.063648
824.284180	150.973831
823.099609	23.966043
821.914063	-52.553761
820.728516	24.519592
819.542969	-3.845289
818.356445	-61.979923
817.169922	-184.224472
815.983398	34.800816
814.796875	36.226143
813.609375	46.807877
812.422852	84.849709
811.235352	19.908466
810.046875	19.049896
808.859375	82.233452
807.670898	88.222481
806.482422	194.804718
805.293945	132.192886
804.104492	145.022217
802.915039	144.136108
801.725586	236.908875
800.536133	265.692383
799.345703	378.949951
798.155273	131.450806
796.964844	199.035507
795.774414	216.386017
794.583008	204.067200
793.392578	285.274841
792.200195	104.176651
791.008789	233.248520
789.816406	186.729797
788.625000	99.201981
787.432617	57.280872
786.239258	35.877369
785.046875	-24.243429
783.853516	43.185135
782.660156	94.643639
781.465820	64.127090
780.272461	120.101295
779.078125	44.074085
777.883789	43.145176
776.688477	96.798325
775.494141	-36.044106
774.298828	83.522652
773.103516	9.824398
771.907227	-91.120964
770.711914	1.097249
769.515625	-138.436569
768.318359	-28.092810
767.122070	36.783863
765.924805	-39.127956
764.727539	-103.667969
763.530273	17.890121
762.333008	50.905910
761.134766	58.946545
759.936523	57.903297
758.738281	99.930687
757.540039	-16.752808
756.340820	13.919914
755.141602	-37.005054
753.942383	4.964685
752.742188	-39.164333
751.541992	-15.350882
750.341797	85.419891
749.141602	84.274178
747.941406	-2.882547
746.740234	-19.872904
745.539063	-23.296247
744.337891	16.241184
743.135742	33.135490
741.933594	47.748764
740.731445	134.670578
739.529297	85.952385
738.326172	236.063004
737.124023	142.136230
735.919922	156.637115
734.716797	-5.003007
733.513672	178.800888
732.309570	321.885681
731.105469	291.141449
729.900391	213.015900
728.696289	213.851974
727.491211	142.505844
726.286133	55.389576
725.080078	114.812172
723.874023	142.639832
722.668945	8.205595
721.461914	108.094170
720.255859	160.624115
719.048828	39.722694
717.841797	2.152175
716.634766	70.367371
715.427734	-84.255035
714.219727	33.406822
713.011719	54.272018
711.803711	126.833946
710.594727	-43.495045
709.385742	-0.211354
708.176758	13.813675
706.967773	-142.968063
705.758789	-41.345390
704.548828	-9.419224
703.338867	-4.477846
702.127930	162.092636
700.917969	88.383034
699.707031	-93.044159
698.496094	-7.408301
697.285156	-72.135399
696.073242	15.653505
694.861328	38.351429
693.649414	-35.387058
692.436523	-66.533638
691.224609	47.971577
690.011719	101.908089
688.798828	34.834557
687.584961	-65.830620
686.372070	126.840294
685.158203	61.962593
683.943359	147.039932
682.729492	211.916214
681.514648	323.717834
680.299805	269.927460
679.084961	292.164581
677.869141	363.551056
676.653320	188.994415
675.437500	244.672256
674.221680	143.892059
673.004883	170.457275
671.789063	138.914352
670.571289	20.268122
669.354492	107.033531
668.136719	95.523102
666.919922	17.042782
665.701172	-74.822784
664.483398	-39.532959
663.264648	80.456062
662.045898	77.733322
660.827148	97.273827
659.608398	67.744011
658.388672	2.543314
657.168945	48.729641
655.949219	-63.273724
654.728516	129.816895
653.507813	142.458893
652.287109	123.902237
651.066406	29.658623
649.844727	77.820251
648.623047	72.543381
647.401367	16.085325
646.179688	21.880661
644.957031	165.471710
643.734375	124.495338
642.511719	-78.711037
641.289063	-73.024826
640.065430	-51.825150
638.841797	-24.002371
637.618164	194.720413
636.393555	80.349304
635.168945	43.672722
633.944336	51.358234
632.719727	-60.782055
631.494141	133.164612
630.269531	185.084412
629.042969	50.722710
627.817383	47.163475
626.590820	101.191040
625.365234	-17.646093
624.137695	135.989487
622.911133	99.075119
621.683594	86.500946
620.456055	115.962524
619.228516	116.610909
618.000977	48.635254
616.772461	73.572662
615.543945	-208.969559
614.314453	-13.774174
613.085938	-44.195950
611.856445	-3.902154
610.626953	23.087183
609.397461	-18.455715
608.166992	143.216614
606.936523	-17.650616
605.706055	-4.040545
604.474609	11.742512
603.244141	14.252365
602.012695	-16.366982
600.780273	-104.361374
599.548828	-88.673927
598.316406	98.987709
597.083984	-0.074408
595.851563	61.794365
594.618164	-6.414971
593.384766	70.801872
592.151367	-114.180710
590.917969	-10.591356
589.683594	-25.976210
588.449219	-30.369940
587.214844	172.111633
585.979492	6.991689
584.745117	-21.671417
583.509766	-37.148632
582.273438	-92.226692
581.038086	-186.874466
579.801758	30.639963
578.565430	50.246941
577.329102	118.166641
576.091797	10.292788
574.854492	-66.804565
573.617188	9.823778
572.378906	79.813217
571.141602	79.521805
569.903320	33.128559
568.664063	72.301414
567.425781	168.477112
566.186523	67.220352
564.947266	-51.548065
563.708008	-58.481945
562.467773	-10.637335
561.227539	181.790863
559.987305	201.059509
558.747070	56.040699
557.505859	68.733055
556.264648	46.380688
555.023438	13.083724
553.781250	32.309517
552.539063	230.924759
551.296875	68.521790
550.054688	63.641148
548.811523	109.041206
547.569336	53.861126
546.325195	-38.462013
545.082031	74.649429
543.837891	-46.050106
542.593750	-48.758827
541.349609	-25.266264
540.105469	35.327030
538.860352	41.319412
537.615234	-0.703647
536.369141	-27.441353
535.124023	24.361685
533.877930	-72.161240
532.631836	99.547012
531.384766	131.662216
530.138672	168.125259
528.891602	43.323830
527.643555	-9.534089
526.396484	33.470398
525.148438	189.690765
523.900391	147.727051
522.652344	86.193939
521.403320	44.273479
520.154297	58.943604
518.905273	-13.399321
517.656250	66.529747
516.406250	-81.879150
515.156250	-67.179428
513.906250	32.282074
512.655273	-79.070450
511.404297	-105.643509
510.153320	-1.878242
508.902344	-67.531235
507.650391	29.678102
506.398438	-150.983994
505.146484	-112.378166
503.893555	-45.578861
502.641602	-154.502670
501.388672	46.753601
500.134766	124.337021
498.881836	4.627749
497.627930	41.023075
496.374023	-61.268642
495.119141	-22.696003
493.865234	26.700575
492.610352	34.936954
491.355469	99.467438
490.099609	-78.454041
488.843750	-42.048080
487.587891	-122.485809
486.332031	0.452710
485.075195	28.184372
483.818359	94.829704
482.561523	157.128555
481.304688	176.180069
480.046875	162.813599
478.789063	78.165588
477.531250	196.585556
476.272461	204.825058
475.013672	83.526726
473.754883	33.511604
472.496094	52.575771
471.236328	2.586805
469.976563	166.170013
468.716797	129.114944
467.456055	264.562439
466.196289	223.183762
464.935547	153.797592
463.673828	37.026730
462.413086	183.125244
461.151367	393.763184
459.889648	274.835846
458.626953	246.366333
457.364258	297.535492
456.101563	142.078964
454.838867	176.003784
453.575195	267.970917
452.312500	119.015739
451.047852	210.908676
449.784180	180.210678
448.519531	355.816345
447.254883	415.286713
445.990234	384.472992
444.725586	398.741882
443.459961	503.152374
442.194336	575.275513
440.927734	625.857910
439.662109	556.205017
438.395508	557.331299
437.127930	560.547485
435.861328	518.675842
434.593750	324.532654
433.326172	368.352325
432.058594	435.662659
430.790039	464.303772
429.521484	342.904999
428.252930	356.412598
426.984375	307.737122
425.714844	391.724731
424.445313	287.235443
423.174805	317.507141
421.905273	364.786713
420.634766	283.600952
419.364258	345.621002
418.092773	307.009674
416.822266	332.426910
415.550781	148.268875
414.278320	310.192291
413.006836	251.887985
411.734375	283.162598
410.461914	442.390869
409.188477	238.476822
407.916016	448.554291
406.642578	327.619263
405.368164	304.693787
404.094727	398.913422
402.820313	318.034424
401.545898	141.053604
400.270508	479.774506
398.996094	317.336395
397.720703	365.674225
396.444336	369.022369
395.168945	210.280777
393.892578	68.388947
392.616211	132.794449
391.339844	243.729355
390.062500	358.590637
388.785156	243.359848
387.507813	187.438263
386.229492	322.609619
384.951172	191.656601
383.672852	268.736572
382.394531	419.823425
381.115234	409.015778
379.835938	185.437027
378.556641	89.004135
377.277344	117.498055
375.997070	285.674225
374.716797	139.265869
373.435547	225.888992
372.155273	169.914780
370.874023	215.306458
369.591797	154.178024
368.310547	234.646881
367.028320	108.978836
365.746094	209.594620
364.463867	254.557159
363.180664	63.830429
361.897461	16.630150
360.614258	15.453755
359.330078	75.057220
358.045898	222.908859
356.761719	78.082138
355.477539	59.595440
354.192383	53.124611
352.907227	-9.002847
351.622070	129.022247
350.336914	221.880234
349.050781	275.899963
347.764648	50.266190
346.477539	115.401901
345.191406	145.934418
343.904297	-24.963644
342.616211	69.295189
341.329102	36.040310
340.041016	-42.429531
338.752930	34.306339
337.463867	4.589243
336.175781	-108.293785
334.886719	45.565163
333.596680	29.699970
332.307617	4.388403
331.017578	-5.166514
329.727539	-87.434738
328.436523	6.046737
327.146484	-38.488289
325.855469	-90.543900
324.563477	81.328995
323.272461	-118.376801
321.980469	-3.804907
320.688477	-16.779213
319.395508	-123.646210
318.103516	-99.385757
316.810547	-99.709953
315.516602	-74.213509
314.223633	-35.471947
312.929688	91.994888
311.635742	-248.297272
310.340820	-117.746819
309.045898	-11.978262
307.750977	71.084251
306.456055	34.912392
305.160156	57.777626
303.865234	246.646027
302.568359	200.774658
301.272461	255.802216
299.975586	394.746826
298.678711	449.949799
