1999.980469	-21.855692
1999.016602	19.283953
1998.052734	32.983707
1997.087891	21.918880
1996.123047	18.313505
1995.158203	7.299546
1994.193359	-45.793755
1993.228516	-17.128784
1992.262695	1.641779
1991.297852	74.884438
1990.332031	34.272736
1989.366211	8.541881
1988.399414	0.156551
1987.433594	78.367210
1986.466797	5.708361
1985.500977	-10.034995
1984.534180	-5.978908
1983.567383	-19.209410
1982.599609	-5.235678
1981.632813	35.928108
1980.665039	-11.840045
1979.697266	-12.647702
1978.729492	21.131414
1977.761719	5.533742
1976.792969	4.766235
1975.825195	-10.794629
1974.856445	-6.596316
1973.887695	5.015152
1972.918945	43.768257
1971.949219	-13.662731
1970.980469	10.309738
1970.010742	9.631915
1969.041016	-52.654694
1968.071289	10.775774
1967.101563	-24.362637
1966.130859	9.498918
1965.161133	-10.827210
1964.190430	-4.048108
1963.219727	-29.268791
1962.249023	-17.546244
1961.277344	-0.896818
1960.306641	32.980839
1959.334961	52.092770
1958.363281	-9.967031
1957.391602	60.808380
1956.419922	47.963791
1955.447266	27.756178
1954.474609	-14.558125
1953.501953	-2.784416
1952.529297	36.019569
1951.556641	1.118243
1950.583984	64.481712
1949.610352	71.347252
1948.636719	-12.626855
1947.663086	55.631439
1946.689453	60.058197
1945.715820	-21.395985
1944.741211	54.202381
1943.767578	24.301620
1942.792969	21.393932
1941.818359	8.683973
1940.842773	22.950235
1939.868164	0.449128
1938.892578	29.423996
1937.916992	55.941921
1936.941406	43.257847
1935.965820	-3.707864
1934.990234	-16.368963
1934.013672	12.599968
1933.037109	2.394547
1932.060547	-32.278664
1931.083984	18.709021
1930.107422	-6.162635
1929.129883	-4.115852
1928.153320	46.845600
1927.175781	7.318340
1926.198242	-24.857977
1925.219727	45.638702
1924.242188	-6.079430
1923.263672	59.504189
1922.285156	24.905861
1921.306641	34.285976
1920.328125	-17.385990
1919.349609	-5.557671
1918.370117	-5.938236
1917.391602	-11.198820
1916.412109	25.025936
1915.431641	12.443439
1914.452148	2.305651
1913.472656	4.366065
1912.492188	8.864261
1911.511719	-3.704323
1910.531250	32.480770
1909.550781	22.349733
1908.569336	26.841257
1907.588867	-0.337608
1906.607422	40.690372
1905.625977	15.953362
1904.644531	61.831524
1903.662109	10.321899
1902.680664	-48.470249
1901.698242	9.559002
1900.715820	-15.152257
1899.733398	-10.665996
1898.750000	37.593086
1897.767578	-55.195026
1896.784180	73.277573
1895.800781	-12.193109
1894.817383	40.886154
1893.833984	1.615386
1892.850586	-6.061749
1891.866211	-25.881590
1890.881836	19.869736
1889.897461	14.616731
1888.913086	-31.902201
1887.927734	18.673590
1886.943359	-13.272930
1885.958008	3.312052
1884.972656	-57.730865
1883.987305	67.984741
1883.001953	55.443085
1882.015625	-5.581193
1881.029297	47.334064
1880.042969	10.563569
1879.056641	-9.235004
1878.070313	41.222481
1877.083984	9.311357
1876.096680	25.840321
1875.109375	54.466293
1874.122070	-40.372528
1873.134766	36.653896
1872.146484	14.440454
1871.159180	-0.509017
1870.170898	-10.617978
1869.182617	-25.562134
1868.194336	51.376873
1867.205078	58.178394
1866.216797	16.635235
1865.227539	66.933289
1864.238281	39.895050
1863.249023	27.358257
1862.259766	58.296768
1861.269531	31.267313
1860.279297	52.530750
1859.290039	49.645546
1858.298828	8.144351
1857.308594	2.849953
1856.318359	7.204706
1855.327148	-14.977345
1854.335938	47.250587
1853.344727	17.830389
1852.353516	-13.992105
1851.362305	40.961567
1850.370117	38.057686
1849.377930	18.287004
1848.385742	-30.385033
1847.393555	-16.423761
1846.401367	11.976965
1845.408203	83.698563
1844.415039	1.340675
1843.421875	-11.198497
1842.428711	-30.954239
1841.435547	23.870205
1840.441406	23.350937
1839.448242	-22.861156
1838.454102	53.560696
1837.459961	57.835194
1836.464844	59.701515
1835.470703	59.161522
1834.475586	44.203594
1833.480469	19.640184
1832.485352	4.689563
1831.490234	59.374805
1830.495117	-30.004766
1829.499023	3.058208
1828.502930	45.704937
1827.506836	-22.036495
1826.510742	20.593199
1825.513672	15.235034
1824.517578	26.662302
1823.520508	69.249916
1822.523438	32.715286
1821.526367	12.967840
1820.529297	26.771509
1819.531250	-14.534707
1818.533203	1.658209
1817.535156	87.291794
1816.537109	43.594955
1815.539063	-12.057796
1814.540039	11.291436
1813.541992	5.913436
1812.542969	69.918427
1811.543945	-14.413662
1810.543945	30.432060
1809.544922	39.390583
1808.544922	91.376068
1807.544922	47.727535
1806.544922	49.499939
1805.544922	10.649352
1804.544922	45.867928
1803.543945	81.070320
1802.542969	20.735342
1801.541992	1.009619
1800.541016	-9.162618
1799.539063	23.626200
1798.538086	27.765827
1797.536133	8.043301
1796.534180	45.573555
1795.532227	37.774582
1794.529297	-1.021752
1793.527344	55.553467
1792.524414	54.899921
1791.521484	42.328968
1790.518555	24.995171
1789.514648	-25.685013
1788.511719	-9.659913
1787.507813	-26.981403
1786.503906	53.314842
1785.500000	5.038901
1784.496094	16.276735
1783.491211	13.231047
1782.486328	17.321247
1781.481445	47.571896
1780.476563	18.356302
1779.471680	-20.360781
1778.465820	52.662643
1777.460938	23.456434
1776.455078	8.516659
1775.449219	-4.043537
1774.442383	-21.352274
1773.436523	-14.906534
1772.429688	8.155944
1771.422852	-6.777026
1770.416016	23.391994
1769.409180	-50.870541
1768.402344	38.608974
1767.394531	-14.282205
1766.386719	49.062611
1765.378906	-18.042099
1764.371094	2.599736
1763.362305	13.749870
1762.354492	13.044538
1761.345703	-35.053329
1760.336914	-4.954843
1759.328125	36.973682
1758.318359	19.679670
1757.308594	23.700245
1756.299805	39.554474
1755.290039	-13.237350
1754.279297	26.277800
1753.269531	4.262668
1752.258789	43.756462
1751.249023	-1.906802
1750.238281	37.570133
1749.226563	65.209633
1748.215820	-34.800892
1747.204102	-2.434453
1746.193359	-14.973962
1745.181641	-13.336408
1744.168945	87.497398
1743.157227	22.992350
1742.144531	-8.436272
1741.132813	2.635904
1740.120117	-33.499378
1739.106445	38.920231
1738.093750	52.332294
1737.080078	37.432846
1736.067383	17.822042
1735.053711	52.447018
1734.040039	32.838211
1733.025391	-83.398293
1732.011719	-25.212137
1730.997070	23.526424
1729.982422	-21.977610
1728.967773	52.646149
1727.952148	-11.685670
1726.937500	65.260155
1725.921875	10.363978
1724.906250	-20.978893
1723.890625	81.803223
1722.875000	57.514431
1721.858398	40.289612
1720.841797	23.070713
1719.825195	62.283417
1718.808594	-25.453106
1717.791992	23.153278
1716.774414	29.444851
1715.756836	0.494543
1714.739258	-23.747793
1713.721680	-55.026398
1712.704102	5.275455
1711.685547	18.603682
1710.667969	-26.748667
1709.649414	-55.658577
1708.630859	35.094337
1707.611328	-36.039726
1706.592773	10.114598
1705.573242	23.423737
1704.553711	-61.734207
1703.534180	28.930584
1702.513672	-18.702013
1701.494141	-14.770709
1700.473633	0.870945
1699.453125	21.190529
1698.432617	25.110676
1697.412109	-3.747133
1696.390625	-9.187347
1695.369141	-19.306229
1694.347656	68.851448
1693.326172	-62.926086
1692.304688	29.883768
1691.282227	-1.281733
1690.260742	11.987644
1689.238281	-12.149810
1688.214844	-50.301128
1687.192383	21.386673
1686.168945	43.985580
1685.146484	5.846138
1684.123047	51.792896
1683.099609	51.024509
1682.075195	12.905233
1681.051758	9.810997
1680.027344	32.386547
1679.002930	-15.038851
1677.978516	-32.121544
1676.953125	-7.218591
1675.928711	10.680452
1674.903320	16.915892
1673.877930	41.795998
1672.852539	-19.557379
1671.826172	14.640061
1670.800781	-9.411793
1669.774414	27.100395
1668.748047	-50.501801
1667.721680	62.833763
1666.694336	1.548740
1665.667969	45.014400
1664.640625	44.254166
1663.613281	31.863047
1662.585938	72.972778
1661.557617	-11.507217
1660.530273	-5.278670
1659.501953	93.929413
1658.473633	-6.772474
1657.444336	43.601650
1656.416016	82.341614
1655.386719	60.675331
1654.358398	8.828780
1653.328125	38.266685
1652.298828	-13.554499
1651.269531	62.297371
1650.239258	-15.032911
1649.208984	5.109824
1648.178711	2.049571
1647.148438	17.544525
1646.117188	16.802959
1645.086914	18.381285
1644.055664	1.416973
1643.024414	16.903204
1641.992188	-9.320519
1640.960938	33.961140
1639.928711	17.010294
1638.896484	48.693779
1637.864258	43.324234
1636.832031	84.251038
1635.798828	55.736061
1634.766602	82.764038
1633.733398	38.069386
1632.699219	72.030174
1631.666016	43.543976
1630.632813	31.253885
1629.598633	86.003326
1628.564453	55.222828
1627.530273	-19.446226
1626.495117	65.316513
1625.460938	25.322657
1624.425781	73.097786
1623.390625	21.575974
1622.355469	67.027374
1621.319336	-0.626824
1620.284180	65.581108
1619.248047	113.307983
1618.211914	98.739708
1617.174805	63.422710
1616.138672	37.343994
1615.101563	64.296867
1614.065430	12.878299
1613.027344	49.045109
1611.990234	122.062073
1610.953125	33.810951
1609.915039	23.896919
1608.876953	9.383174
1607.838867	34.012283
1606.800781	54.029984
1605.761719	97.052925
1604.723633	18.121174
1603.684570	1.329456
1602.644531	9.843808
1601.605469	80.440849
1600.566406	45.259823
1599.526367	76.750511
1598.486328	184.066544
1597.446289	52.390427
1596.405273	83.865685
1595.365234	117.627441
1594.324219	61.822823
1593.283203	123.128281
1592.242188	58.166271
1591.200195	85.027702
1590.159180	40.752090
1589.117188	76.785912
1588.075195	85.284485
1587.032227	96.074211
1585.990234	58.715710
1584.947266	106.185608
1583.904297	-2.202439
1582.861328	29.225031
1581.818359	49.187515
1580.775391	96.629356
1579.731445	73.064339
1578.687500	56.379101
1577.643555	53.436680
1576.598633	-13.585064
1575.554688	56.713440
1574.509766	65.216698
1573.464844	101.166069
1572.419922	91.366241
1571.374023	49.562233
1570.329102	0.919084
1569.283203	66.571693
1568.237305	72.789124
1567.191406	5.898637
1566.144531	34.970577
1565.098633	36.629078
1564.051758	33.721947
1563.004883	53.646034
1561.957031	43.893303
1560.910156	66.093506
1559.862305	42.657433
1558.814453	67.133919
1557.766602	7.221695
1556.718750	-27.583622
1555.669922	-9.940812
1554.621094	48.723106
1553.573242	-31.639130
1552.523438	20.174850
1551.474609	28.691082
1550.424805	-8.342919
1549.375000	22.949404
1548.325195	-16.341120
1547.275391	10.392450
1546.225586	116.765228
1545.174805	68.384705
1544.124023	70.069916
1543.073242	49.013504
1542.022461	39.336815
1540.970703	4.658439
1539.919922	-7.274173
1538.868164	-28.290239
1537.815430	9.777363
1536.763672	31.931200
1535.710938	44.993553
1534.659180	69.406914
1533.606445	-15.160233
1532.552734	22.878185
1531.500000	-4.907667
1530.446289	10.428905
1529.393555	16.688160
1528.338867	18.410637
1527.285156	-20.681498
1526.231445	39.997780
1525.176758	53.054893
1524.122070	25.316782
1523.067383	92.755013
1522.012695	99.004829
1520.957031	41.837227
1519.901367	79.801178
1518.845703	-2.239296
1517.790039	51.567730
1516.734375	62.357029
1515.677734	23.365780
1514.621094	27.374147
1513.564453	-27.422308
1512.507813	44.438454
1511.450195	25.838516
1510.393555	66.019211
1509.335938	27.087488
1508.278320	-0.528923
1507.219727	-55.241020
1506.162109	41.398567
1505.103516	-22.328028
1504.044922	-47.645668
1502.986328	21.854582
1501.926758	-21.511822
1500.868164	7.345654
1499.808594	0.099056
1498.749023	28.945507
1497.688477	46.507477
1496.628906	-5.827154
1495.568359	106.413361
1494.507813	-20.279558
1493.447266	-22.991356
1492.386719	28.367567
1491.325195	-3.628646
1490.263672	61.222115
1489.202148	49.500046
1488.140625	-16.239187
1487.079102	-14.432960
1486.016602	-44.126747
1484.954102	-6.316454
1483.891602	20.235226
1482.829102	8.549775
1481.765625	68.816841
1480.702148	7.677218
1479.638672	-1.741642
1478.575195	38.273026
1477.511719	-16.073095
1476.447266	39.654037
1475.382813	1.034913
1474.318359	-37.523731
1473.253906	9.198685
1472.189453	71.611580
1471.124023	-49.939610
1470.058594	-0.970975
1468.993164	-12.610076
1467.927734	-10.782330
1466.861328	49.319492
1465.794922	4.127295
1464.728516	-18.679111
1463.662109	-10.102659
1462.594727	23.127634
1461.528320	47.194160
1460.460938	-6.755883
1459.393555	-33.977859
1458.326172	-52.201756
1457.257813	-1.253861
1456.189453	-8.350856
1455.121094	13.528743
1454.052734	31.016768
1452.984375	28.538141
1451.915039	52.899757
1450.845703	28.091228
1449.776367	25.392458
1448.707031	-26.157984
1447.636719	-11.212790
1446.567383	59.702969
1445.497070	-7.164326
1444.425781	-27.876074
1443.355469	18.491491
1442.285156	49.241493
1441.213867	55.599674
1440.142578	-30.933887
1439.070313	21.678572
1437.999023	-88.972588
1436.926758	42.943413
1435.854492	20.998661
1434.782227	57.875526
1433.709961	-17.566496
1432.636719	15.689608
1431.563477	-48.514179
1430.490234	1.422118
1429.416992	-3.055589
1428.343750	4.666831
1427.269531	-6.061319
1426.195313	32.800663
1425.121094	23.928801
1424.046875	-26.485392
1422.971680	40.463310
1421.896484	9.840871
1420.821289	28.482973
1419.746094	5.312704
1418.669922	29.143986
1417.594727	-28.577797
1416.518555	-10.692328
1415.442383	41.139046
1414.365234	-37.452362
1413.289063	5.182306
1412.211914	47.412487
1411.134766	74.534470
1410.057617	-4.750088
1408.979492	50.296326
1407.902344	-16.900347
1406.824219	-31.333197
1405.746094	32.119495
1404.666992	-13.483458
1403.588867	-23.802559
1402.509766	43.472588
1401.430664	27.839539
1400.351563	52.736279
1399.271484	24.965406
1398.192383	51.980652
1397.112305	-6.817234
1396.031250	28.871794
1394.951172	-56.318130
1393.871094	-18.441458
1392.790039	29.795153
1391.708984	70.079308
1390.626953	41.592522
1389.545898	-3.085644
1388.463867	73.460846
1387.381836	45.478176
1386.299805	110.701324
1385.217773	69.145546
1384.134766	17.706234
1383.051758	27.037169
1381.968750	88.998566
1380.885742	40.553307
1379.802734	50.342129
1378.718750	-8.451962
1377.634766	81.724823
1376.550781	30.715862
1375.465820	100.955757
1374.381836	16.594669
1373.296875	144.904053
1372.211914	79.293747
1371.126953	67.210663
1370.041016	131.260284
1368.955078	68.004341
1367.869141	50.122379
1366.783203	1.055054
1365.697266	5.254019
1364.610352	5.645592
1363.523438	7.705656
1362.436523	-35.238045
1361.349609	68.239525
1360.261719	17.475344
1359.174805	37.645523
1358.086914	-8.354296
1356.998047	53.755783
1355.910156	-37.000595
1354.821289	22.056517
1353.732422	25.766996
1352.643555	-14.376858
1351.554688	33.914001
1350.464844	-71.704712
1349.375000	35.277767
1348.285156	31.101055
1347.195313	-4.318362
1346.105469	27.379612
1345.014648	47.040638
1343.923828	36.944393
1342.833008	136.097336
1341.741211	-32.313065
1340.650391	56.588707
1339.558594	4.718855
1338.466797	54.334709
1337.374023	56.350426
1336.282227	53.920326
1335.189453	-2.840896
1334.096680	21.134514
1333.003906	16.224106
1331.910156	0.451779
1330.817383	30.826698
1329.723633	-1.038743
1328.629883	27.115459
1327.535156	34.303082
1326.441406	40.020824
1325.346680	30.980698
1324.251953	3.662798
1323.156250	91.183075
1322.061523	6.179214
1320.965820	95.635086
1319.870117	26.194229
1318.774414	27.157778
1317.678711	23.982750
1316.582031	5.094918
1315.485352	-7.015871
1314.388672	-41.906151
1313.291016	73.852303
1312.194336	60.637863
1311.096680	39.277569
1309.999023	13.659702
1308.901367	10.415469
1307.802734	0.690260
1306.705078	42.990738
1305.606445	1.594147
1304.506836	20.363146
1303.408203	31.425850
1302.308594	43.887028
1301.208984	26.101618
1300.109375	-23.316256
1299.009766	-28.833162
1297.909180	69.294075
1296.808594	24.604475
1295.708008	20.033451
1294.607422	70.248100
1293.506836	41.847404
1292.405273	-61.091961
1291.303711	1.215486
1290.202148	37.592480
1289.099609	-32.677025
1287.998047	-5.880219
1286.895508	17.236002
1285.792969	-22.939131
1284.689453	6.834032
1283.586914	52.291843
1282.483398	9.873704
1281.379883	-0.282017
1280.276367	9.303668
1279.171875	15.822559
1278.067383	8.674870
1276.962891	34.305653
1275.858398	3.877729
1274.753906	45.852760
1273.648438	5.497494
1272.542969	42.192368
1271.437500	86.771347
1270.331055	9.975067
1269.225586	-16.722097
1268.119141	13.349613
1267.012695	-5.838673
1265.906250	-13.286485
1264.798828	-17.240490
1263.691406	-15.204781
1262.583984	7.287910
1261.476563	-53.368267
1260.368164	6.874575
1259.260742	-6.283122
1258.152344	-14.948076
1257.043945	-27.772945
1255.934570	-32.645020
1254.825195	-3.964882
1253.716797	-22.764708
1252.606445	-25.001373
1251.497070	-37.988178
1250.387695	12.871848
1249.277344	27.522717
1248.166992	-38.570316
1247.055664	31.144678
1245.945313	17.612143
1244.833984	-28.634857
1243.722656	-0.677209
1242.611328	15.999234
1241.499023	-36.369644
1240.387695	-35.710369
1239.275391	32.240837
1238.162109	-11.366503
1237.049805	14.255800
1235.936523	3.741892
1234.823242	-6.676006
1233.709961	11.333267
1232.596680	39.305954
1231.482422	-20.149378
1230.369141	-6.516270
1229.253906	-37.446030
1228.139648	-43.638573
1227.025391	22.385275
1225.910156	1.659378
1224.794922	14.828434
1223.679688	-7.139921
1222.563477	22.541109
1221.447266	-17.990496
1220.331055	29.884148
1219.214844	8.795396
1218.098633	-36.307911
1216.981445	-20.774233
1215.864258	-37.042492
1214.747070	-21.730745
1213.629883	82.219345
1212.511719	4.621797
1211.393555	26.652800
1210.275391	33.770100
1209.157227	35.007626
1208.038086	-14.346490
1206.918945	5.974889
1205.799805	-14.011649
1204.680664	11.075717
1203.560547	21.657085
1202.441406	-3.457632
1201.321289	-10.806645
1200.200195	-0.967603
1199.080078	-20.929176
1197.958984	0.648475
1196.837891	2.819839
1195.716797	-16.545712
1194.594727	11.007196
1193.473633	-2.913424
1192.351563	-42.541100
1191.229492	29.958935
1190.106445	-3.045717
1188.984375	25.327618
1187.861328	23.191845
1186.738281	37.278339
1185.614258	44.873402
1184.491211	13.577608
1183.367188	67.391312
1182.243164	49.134876
1181.119141	73.121521
1179.994141	66.231667
1178.869141	57.050205
1177.744141	22.839207
1176.619141	51.709988
1175.493164	40.934448
1174.368164	41.235973
1173.242188	33.487835
1172.115234	-3.862225
1170.989258	-7.119263
1169.862305	9.387238
1168.735352	41.262066
1167.608398	39.840046
1166.481445	16.361654
1165.353516	31.464018
1164.225586	2.593359
1163.097656	5.434604
1161.968750	28.589241
1160.840820	-26.864973
1159.711914	-20.778887
1158.583008	38.095970
1157.453125	-9.186279
1156.324219	-21.655663
1155.194336	-13.050607
1154.064453	22.057661
1152.933594	18.626213
1151.803711	21.271393
1150.672852	-2.763785
1149.541992	64.811760
1148.411133	33.637169
1147.279297	-3.939973
1146.147461	23.885815
1145.015625	44.451073
1143.883789	17.502010
1142.750977	41.299160
1141.619141	56.561295
1140.486328	31.634451
1139.352539	-25.254457
1138.219727	20.637880
1137.085938	41.738918
1135.952148	46.322037
1134.818359	-9.500461
1133.683594	-9.127956
1132.549805	39.193974
1131.415039	-6.412886
1130.279297	-5.986998
1129.144531	47.009880
1128.008789	-2.499572
1126.873047	29.927351
1125.737305	80.145988
1124.601563	36.379723
1123.464844	45.552776
1122.328125	-38.928272
1121.191406	18.732098
1120.054688	0.901805
1118.916992	21.031925
1117.779297	3.909772
1116.641602	16.415590
1115.503906	8.110408
1114.365234	19.219593
1113.226563	20.088203
1112.087891	0.796676
1110.949219	37.563759
1109.809570	29.303900
1108.669922	-5.345236
1107.530273	0.984510
1106.390625	50.636639
1105.250000	-12.823277
1104.109375	-2.509768
1102.968750	14.365490
1101.828125	16.294191
1100.686523	27.080313
1099.544922	-9.644706
1098.403320	5.914543
1097.261719	12.678588
1096.120117	17.995325
1094.977539	50.357689
1093.834961	49.410923
1092.691406	21.455944
1091.548828	32.770546
1090.405273	19.714252
1089.261719	-9.058413
1088.118164	-18.127163
1086.973633	-5.398360
1085.829102	-41.691601
1084.684570	19.044256
1083.540039	-14.733758
1082.395508	7.182486
1081.250000	28.162012
1080.104492	50.053074
1078.958984	48.723099
1077.812500	-10.411765
1076.666016	-25.444305
1075.519531	35.453846
1074.373047	-33.532619
1073.226563	20.661480
1072.079102	6.328994
1070.931641	8.217598
1069.784180	2.072406
1068.635742	-1.670546
1067.487305	10.764006
1066.338867	-32.381386
1065.190430	-38.320709
1064.041992	-28.609632
1062.892578	-12.623403
1061.743164	22.595379
1060.593750	34.118488
1059.443359	36.580925
1058.292969	37.696690
1057.142578	26.003006
1055.992188	56.690430
1054.841797	-15.901809
1053.690430	-15.940590
1052.539063	7.857054
1051.387695	41.617222
1050.235352	26.727959
1049.083984	7.543540
1047.931641	-10.456935
1046.778320	-6.170199
1045.625977	-45.165802
1044.472656	-6.323046
1043.319336	-27.381298
1042.166016	-25.880596
1041.012695	19.161480
1039.858398	6.054848
1038.704102	15.856534
1037.549805	43.863899
1036.394531	49.290180
1035.239258	-27.575054
1034.083984	-5.865467
1032.928711	25.419184
1031.773438	11.736541
1030.617188	-7.998263
1029.460938	2.255937
1028.304688	1.256587
1027.147461	-17.256596
1025.991211	-26.168076
1024.833984	49.331169
1023.675781	8.198904
1022.518555	-40.786980
1021.360352	14.399945
1020.202148	37.149113
1019.043945	-8.354781
1017.884766	-59.506672
1016.726563	-65.194672
1015.567383	10.220794
1014.407227	-3.476217
1013.248047	5.661759
1012.087891	18.297485
1010.927734	-14.535795
1009.767578	-38.369701
1008.606445	-1.963914
1007.446289	-58.126217
1006.285156	-40.311035
1005.123047	6.033627
1003.961914	4.572776
1002.799805	-3.024245
1001.637695	-4.660101
1000.475586	4.376878
999.312500	21.939302
998.149414	-32.744507
996.986328	34.035042
995.823242	-20.181274
994.659180	-3.046715
993.496094	39.697742
992.332031	32.214218
991.166992	43.493675
990.002930	2.456392
988.837891	-28.968546
987.672852	-25.241531
986.506836	18.623945
985.341797	62.095165
984.175781	-45.077873
983.009766	66.276649
981.843750	41.332306
980.676758	35.132618
979.509766	17.377962
978.342773	36.543552
977.175781	9.953612
976.007813	134.752716
974.839844	53.094269
973.671875	21.707373
972.503906	50.710812
971.334961	70.493423
970.166016	8.723491
968.997070	37.759167
967.828125	37.420757
966.658203	-9.409849
965.488281	-26.134443
964.318359	15.827294
963.148438	15.786276
961.977539	-20.541637
960.806641	-24.758789
959.635742	23.032766
958.463867	-1.803406
957.292969	-22.670351
956.121094	69.037117
954.948242	7.819597
953.776367	45.393684
952.603516	41.094658
951.430664	9.012927
950.257813	-8.065745
949.084961	8.630364
947.911133	50.567715
946.737305	63.008232
945.563477	29.123175
944.388672	62.593231
943.213867	16.102448
942.039063	70.692566
940.864258	-17.927927
939.688477	19.766386
938.513672	4.760915
937.337891	8.837934
936.161133	-20.897095
934.985352	2.021102
933.808594	-29.721155
932.631836	-19.407587
931.454102	9.816676
930.277344	-17.715160
929.099609	-17.927872
927.921875	7.069997
926.743164	-18.361805
925.565430	-20.682673
924.386719	27.427122
923.208008	22.997952
922.028320	31.171297
920.849609	45.640118
919.669922	45.653450
919.474609	64.303116
918.309570	64.064934
917.143555	74.317688
915.977539	160.093948
914.810547	67.537743
913.644531	73.585106
912.477539	48.177307
911.310547	66.801277
910.143555	60.265476
908.975586	45.349064
907.807617	61.862823
906.639648	49.043800
905.471680	71.829857
904.303711	61.104881
903.134766	33.636078
901.965820	66.871315
900.796875	26.854521
899.626953	-52.896500
898.457031	15.889239
897.287109	44.912537
896.117188	50.923740
894.947266	15.124013
893.776367	27.405415
892.605469	41.769775
891.434570	1.810835
890.262695	41.234978
889.091797	13.818350
887.919922	15.640367
886.748047	69.644272
885.575195	61.015930
884.403320	25.264784
883.230469	31.248308
882.057617	51.827229
880.883789	1.497963
879.710938	40.834282
878.537109	-17.813431
877.362305	21.507200
876.188477	-41.283363
875.013672	10.520844
873.839844	16.483110
872.664063	-2.546232
871.489258	17.985161
870.313477	78.052773
869.138672	2.830383
867.962891	-18.268789
866.786133	14.721786
865.610352	68.493835
864.433594	-10.831540
863.256836	55.392658
862.079102	28.058695
860.902344	25.669827
859.724609	48.210545
858.546875	43.737038
857.368164	97.411209
856.190430	5.720950
855.011719	24.086897
853.833008	9.236015
852.654297	13.064038
851.474609	-12.156054
850.294922	20.708471
849.115234	24.524784
847.935547	5.530895
846.754883	48.728661
845.575195	77.399338
844.393555	89.479317
843.212891	74.621147
842.032227	16.271875
840.850586	82.189209
839.668945	71.474754
838.486328	56.622314
837.304688	60.398636
836.122070	105.551796
834.939453	74.144745
833.756836	22.065989
832.573242	79.597641
831.389648	128.833649
830.206055	41.629925
829.022461	59.850475
827.838867	57.400181
826.654297	85.932465
825.469727	73.145897
824.284180	58.296803
823.099609	35.193619
821.914063	69.887100
820.728516	75.674225
819.542969	114.465363
818.356445	-24.151514
817.169922	125.998749
815.983398	129.695419
814.796875	71.546005
813.609375	99.977486
812.422852	103.667946
811.235352	191.817764
810.046875	240.793991
808.859375	157.954407
807.670898	171.910767
806.482422	95.288063
805.293945	57.795364
804.104492	123.192383
802.915039	85.702507
801.725586	151.059845
800.536133	37.490547
799.345703	96.656059
798.155273	73.576523
796.964844	62.833092
795.774414	84.963577
794.583008	24.915277
793.392578	1.855274
792.200195	83.519073
791.008789	48.131680
789.816406	66.118713
788.625000	88.198799
787.432617	52.820969
786.239258	-64.593170
785.046875	12.858593
783.853516	41.066586
782.660156	7.761927
781.465820	-5.038284
780.272461	33.389000
779.078125	-73.655777
777.883789	28.255671
776.688477	-60.322098
775.494141	72.246216
774.298828	-1.983831
773.103516	9.765540
771.907227	-35.784256
770.711914	-36.315025
769.515625	32.687248
768.318359	-12.852055
767.122070	11.131980
765.924805	-24.172941
764.727539	-18.597286
763.530273	17.618073
762.333008	47.685871
761.134766	10.342272
759.936523	3.637063
758.738281	74.502960
757.540039	20.835806
756.340820	69.213051
755.141602	44.121399
753.942383	47.591091
752.742188	-14.202167
751.541992	15.773504
750.341797	-13.382314
749.141602	-50.682587
747.941406	-4.432027
746.740234	33.645515
745.539063	24.857821
744.337891	11.996240
743.135742	74.461914
741.933594	51.407848
740.731445	40.568516
739.529297	56.178387
738.326172	0.580484
737.124023	30.418282
735.919922	39.904594
734.716797	12.790060
733.513672	44.623268
732.309570	50.021023
731.105469	55.411266
729.900391	38.450474
728.696289	56.015079
727.491211	34.989956
726.286133	18.028273
725.080078	9.185906
723.874023	0.341752
722.668945	-34.876011
721.461914	23.213068
720.255859	28.549841
719.048828	-71.544724
717.841797	27.038021
716.634766	83.017059
715.427734	1.192303
714.219727	-27.936565
713.011719	-24.654913
711.803711	-27.454575
710.594727	-52.527527
709.385742	9.435480
708.176758	-52.069839
706.967773	-28.583654
705.758789	-33.430809
704.548828	20.364059
703.338867	29.649778
702.127930	-45.974636
700.917969	27.981840
699.707031	27.139605
698.496094	-6.030549
697.285156	51.695496
696.073242	62.946880
694.861328	29.772299
693.649414	26.882805
692.436523	-14.354550
691.224609	-17.245174
690.011719	20.202848
688.798828	110.065208
687.584961	50.674156
686.372070	15.493851
685.158203	-33.786556
683.943359	27.776279
682.729492	28.868597
681.514648	44.053547
680.299805	91.447014
679.084961	102.573906
677.869141	49.275360
676.653320	72.469391
675.437500	-13.005599
674.221680	-11.948442
673.004883	57.484669
671.789063	140.958939
670.571289	-4.795175
669.354492	38.445267
668.136719	119.842682
666.919922	124.853333
665.701172	87.672119
664.483398	40.459885
663.264648	43.457760
662.045898	76.560280
660.827148	37.390385
659.608398	-21.834494
658.388672	-0.794037
657.168945	78.398499
655.949219	17.179415
654.728516	18.131720
653.507813	-2.971231
652.287109	54.087139
651.066406	-3.091089
649.844727	-8.167918
648.623047	58.851952
647.401367	19.712940
646.179688	-31.426601
644.957031	59.556717
643.734375	-31.602890
642.511719	25.319708
641.289063	8.204062
640.065430	89.080658
638.841797	41.956554
637.618164	68.808960
636.393555	19.699240
635.168945	52.528263
633.944336	13.420952
632.719727	12.273344
631.494141	3.132997
630.269531	-13.993383
629.042969	84.649437
627.817383	9.630301
626.590820	34.395447
625.365234	1.298545
624.137695	-57.716732
622.911133	16.879925
621.683594	71.504829
620.456055	76.275597
619.228516	43.179943
618.000977	67.867592
616.772461	-5.057777
615.543945	53.473122
614.314453	66.182495
613.085938	37.082043
611.856445	57.741241
610.626953	20.687157
609.397461	45.311214
608.166992	10.255408
606.936523	48.781197
605.706055	33.611305
604.474609	44.281403
603.244141	-10.631323
602.012695	19.903263
600.780273	-29.031033
599.548828	-22.343088
598.316406	24.046535
597.083984	62.472805
595.851563	33.403214
594.618164	-35.341549
593.384766	9.013568
592.151367	63.263321
590.917969	-17.350626
589.683594	74.542099
588.449219	15.756113
587.214844	24.368155
585.979492	-10.613824
584.745117	-5.966682
583.509766	52.145332
582.273438	11.231584
581.038086	25.760712
579.801758	-11.176289
578.565430	11.260969
577.329102	47.534496
576.091797	48.188488
574.854492	48.840443
573.617188	43.559429
572.378906	4.676389
571.141602	42.879101
569.903320	112.675056
568.664063	0.710475
567.425781	60.608566
566.186523	-19.708138
564.947266	-11.159367
563.708008	-32.219620
562.467773	-13.808445
561.227539	-13.160989
559.987305	-32.237957
558.747070	-5.952576
557.505859	45.949932
556.264648	22.928394
555.023438	27.505865
553.781250	87.247673
552.539063	26.804285
551.296875	1.836222
550.054688	45.793789
548.811523	48.392094
547.569336	-2.149210
546.325195	0.458545
545.082031	-8.737020
543.837891	-17.928596
542.593750	4.348010
541.349609	48.242691
540.105469	-14.023735
538.860352	-13.376652
537.615234	-24.517033
536.369141	11.492534
535.124023	8.210426
533.877930	32.419930
532.631836	36.990002
531.384766	41.559246
530.138672	77.525490
528.891602	66.393837
527.643555	35.654400
526.396484	81.409828
525.148438	29.119091
523.900391	114.063736
522.652344	124.505104
521.403320	109.473030
520.154297	92.491608
518.905273	255.699249
517.656250	181.916733
516.406250	61.185493
515.156250	-18.389198
513.906250	-17.698124
512.655273	51.468140
511.404297	7.163801
510.153320	5.903849
508.902344	22.244164
507.650391	-43.515743
506.398438	17.783672
505.146484	-8.861903
503.893555	27.016851
502.641602	-5.469492
501.388672	47.975163
500.134766	-13.776537
498.881836	-7.185583
497.627930	9.163157
496.374023	19.656950
495.119141	-20.562140
493.865234	21.144335
492.610352	78.434204
491.355469	-4.639402
490.099609	56.538486
488.843750	43.656612
487.587891	-6.225656
486.332031	-15.182856
485.075195	47.912067
483.818359	3.916395
482.561523	0.817102
481.304688	-12.004681
480.046875	29.656225
478.789063	32.404140
477.531250	83.771553
476.272461	10.693866
475.013672	-11.808983
473.754883	47.324165
472.496094	38.434738
471.236328	21.783934
469.976563	51.756165
468.716797	40.945759
467.456055	-14.503871
466.196289	-0.053579
464.935547	47.382294
463.673828	-11.897215
462.413086	25.833519
461.151367	28.647713
459.889648	-32.512337
458.626953	51.732471
457.364258	-46.216721
456.101563	61.254368
454.838867	-61.826527
453.575195	51.420414
452.312500	13.598007
451.047852	105.494492
449.784180	65.749710
448.519531	97.619743
447.254883	86.919922
445.990234	51.084782
444.725586	129.358170
443.459961	145.735199
442.194336	136.981140
440.927734	261.573273
439.662109	332.017792
438.395508	356.074890
437.127930	358.880493
435.861328	284.455994
434.593750	335.539185
433.326172	207.116470
432.058594	142.425446
430.790039	108.628853
429.521484	67.133041
428.252930	60.364681
426.984375	26.609203
425.714844	48.763687
424.445313	103.667503
423.174805	77.628365
421.905273	140.204498
420.634766	144.978088
419.364258	140.120483
418.092773	94.838226
416.822266	109.233101
415.550781	115.921257
414.278320	3.333221
413.006836	11.955980
411.734375	43.643536
410.461914	84.923820
409.188477	35.844543
407.916016	-17.062914
406.642578	37.630779
405.368164	5.857598
404.094727	22.098719
402.820313	69.041801
401.545898	6.541812
400.270508	76.475510
398.996094	29.328070
397.720703	51.245743
396.444336	67.386536
395.168945	-12.364601
393.892578	30.592426
392.616211	12.184023
391.339844	-92.461166
390.062500	30.897223
388.785156	-6.705925
387.507813	-7.928300
386.229492	55.922367
384.951172	22.104673
383.672852	13.157136
382.394531	0.363486
381.115234	-50.707115
379.835938	53.126125
378.556641	2.013540
377.277344	-31.900414
375.997070	64.130959
374.716797	-17.612122
373.435547	3.806878
372.155273	6.084884
370.874023	10.235770
369.591797	-33.380100
368.310547	12.695368
367.028320	-46.244678
365.746094	24.535124
364.463867	22.759216
363.180664	-9.573406
361.897461	30.514421
360.614258	34.320019
359.330078	22.827641
358.045898	-66.830299
356.761719	30.184416
355.477539	22.353155
354.192383	-6.477485
352.907227	-29.642143
351.622070	9.952234
350.336914	5.701394
349.050781	12.801793
347.764648	6.518766
346.477539	22.988396
345.191406	46.987061
343.904297	-35.544384
342.616211	-2.192445
341.329102	23.469702
340.041016	3.449568
338.752930	-12.845644
337.463867	-8.334444
336.175781	-7.706791
334.886719	51.663624
333.596680	36.911201
332.307617	90.367210
331.017578	56.452801
329.727539	33.829746
328.436523	88.839508
327.146484	-9.808091
325.855469	24.125469
324.563477	74.979828
323.272461	10.153573
321.980469	-71.810638
320.688477	3.286812
319.395508	6.290494
318.103516	14.844091
316.810547	-1.339729
315.516602	-11.981411
314.223633	13.179208
312.929688	15.490695
311.635742	-29.607998
310.340820	-1.130712
309.045898	57.412472
307.750977	28.866280
306.456055	-11.164135
305.160156	-2.251016
303.865234	6.490449
302.568359	11.267219
301.272461	-52.072208
299.975586	-13.690126
298.678711	43.348183
