1999.980469	-7.201524
1999.016602	-5.558980
1998.052734	-100.771156
1997.087891	96.570633
1996.123047	-67.800247
1995.158203	-177.516418
1994.193359	-39.422340
1993.228516	190.333832
1992.262695	-20.605091
1991.297852	110.221573
1990.332031	241.083649
1989.366211	-14.036806
1988.399414	-63.641006
1987.433594	55.049591
1986.466797	72.374016
1985.500977	-1.722427
1984.534180	126.995186
1983.567383	-191.643661
1982.599609	58.286278
1981.632813	-87.138222
1980.665039	-103.989166
1979.697266	-71.376640
1978.729492	74.874130
1977.761719	122.367638
1976.792969	76.097130
1975.825195	81.722847
1974.856445	-100.137802
1973.887695	127.658852
1972.918945	261.685272
1971.949219	-21.079523
1970.980469	-12.740277
1970.010742	54.806416
1969.041016	144.551819
1968.071289	71.654503
1967.101563	-11.034579
1966.130859	246.299942
1965.161133	185.846039
1964.190430	31.872770
1963.219727	13.401644
1962.249023	108.201736
1961.277344	-43.119289
1960.306641	162.443726
1959.334961	57.965988
1958.363281	214.290237
1957.391602	146.779449
1956.419922	-9.203379
1955.447266	-34.809078
1954.474609	-70.217354
1953.501953	-201.437210
1952.529297	-59.858479
1951.556641	106.249146
1950.583984	110.205818
1949.610352	114.176392
1948.636719	253.195053
1947.663086	119.696281
1946.689453	23.071642
1945.715820	252.855270
1944.741211	63.033432
1943.767578	30.276148
1942.792969	-0.007447
1941.818359	35.930771
1940.842773	245.923859
1939.868164	-14.772218
1938.892578	-10.695468
1937.916992	98.740166
1936.941406	-129.927094
1935.965820	-351.159973
1934.990234	-121.726913
1934.013672	364.701416
1933.037109	133.707214
1932.060547	-207.339172
1931.083984	56.148418
1930.107422	-27.876661
1929.129883	215.904190
1928.153320	-24.649338
1927.175781	50.310638
1926.198242	-107.012436
1925.219727	55.916862
1924.242188	133.241516
1923.263672	144.560394
1922.285156	-310.728638
1921.306641	113.422592
1920.328125	185.758652
1919.349609	-169.212296
1918.370117	17.858662
1917.391602	70.611816
1916.412109	3.766081
1915.431641	32.081612
1914.452148	-98.180115
1913.472656	-16.232656
1912.492188	-17.232983
1911.511719	-101.136513
1910.531250	-31.466202
1909.550781	145.387802
1908.569336	-36.007851
1907.588867	-139.401169
1906.607422	-84.457245
1905.625977	148.213409
1904.644531	13.138638
1903.662109	140.995392
1902.680664	-69.514877
1901.698242	233.468948
1900.715820	-108.394966
1899.733398	-39.071888
1898.750000	13.180495
1897.767578	-73.205673
1896.784180	-62.338177
1895.800781	-2.885876
1894.817383	68.672340
1893.833984	208.211090
1892.850586	-351.949646
1891.866211	15.875633
1890.881836	19.287769
1889.897461	15.389922
1888.913086	-78.347542
1887.927734	-101.692284
1886.943359	-30.420561
1885.958008	111.155296
1884.972656	192.010284
1883.987305	173.375565
1883.001953	300.203918
1882.015625	230.592804
1881.029297	359.731232
1880.042969	125.291756
1879.056641	128.353180
1878.070313	153.187698
1877.083984	83.524490
1876.096680	355.295837
1875.109375	-101.810043
1874.122070	-239.251434
1873.134766	-144.336212
1872.146484	-15.610739
1871.159180	-58.733120
1870.170898	210.156326
1869.182617	137.924713
1868.194336	172.076706
1867.205078	-50.066063
1866.216797	92.807396
1865.227539	-27.806812
1864.238281	-100.088272
1863.249023	199.631729
1862.259766	11.340272
1861.269531	117.682083
1860.279297	4.250196
1859.290039	26.001047
1858.298828	-19.864285
1857.308594	30.768116
1856.318359	-10.326208
1855.327148	-15.260517
1854.335938	-176.979660
1853.344727	136.313034
1852.353516	-47.141422
1851.362305	0.815937
1850.370117	87.274818
1849.377930	50.789585
1848.385742	-12.215157
1847.393555	-178.794281
1846.401367	76.040291
1845.408203	20.175951
1844.415039	43.727798
1843.421875	81.671234
1842.428711	208.589081
1841.435547	-47.081345
1840.441406	-6.852238
1839.448242	139.132263
1838.454102	-142.944092
1837.459961	31.779182
1836.464844	52.578804
1835.470703	265.566803
1834.475586	41.180542
1833.480469	-24.626560
1832.485352	10.416815
1831.490234	163.063431
1830.495117	-6.080405
1829.499023	-115.196259
1828.502930	-5.931092
1827.506836	129.643646
1826.510742	-5.947760
1825.513672	-21.608707
1824.517578	190.503204
1823.520508	90.814758
1822.523438	5.503423
1821.526367	20.840555
1820.529297	167.917816
1819.531250	135.218307
1818.533203	370.756622
1817.535156	7.461321
1816.537109	8.202404
1815.539063	42.414307
1814.540039	112.470573
1813.541992	-150.169281
1812.542969	154.280014
1811.543945	338.965179
1810.543945	23.680490
1809.544922	40.848698
1808.544922	-49.619282
1807.544922	118.054298
1806.544922	111.161324
1805.544922	197.412613
1804.544922	-86.698761
1803.543945	219.206161
1802.542969	73.611382
1801.541992	147.683823
1800.541016	23.551289
1799.539063	18.752754
1798.538086	111.747078
1797.536133	94.912033
1796.534180	89.965317
1795.532227	82.588486
1794.529297	-34.517605
1793.527344	31.943264
1792.524414	126.931465
1791.521484	-6.936653
1790.518555	66.486298
1789.514648	161.272079
1788.511719	277.413635
1787.507813	419.654083
1786.503906	235.623734
1785.500000	-22.176523
1784.496094	-34.794605
1783.491211	152.416199
1782.486328	25.478884
1781.481445	-37.235485
1780.476563	-114.243561
1779.471680	-86.652832
1778.465820	-147.080460
1777.460938	175.127655
1776.455078	-123.051910
1775.449219	293.963776
1774.442383	264.196014
1773.436523	-64.850113
1772.429688	-222.857559
1771.422852	39.351521
1770.416016	161.370850
1769.409180	259.563660
1768.402344	144.129211
1767.394531	187.626587
1766.386719	235.802216
1765.378906	37.290859
1764.371094	144.652084
1763.362305	-87.052216
1762.354492	-122.005424
1761.345703	281.366364
1760.336914	-0.129567
1759.328125	-13.911181
1758.318359	55.146667
1757.308594	15.212721
1756.299805	-29.485495
1755.290039	-69.485924
1754.279297	292.761139
1753.269531	153.247971
1752.258789	-19.381025
1751.249023	-5.152900
1750.238281	-149.409744
1749.226563	-213.283478
1748.215820	110.464737
1747.204102	143.359741
1746.193359	-81.345764
1745.181641	-67.423012
1744.168945	-13.406240
1743.157227	35.821774
1742.144531	-68.485054
1741.132813	174.199860
1740.120117	50.928135
1739.106445	5.518055
1738.093750	-44.637287
1737.080078	13.674579
1736.067383	-71.934334
1735.053711	40.493408
1734.040039	136.328812
1733.025391	-152.103775
1732.011719	153.360718
1730.997070	86.404037
1729.982422	-190.220795
1728.967773	-207.723618
1727.952148	-208.791046
1726.937500	98.502251
1725.921875	59.621738
1724.906250	6.587313
1723.890625	14.700866
1722.875000	-118.381210
1721.858398	-107.994202
1720.841797	-20.058458
1719.825195	56.040428
1718.808594	103.857307
1717.791992	-76.358635
1716.774414	77.103020
1715.756836	37.819229
1714.739258	-13.240113
1713.721680	27.260141
1712.704102	-162.397598
1711.685547	-114.938644
1710.667969	52.159451
1709.649414	-38.980923
1708.630859	-109.015892
1707.611328	-38.334972
1706.592773	114.361961
1705.573242	9.024144
1704.553711	-251.042450
1703.534180	-154.784882
1702.513672	257.747009
1701.494141	231.946533
1700.473633	-65.627075
1699.453125	35.022785
1698.432617	65.341675
1697.412109	-278.982666
1696.390625	121.126663
1695.369141	22.560974
1694.347656	-111.106224
1693.326172	33.620445
1692.304688	-95.405228
1691.282227	184.804626
1690.260742	261.462555
1689.238281	87.921936
1688.214844	92.022774
1687.192383	51.690758
1686.168945	343.071045
1685.146484	87.733971
1684.123047	185.082397
1683.099609	205.303024
1682.075195	64.394196
1681.051758	58.876759
1680.027344	92.987267
1679.002930	523.668457
1677.978516	128.394302
1676.953125	-40.550880
1675.928711	72.678314
1674.903320	3.979290
1673.877930	-15.783166
1672.852539	251.062195
1671.826172	198.560303
1670.800781	385.987579
1669.774414	398.621002
1668.748047	47.954445
1667.721680	302.704102
1666.694336	175.572006
1665.667969	250.932541
1664.640625	272.705963
1663.613281	192.078720
1662.585938	176.573654
1661.557617	105.224709
1660.530273	166.401688
1659.501953	301.901550
1658.473633	251.389389
1657.444336	337.952789
1656.416016	236.280121
1655.386719	469.085175
1654.358398	553.149170
1653.328125	279.571716
1652.298828	212.682816
1651.269531	426.625610
1650.239258	368.950470
1649.208984	464.393005
1648.178711	587.607056
1647.148438	733.936768
1646.117188	706.272217
1645.086914	690.191040
1644.055664	701.895813
1643.024414	722.840088
1641.992188	894.342712
1640.960938	804.000854
1639.928711	891.996521
1638.896484	947.515808
1637.864258	1114.115845
1636.832031	1146.377197
1635.798828	838.405518
1634.766602	1067.334595
1633.733398	1027.799316
1632.699219	1108.520752
1631.666016	1059.701172
1630.632813	1070.993042
1629.598633	973.611389
1628.564453	1273.754395
1627.530273	1079.287842
1626.495117	1129.748901
1625.460938	1316.455078
1624.425781	1216.713135
1623.390625	1156.242432
1622.355469	1333.543579
1621.319336	1224.569824
1620.284180	1558.666260
1619.248047	1327.387329
1618.211914	1442.173340
1617.174805	1741.383911
1616.138672	1768.401123
1615.101563	1677.822510
1614.065430	1603.407104
1613.027344	1706.427734
1611.990234	1576.712280
1610.953125	1589.850830
1609.915039	1347.335693
1608.876953	1489.429565
1607.838867	1550.886963
1606.800781	1559.374268
1605.761719	1627.675049
1604.723633	1509.587402
1603.684570	1478.945190
1602.644531	1659.887573
1601.605469	1553.336060
1600.566406	1476.706665
1599.526367	1692.007324
1598.486328	1318.918823
1597.446289	1327.375244
1596.405273	1632.152344
1595.365234	1477.472046
1594.324219	1276.920166
1593.283203	1388.677246
1592.242188	1631.226563
1591.200195	1359.610962
1590.159180	1519.472778
1589.117188	1493.450317
1588.075195	1453.679321
1587.032227	1285.501831
1585.990234	1635.550171
1584.947266	1141.915894
1583.904297	1494.146973
1582.861328	1252.790649
1581.818359	1488.039185
1580.775391	1448.350098
1579.731445	1271.278320
1578.687500	1172.125732
1577.643555	1551.443604
1576.598633	1433.976440
1575.554688	1556.834839
1574.509766	1430.282349
1573.464844	1360.974487
1572.419922	1255.114624
1571.374023	1540.275757
1570.329102	1036.693115
1569.283203	1205.251709
1568.237305	1015.005127
1567.191406	1153.830933
1566.144531	988.817505
1565.098633	974.618042
1564.051758	821.152893
1563.004883	1007.907104
1561.957031	1059.936035
1560.910156	892.908264
1559.862305	924.445496
1558.814453	857.907715
1557.766602	773.170654
1556.718750	882.299255
1555.669922	989.118469
1554.621094	915.859375
1553.573242	612.504883
1552.523438	940.374268
1551.474609	949.245178
1550.424805	942.186890
1549.375000	882.785828
1548.325195	855.306213
1547.275391	531.973267
1546.225586	1009.820862
1545.174805	1055.215210
1544.124023	825.375183
1543.073242	954.994934
1542.022461	766.252747
1540.970703	604.891907
1539.919922	659.562439
1538.868164	386.996399
1537.815430	391.753113
1536.763672	669.142578
1535.710938	864.686096
1534.659180	726.400574
1533.606445	812.953979
1532.552734	822.327454
1531.500000	525.375610
1530.446289	661.934570
1529.393555	744.040344
1528.338867	687.789917
1527.285156	833.421509
1526.231445	607.225525
1525.176758	582.887329
1524.122070	669.644653
1523.067383	785.863464
1522.012695	704.993408
1520.957031	483.768768
1519.901367	604.604919
1518.845703	458.285736
1517.790039	556.532410
1516.734375	428.474396
1515.677734	544.873474
1514.621094	288.008148
1513.564453	381.861359
1512.507813	129.748123
1511.450195	237.250687
1510.393555	145.848801
1509.335938	244.362717
1508.278320	365.482727
1507.219727	231.324478
1506.162109	142.447403
1505.103516	-18.609137
1504.044922	111.696541
1502.986328	291.661804
1501.926758	175.957260
1500.868164	455.225739
1499.808594	405.065735
1498.749023	470.008881
1497.688477	174.169296
1496.628906	218.953094
1495.568359	209.670074
1494.507813	33.671978
1493.447266	204.803024
1492.386719	247.512909
1491.325195	6.464908
1490.263672	-76.798119
1489.202148	-2.365535
1488.140625	33.829521
1487.079102	-31.202721
1486.016602	-210.910065
1484.954102	-26.040936
1483.891602	80.096497
1482.829102	-90.341064
1481.765625	-247.152756
1480.702148	-1.472041
1479.638672	-261.466461
1478.575195	-103.356300
1477.511719	39.003395
1476.447266	28.667303
1475.382813	-136.494476
1474.318359	-209.497162
1473.253906	258.417480
1472.189453	-110.476761
1471.124023	-3.869015
1470.058594	-136.998917
1468.993164	227.409332
1467.927734	-84.495476
1466.861328	187.783279
1465.794922	164.884613
1464.728516	90.351875
1463.662109	141.767441
1462.594727	362.505127
1461.528320	96.644569
1460.460938	299.575714
1459.393555	433.751587
1458.326172	124.985023
1457.257813	145.234146
1456.189453	21.020121
1455.121094	535.915527
1454.052734	350.862091
1452.984375	267.219482
1451.915039	218.243042
1450.845703	176.478912
1449.776367	99.140312
1448.707031	407.514618
1447.636719	416.515594
1446.567383	538.509949
1445.497070	297.979340
1444.425781	391.902710
1443.355469	299.908051
1442.285156	565.932678
1441.213867	738.433777
1440.142578	413.028961
1439.070313	170.525177
1437.999023	464.571106
1436.926758	499.940521
1435.854492	386.061310
1434.782227	311.388794
1433.709961	147.059875
1432.636719	381.698273
1431.563477	587.319458
1430.490234	195.540771
1429.416992	483.299927
1428.343750	386.091217
1427.269531	59.062138
1426.195313	304.798065
1425.121094	342.994507
1424.046875	217.133957
1422.971680	150.569305
1421.896484	118.616074
1420.821289	146.063461
1419.746094	237.077576
1418.669922	112.021324
1417.594727	43.610718
1416.518555	354.579315
1415.442383	274.818329
1414.365234	314.569824
1413.289063	452.463257
1412.211914	371.447601
1411.134766	326.640320
1410.057617	261.748444
1408.979492	297.006683
1407.902344	377.820923
1406.824219	315.086273
1405.746094	158.704849
1404.666992	233.626465
1403.588867	434.408722
1402.509766	474.449280
1401.430664	518.355042
1400.351563	365.006805
1399.271484	797.102783
1398.192383	709.383362
1397.112305	697.809509
1396.031250	600.416443
1394.951172	528.567200
1393.871094	677.735535
1392.790039	816.522278
1391.708984	664.994629
1390.626953	758.962524
1389.545898	975.094788
1388.463867	891.113342
1387.381836	864.959900
1386.299805	743.282715
1385.217773	1045.872803
1384.134766	981.614868
1383.051758	794.422913
1381.968750	1252.386719
1380.885742	1147.109619
1379.802734	830.984131
1378.718750	1013.836670
1377.634766	1142.453857
1376.550781	1034.236206
1375.465820	1018.246399
1374.381836	1106.369873
1373.296875	1286.580566
1372.211914	1036.623657
1371.126953	1197.874023
1370.041016	1243.186035
1368.955078	1093.703125
1367.869141	992.995300
1366.783203	1054.775391
1365.697266	1054.666138
1364.610352	961.795654
1363.523438	694.764160
1362.436523	748.649414
1361.349609	560.800842
1360.261719	366.727661
1359.174805	520.084534
1358.086914	542.734070
1356.998047	503.555115
1355.910156	566.582642
1354.821289	555.365295
1353.732422	667.508179
1352.643555	359.419281
1351.554688	483.942047
1350.464844	490.767975
1349.375000	604.568359
1348.285156	781.631958
1347.195313	750.474060
1346.105469	818.383362
1345.014648	754.850647
1343.923828	590.933411
1342.833008	809.383362
1341.741211	701.783081
1340.650391	808.681091
1339.558594	722.706116
1338.466797	553.753235
1337.374023	688.334961
1336.282227	488.671265
1335.189453	491.740784
1334.096680	589.207947
1333.003906	465.568481
1331.910156	461.161346
1330.817383	569.826904
1329.723633	340.626465
1328.629883	487.409637
1327.535156	406.431732
1326.441406	274.337128
1325.346680	544.627197
1324.251953	618.258667
1323.156250	490.746765
1322.061523	402.770569
1320.965820	466.816284
1319.870117	399.590332
1318.774414	337.846161
1317.678711	414.368439
1316.582031	415.387665
1315.485352	446.322876
1314.388672	435.818146
1313.291016	501.180298
1312.194336	460.803955
1311.096680	273.735046
1309.999023	452.573853
1308.901367	489.364838
1307.802734	586.377991
1306.705078	322.860870
1305.606445	462.434113
1304.506836	310.253601
1303.408203	243.736450
1302.308594	358.829834
1301.208984	549.356262
1300.109375	613.141296
1299.009766	412.123901
1297.909180	563.650696
1296.808594	459.827118
1295.708008	519.471008
1294.607422	521.521240
1293.506836	604.436218
1292.405273	657.545166
1291.303711	532.998291
1290.202148	345.359436
1289.099609	716.299805
1287.998047	510.529938
1286.895508	561.342102
1285.792969	211.376389
1284.689453	422.003418
1283.586914	349.501678
1282.483398	408.544678
1281.379883	598.555481
1280.276367	438.260071
1279.171875	418.162079
1278.067383	449.088684
1276.962891	201.166275
1275.858398	193.032852
1274.753906	79.498352
1273.648438	202.543167
1272.542969	30.517717
1271.437500	-29.420420
1270.331055	35.650673
1269.225586	19.305166
1268.119141	47.539936
1267.012695	-28.947155
1265.906250	-61.333515
1264.798828	27.353737
1263.691406	-45.782383
1262.583984	48.760395
1261.476563	-73.656296
1260.368164	-80.325050
1259.260742	60.677200
1258.152344	-186.641281
1257.043945	54.951214
1255.934570	-141.281174
1254.825195	0.183238
1253.716797	-104.478767
1252.606445	39.903786
1251.497070	-68.195930
1250.387695	-57.852558
1249.277344	-70.653336
1248.166992	-72.537735
1247.055664	-13.900545
1245.945313	-152.463013
1244.833984	-48.099953
1243.722656	-48.213840
1242.611328	-199.101273
1241.499023	-15.933285
1240.387695	-194.205795
1239.275391	-173.191818
1238.162109	-156.257187
1237.049805	2.251435
1235.936523	-47.675148
1234.823242	-92.874191
1233.709961	-183.589569
1232.596680	-47.055355
1231.482422	62.766571
1230.369141	88.227547
1229.253906	-159.329987
1228.139648	-33.891479
1227.025391	11.195497
1225.910156	104.165459
1224.794922	-87.868851
1223.679688	148.058685
1222.563477	92.856430
1221.447266	-18.692974
1220.331055	215.211533
1219.214844	145.858307
1218.098633	-27.953526
1216.981445	131.575104
1215.864258	88.466980
1214.747070	162.170654
1213.629883	250.770355
1212.511719	514.937317
1211.393555	356.502869
1210.275391	552.669434
1209.157227	410.282074
1208.038086	382.249237
1206.918945	437.553680
1205.799805	426.747437
1204.680664	344.856201
1203.560547	291.825592
1202.441406	306.170471
1201.321289	277.499695
1200.200195	351.321320
1199.080078	582.809387
1197.958984	261.789490
1196.837891	238.466965
1195.716797	232.754242
1194.594727	428.604828
1193.473633	636.661438
1192.351563	565.554443
1191.229492	576.856384
1190.106445	538.382996
1188.984375	667.449951
1187.861328	626.570374
1186.738281	542.366577
1185.614258	708.622192
1184.491211	498.204620
1183.367188	730.822266
1182.243164	702.131653
1181.119141	678.836365
1179.994141	584.752991
1178.869141	690.035339
1177.744141	680.667053
1176.619141	619.027405
1175.493164	530.719299
1174.368164	613.870056
1173.242188	733.496582
1172.115234	674.586548
1170.989258	733.260498
1169.862305	674.111511
1168.735352	556.909485
1167.608398	229.114792
1166.481445	385.121399
1165.353516	659.871887
1164.225586	431.686157
1163.097656	332.054779
1161.968750	256.152832
1160.840820	377.954651
1159.711914	399.520844
1158.583008	328.267029
1157.453125	288.550781
1156.324219	120.067383
1155.194336	242.356750
1154.064453	116.269173
1152.933594	111.697350
1151.803711	136.620865
1150.672852	146.925232
1149.541992	138.314346
1148.411133	53.790623
1147.279297	269.617737
1146.147461	145.107132
1145.015625	46.259235
1143.883789	181.689774
1142.750977	40.660400
1141.619141	89.773239
1140.486328	-22.460602
1139.352539	323.600891
1138.219727	182.435028
1137.085938	57.088882
1135.952148	243.987411
1134.818359	266.586212
1133.683594	147.759094
1132.549805	191.924042
1131.415039	378.002930
1130.279297	522.834106
1129.144531	399.380646
1128.008789	423.122894
1126.873047	363.289764
1125.737305	335.819305
1124.601563	424.180847
1123.464844	533.286987
1122.328125	288.834656
1121.191406	443.148560
1120.054688	464.305511
1118.916992	249.387970
1117.779297	411.337036
1116.641602	226.065445
1115.503906	333.483978
1114.365234	230.508942
1113.226563	541.022095
1112.087891	323.924377
1110.949219	187.145203
1109.809570	464.165253
1108.669922	251.567535
1107.530273	388.437683
1106.390625	249.053680
1105.250000	599.741821
1104.109375	399.963257
1102.968750	520.477417
1101.828125	651.198059
1100.686523	315.213104
1099.544922	575.936951
1098.403320	519.948425
1097.261719	323.412292
1096.120117	513.102722
1094.977539	590.626038
1093.834961	414.193634
1092.691406	508.696014
1091.548828	254.774445
1090.405273	378.549774
1089.261719	360.221954
1088.118164	259.497864
1086.973633	377.237396
1085.829102	227.644577
1084.684570	277.806152
1083.540039	250.622284
1082.395508	279.378967
1081.250000	499.568787
1080.104492	237.399918
1078.958984	300.994232
1077.812500	355.743652
1076.666016	498.615265
1075.519531	355.940948
1074.373047	252.163971
1073.226563	319.112274
1072.079102	544.499939
1070.931641	321.700409
1069.784180	340.382660
1068.635742	463.735138
1067.487305	578.322937
1066.338867	467.674347
1065.190430	454.088074
1064.041992	374.032837
1062.892578	382.269165
1061.743164	377.664246
1060.593750	188.813705
1059.443359	197.796387
1058.292969	240.799866
1057.142578	343.490143
1055.992188	220.211899
1054.841797	272.316681
1053.690430	293.926147
1052.539063	18.343309
1051.387695	423.292816
1050.235352	-44.666317
1049.083984	195.461105
1047.931641	75.175926
1046.778320	-42.009247
1045.625977	35.987942
1044.472656	-150.432465
1043.319336	-149.321533
1042.166016	-86.328613
1041.012695	242.277786
1039.858398	206.403076
1038.704102	108.505165
1037.549805	215.981598
1036.394531	1.395865
1035.239258	27.051744
1034.083984	64.670029
1032.928711	-8.448397
1031.773438	119.237579
1030.617188	35.181900
1029.460938	373.166107
1028.304688	384.927643
1027.147461	178.956482
1025.991211	122.875557
1024.833984	-63.086330
1023.675781	201.641159
1022.518555	73.074783
1021.360352	-48.521713
1020.202148	83.217575
1019.043945	16.076992
1017.884766	161.851883
1016.726563	15.081931
1015.567383	50.009960
1014.407227	-84.640327
1013.248047	-7.124902
1012.087891	52.591816
1010.927734	-104.033073
1009.767578	-1.187831
1008.606445	184.009521
1007.446289	30.284878
1006.285156	103.868767
1005.123047	188.620682
1003.961914	12.547988
1002.799805	146.597824
1001.637695	95.621162
1000.475586	218.049927
999.312500	2.259949
998.149414	343.129730
996.986328	174.399734
995.823242	-147.789124
994.659180	291.184021
993.496094	270.433655
992.332031	69.980530
991.166992	-127.602936
990.002930	3.442559
988.837891	102.149239
987.672852	125.982857
986.506836	185.248611
985.341797	-120.677689
984.175781	23.794504
983.009766	-18.616943
981.843750	-61.370705
980.676758	-188.903931
979.509766	-9.394126
978.342773	41.799633
977.175781	-221.545959
976.007813	103.283211
974.839844	-169.585556
973.671875	-198.186096
972.503906	-13.130388
971.334961	19.237944
970.166016	75.863724
968.997070	-28.624762
967.828125	59.451534
966.658203	54.854343
965.488281	211.274734
964.318359	196.089020
963.148438	94.083694
961.977539	369.964722
960.806641	564.749451
959.635742	247.747833
958.463867	82.606148
957.292969	241.594391
956.121094	50.990120
954.948242	-2.615539
953.776367	68.303406
952.603516	80.373016
951.430664	-110.162560
950.257813	49.285923
949.084961	158.048920
947.911133	-12.017529
946.737305	243.498810
945.563477	-59.754211
944.388672	-170.335678
943.213867	21.489000
942.039063	-189.637222
940.864258	-45.268642
939.688477	-156.557205
938.513672	-48.709641
937.337891	29.184622
936.161133	-6.868245
934.985352	-29.157839
933.808594	-10.435836
932.631836	88.046234
931.454102	177.394089
930.277344	104.951111
929.099609	52.908825
927.921875	98.878075
926.743164	199.481110
925.565430	206.678665
924.386719	-43.486359
923.208008	366.737610
922.028320	230.440491
920.849609	235.298996
919.669922	238.452560
919.474609	120.060455
918.309570	218.152939
917.143555	52.323963
915.977539	241.322235
914.810547	61.876236
913.644531	480.360138
912.477539	98.615288
911.310547	239.656082
910.143555	-32.869656
908.975586	-41.810696
907.807617	-105.269768
906.639648	224.081589
905.471680	-73.258240
904.303711	-148.072113
903.134766	-5.032145
901.965820	-88.934341
900.796875	-256.743225
899.626953	-59.386791
898.457031	-156.875885
897.287109	-43.524628
896.117188	101.495407
894.947266	-338.163116
893.776367	26.579540
892.605469	35.557312
891.434570	-61.915047
890.262695	82.896461
889.091797	-102.852226
887.919922	-41.854568
886.748047	-23.884008
885.575195	132.063889
884.403320	-153.106796
883.230469	-89.933403
882.057617	-178.271362
880.883789	79.253838
879.710938	295.981842
878.537109	-253.337616
877.362305	-93.121315
876.188477	121.222412
875.013672	197.728363
873.839844	71.008728
872.664063	104.591583
871.489258	203.592896
870.313477	13.751453
869.138672	248.058426
867.962891	166.522095
866.786133	80.504021
865.610352	219.947495
864.433594	104.636162
863.256836	-48.942581
862.079102	196.311157
860.902344	153.134659
859.724609	-124.243156
858.546875	60.061550
857.368164	73.199432
856.190430	-59.969147
855.011719	-13.070838
853.833008	-80.935638
852.654297	-49.810455
851.474609	-0.711711
850.294922	185.511078
849.115234	239.025024
847.935547	45.294132
846.754883	303.280457
845.575195	-43.156544
844.393555	-7.626088
843.212891	16.655062
842.032227	198.080582
840.850586	238.013870
839.668945	78.191307
838.486328	53.057312
837.304688	137.846329
836.122070	88.029137
834.939453	35.985664
833.756836	-155.038910
832.573242	61.953495
831.389648	-61.776333
830.206055	27.389812
829.022461	118.753716
827.838867	71.221649
826.654297	52.815086
825.469727	74.707886
824.284180	105.541611
823.099609	42.371029
821.914063	-7.352784
820.728516	-79.427650
819.542969	105.702065
818.356445	248.271637
817.169922	39.815247
815.983398	211.384628
814.796875	36.530495
813.609375	78.447067
812.422852	254.355133
811.235352	14.826736
810.046875	-23.665556
808.859375	199.017014
807.670898	127.015793
806.482422	186.684280
805.293945	36.625900
804.104492	310.394135
802.915039	35.488998
801.725586	63.894722
800.536133	56.618996
799.345703	189.738708
798.155273	62.115185
796.964844	-194.661896
795.774414	196.755966
794.583008	216.152618
793.392578	88.603409
792.200195	116.905556
791.008789	40.599369
789.816406	-64.603729
788.625000	-7.394022
787.432617	112.055092
786.239258	-66.491951
785.046875	-169.393387
783.853516	-41.117580
782.660156	33.768051
781.465820	70.847061
780.272461	105.680183
779.078125	-57.149265
777.883789	10.981741
776.688477	-96.283737
775.494141	29.508636
774.298828	-79.955368
773.103516	65.728523
771.907227	-45.935349
770.711914	219.399979
769.515625	58.955345
768.318359	106.919884
767.122070	-95.564476
765.924805	129.637085
764.727539	11.384938
763.530273	68.127998
762.333008	-107.657478
761.134766	-68.647942
759.936523	-69.507423
758.738281	-63.742107
757.540039	125.633041
756.340820	239.712021
755.141602	121.524170
753.942383	89.600418
752.742188	68.727089
751.541992	134.039032
750.341797	175.002701
749.141602	171.747620
747.941406	219.277374
746.740234	-73.295654
745.539063	62.541378
744.337891	-207.840790
743.135742	62.550079
741.933594	-24.625692
740.731445	-129.431946
739.529297	-59.982319
738.326172	18.239759
737.124023	217.656052
735.919922	68.726181
734.716797	206.306183
733.513672	149.929230
732.309570	-62.837421
731.105469	127.472351
729.900391	84.291992
728.696289	129.157761
727.491211	-19.693962
726.286133	60.334843
725.080078	118.307419
723.874023	-21.723082
722.668945	-124.338219
721.461914	-248.919876
720.255859	-120.695320
719.048828	68.984627
717.841797	-0.709600
716.634766	-92.369202
715.427734	-74.204514
714.219727	-146.103653
713.011719	-2.857037
711.803711	-197.712112
710.594727	-122.599045
709.385742	-14.639235
708.176758	-123.910202
706.967773	-132.287308
705.758789	96.107979
704.548828	37.208675
703.338867	-8.547899
702.127930	-14.875278
700.917969	-67.238106
699.707031	73.132202
698.496094	-73.454842
697.285156	-22.972227
696.073242	-97.311340
694.861328	-230.741684
693.649414	-121.284073
692.436523	-46.908104
691.224609	7.716974
690.011719	1.059541
688.798828	53.395184
687.584961	-5.798500
686.372070	321.781158
685.158203	68.038849
683.943359	-159.421295
682.729492	-242.690948
681.514648	123.814125
680.299805	337.321899
679.084961	387.016663
677.869141	305.731354
676.653320	257.163727
675.437500	134.420044
674.221680	181.778366
673.004883	344.625214
671.789063	195.665421
670.571289	94.671150
669.354492	231.166718
668.136719	132.304108
666.919922	151.047272
665.701172	132.725616
664.483398	125.254509
663.264648	132.981049
662.045898	349.561523
660.827148	270.130615
659.608398	125.437187
658.388672	472.234680
657.168945	547.069153
655.949219	345.763885
654.728516	324.883667
653.507813	466.930817
652.287109	228.711914
651.066406	342.398834
649.844727	349.594391
648.623047	352.400726
647.401367	146.793427
646.179688	221.167984
644.957031	200.005112
643.734375	352.339722
642.511719	42.635727
641.289063	162.329697
640.065430	307.942322
638.841797	195.540894
637.618164	85.310081
636.393555	313.041016
635.168945	345.697632
633.944336	408.615021
632.719727	473.627319
631.494141	380.556824
630.269531	183.607071
629.042969	367.498474
627.817383	332.789337
626.590820	27.710907
625.365234	27.601814
624.137695	126.892082
622.911133	18.610207
621.683594	128.582932
620.456055	171.495438
619.228516	203.548248
618.000977	147.008286
616.772461	299.880249
615.543945	83.527260
614.314453	227.634644
613.085938	134.299622
611.856445	222.170822
610.626953	111.544144
609.397461	151.868271
608.166992	95.123390
606.936523	107.338943
605.706055	-95.979721
604.474609	-17.014551
603.244141	74.808777
602.012695	-208.163162
600.780273	51.530991
599.548828	-37.645542
598.316406	112.072617
597.083984	-58.911713
595.851563	202.548538
594.618164	-35.123207
593.384766	-25.435146
592.151367	-5.031188
590.917969	-208.207565
589.683594	9.871228
588.449219	-130.973770
587.214844	-188.012390
585.979492	-8.819290
584.745117	26.414137
583.509766	-99.397667
582.273438	-132.893677
581.038086	-292.999512
579.801758	-105.521515
578.565430	-94.024124
577.329102	-224.084717
576.091797	-212.612946
574.854492	79.631485
573.617188	-155.456100
572.378906	-41.223862
571.141602	169.338455
569.903320	5.000537
568.664063	-67.214378
567.425781	-92.315475
566.186523	36.677822
564.947266	-215.288940
563.708008	33.454025
562.467773	305.602478
561.227539	-151.591339
559.987305	-76.237907
558.747070	39.687088
557.505859	-0.456556
556.264648	149.568787
555.023438	122.221016
553.781250	252.918518
552.539063	31.236822
551.296875	10.316444
550.054688	134.537155
548.811523	81.585876
547.569336	-7.610825
546.325195	189.044205
545.082031	99.858818
543.837891	81.068306
542.593750	151.813614
541.349609	-35.338066
540.105469	154.726395
538.860352	46.477093
537.615234	55.416222
536.369141	100.553894
535.124023	235.092880
533.877930	-171.040146
532.631836	-27.976862
531.384766	-4.109537
530.138672	134.619949
528.891602	20.231977
527.643555	46.225277
526.396484	-21.307991
525.148438	-56.925568
523.900391	-47.896065
522.652344	24.871874
521.403320	55.142117
520.154297	-12.263253
518.905273	-7.445357
517.656250	-53.556141
516.406250	10.712121
515.156250	62.238941
513.906250	-43.204887
512.655273	-27.712112
511.404297	-124.581123
510.153320	-92.087166
508.902344	-301.191071
507.650391	72.490852
506.398438	-193.724823
505.146484	-19.279549
503.893555	250.390900
502.641602	121.963341
501.388672	-57.192554
500.134766	208.124130
498.881836	33.288189
497.627930	122.940659
496.374023	115.290077
495.119141	-2.289144
493.865234	81.011955
492.610352	20.577377
491.355469	2.438547
490.099609	92.052597
488.843750	166.853088
487.587891	142.386810
486.332031	166.493393
485.075195	395.326874
483.818359	307.537262
482.561523	369.581024
481.304688	277.620667
480.046875	257.398712
478.789063	464.887878
477.531250	499.434906
476.272461	611.934265
475.013672	372.506805
473.754883	430.197083
472.496094	475.212646
471.236328	539.142761
469.976563	464.084290
468.716797	805.776550
467.456055	699.081787
466.196289	480.905151
464.935547	435.266632
463.673828	625.140320
462.413086	556.292236
461.151367	733.365845
459.889648	691.756714
458.626953	887.537659
457.364258	656.748413
456.101563	631.819031
454.838867	678.229248
453.575195	783.329224
452.312500	856.830444
451.047852	900.839478
449.784180	1024.468506
448.519531	889.961487
447.254883	858.171509
445.990234	891.286743
444.725586	729.339783
443.459961	871.215637
442.194336	981.479431
440.927734	909.319214
439.662109	824.489624
438.395508	1032.687500
437.127930	955.937683
435.861328	910.456726
434.593750	848.081482
433.326172	1080.532349
432.058594	898.559875
430.790039	777.106628
429.521484	864.567200
428.252930	830.539001
426.984375	1097.223633
425.714844	847.488281
424.445313	1023.738708
423.174805	1274.828369
421.905273	1149.707153
420.634766	1047.312012
419.364258	1289.026611
418.092773	1037.879761
416.822266	1061.893799
415.550781	989.610962
414.278320	1238.126831
413.006836	873.244385
411.734375	1141.768555
410.461914	1024.259521
409.188477	943.878967
407.916016	1271.376709
406.642578	1056.816284
405.368164	785.657104
404.094727	1109.488647
402.820313	1051.812256
401.545898	912.491699
400.270508	1086.801758
398.996094	1071.222778
397.720703	963.567200
396.444336	942.658813
395.168945	1027.149780
393.892578	986.265076
392.616211	745.283813
391.339844	788.279846
390.062500	863.754211
388.785156	971.674072
387.507813	983.296997
386.229492	747.145874
384.951172	999.945435
383.672852	1031.902588
382.394531	762.249939
381.115234	767.570496
379.835938	805.125977
378.556641	702.840210
377.277344	696.999817
375.997070	951.150757
374.716797	827.169800
373.435547	905.068542
372.155273	797.573669
370.874023	670.316101
369.591797	790.228394
368.310547	675.089844
367.028320	726.261902
365.746094	720.268127
364.463867	681.920471
363.180664	745.536621
361.897461	625.827942
360.614258	481.976807
359.330078	485.388550
358.045898	431.482086
356.761719	448.275726
355.477539	523.292664
354.192383	573.845642
352.907227	533.907104
351.622070	638.684692
350.336914	803.466248
349.050781	481.619415
347.764648	578.584351
346.477539	479.702026
345.191406	329.407288
343.904297	304.777222
342.616211	366.529724
341.329102	283.986389
340.041016	376.234619
338.752930	478.461365
337.463867	255.054138
336.175781	138.406982
334.886719	54.203503
333.596680	240.946945
332.307617	213.210693
331.017578	96.348351
329.727539	274.791809
328.436523	123.470795
327.146484	-63.521488
325.855469	13.527077
324.563477	91.484047
323.272461	-258.698639
321.980469	143.383896
320.688477	47.350212
319.395508	13.528898
318.103516	109.672501
316.810547	-70.672348
315.516602	-248.542633
314.223633	-181.916916
312.929688	-154.101822
311.635742	62.402927
310.340820	-77.710724
309.045898	-191.155167
307.750977	-128.551620
306.456055	36.178154
305.160156	-94.371933
303.865234	-30.743614
302.568359	216.220932
301.272461	341.874512
299.975586	257.981323
298.678711	555.630737
