1999.946289	-41.516178
1998.981445	-85.498215
1998.017578	107.282822
1997.052734	7.583970
1996.088867	-30.122854
1995.124023	-35.603508
1994.159180	35.708286
1993.193359	20.333208
1992.228516	56.969166
1991.262695	103.502266
1990.296875	-119.734657
1989.331055	28.288668
1988.365234	-24.124029
1987.398438	37.274082
1986.432617	123.393173
1985.465820	108.113159
1984.499023	31.046595
1983.532227	-36.093620
1982.565430	-53.772316
1981.597656	-108.496483
1980.629883	239.470901
1979.662109	24.195271
1978.694336	-28.008894
1977.726563	-104.872055
1976.758789	77.494957
1975.790039	54.958771
1974.821289	69.456039
1973.852539	22.281687
1972.883789	14.603214
1971.915039	-91.708275
1970.945313	9.150424
1969.975586	-13.279610
1969.005859	97.409836
1968.036133	-6.328592
1967.066406	69.847397
1966.096680	20.371403
1965.125977	74.369453
1964.155273	184.996811
1963.184570	106.016159
1962.213867	172.311783
1961.242188	-44.439453
1960.271484	24.343311
1959.299805	-39.741573
1958.328125	-113.629761
1957.356445	48.615276
1956.384766	-10.484997
1955.412109	45.991463
1954.439453	16.431210
1953.467773	-84.372513
1952.495117	38.462021
1951.521484	-42.635006
1950.548828	-140.881332
1949.575195	13.852882
1948.601563	-59.792973
1947.627930	4.065845
1946.654297	-47.438858
1945.680664	239.716324
1944.706055	-35.048416
1943.732422	-25.159010
1942.757813	-20.168087
1941.783203	-15.167312
1940.807617	60.936897
1939.833008	-88.475357
1938.857422	21.945728
1937.881836	-149.433563
1936.906250	-134.558090
1935.930664	-24.155966
1934.955078	7.854309
1933.978516	164.728973
1933.001953	15.569103
1932.025391	30.454220
1931.048828	-10.935571
1930.072266	8.864013
1929.094727	58.018925
1928.118164	36.244888
1927.140625	60.946159
1926.163086	-34.141521
1925.184570	12.582404
1924.207031	142.389709
1923.228516	120.670570
1922.250000	33.012234
1921.271484	-30.179152
1920.292969	43.414185
1919.314453	-7.527687
1918.334961	-21.825537
1917.355469	73.719139
1916.375977	193.639435
1915.396484	-74.387527
1914.416992	-8.128456
1913.436523	97.134476
1912.457031	2.425693
1911.476563	-38.606606
1910.496094	5.695468
1909.515625	-47.488529
1908.534180	18.743843
1907.552734	-0.301615
1906.572266	-124.061333
1905.590820	78.542191
1904.608398	103.344780
1903.626953	35.646523
1902.644531	-143.973557
1901.663086	-12.052330
1900.680664	-9.115232
1899.698242	25.449102
1898.714844	-61.590618
1897.732422	-19.720049
1896.749023	46.451912
1895.765625	-52.674835
1894.782227	25.642704
1893.798828	-136.601990
1892.814453	-19.418018
1891.831055	-28.567991
1890.846680	-10.997648
1889.862305	-24.990252
1888.877930	70.262115
1887.892578	34.427147
1886.908203	200.011673
1885.922852	-76.002754
1884.937500	9.504873
1883.952148	-9.295732
1882.965820	51.929150
1881.980469	113.136490
1880.994141	-36.545635
1880.007813	73.129219
1879.021484	93.119835
1878.035156	-3.169701
1877.047852	-4.963770
1876.061523	94.949905
1875.074219	-15.803484
1874.086914	-3.062491
1873.098633	-108.911346
1872.111328	92.583862
1871.123047	61.757336
1870.135742	76.901375
1869.147461	77.531342
1868.158203	-81.419403
1867.169922	20.774057
1866.180664	74.589958
1865.192383	-33.520714
1864.203125	-110.181770
1863.213867	-66.033081
1862.223633	11.910468
1861.234375	-35.740017
1860.244141	143.566956
1859.253906	76.597282
1858.263672	94.118767
1857.273438	80.264977
1856.282227	107.425774
1855.291992	6.739133
1854.300781	-38.446594
1853.309570	-81.206345
1852.317383	141.215942
1851.326172	105.663353
1850.333984	-2.171561
1849.342773	65.908760
1848.350586	66.511917
1847.357422	-65.349663
1846.365234	91.784790
1845.372070	73.110245
1844.379883	138.684143
1843.386719	132.031067
1842.393555	89.283585
1841.399414	20.084459
1840.406250	-32.257359
1839.412109	189.555099
1838.417969	98.719398
1837.423828	-30.549881
1836.429688	-27.590883
1835.434570	126.744476
1834.440430	122.451241
1833.445313	29.276022
1832.450195	-30.249111
1831.454102	47.102993
1830.458984	-53.231152
1829.462891	-83.930283
1828.466797	-13.836339
1827.470703	17.832657
1826.474609	121.446564
1825.478516	-50.805428
1824.481445	67.149979
1823.484375	2.840036
1822.487305	34.426105
1821.490234	94.749245
1820.493164	87.945915
1819.495117	59.572273
1818.498047	153.356552
1817.500000	144.116364
1816.500977	-32.737427
1815.502930	15.490272
1814.504883	-63.164917
1813.505859	-148.983337
1812.506836	-19.453707
1811.507813	-78.961060
1810.508789	-59.535908
1809.508789	187.029648
1808.508789	17.501299
1807.508789	94.221107
1806.508789	151.778656
1805.508789	-118.044052
1804.508789	49.392372
1803.507813	44.779652
1802.506836	18.660919
1801.505859	-169.818558
1800.504883	23.695972
1799.502930	-16.773272
1798.501953	-71.559532
1797.500000	76.446304
1796.498047	86.031120
1795.496094	112.289429
1794.493164	140.903519
1793.491211	-16.458696
1792.488281	-14.085232
1791.485352	-45.093899
1790.482422	143.089798
1789.478516	2.445922
1788.475586	61.900379
1787.471680	-47.756393
1786.467773	33.072247
1785.463867	23.397804
1784.459961	127.942238
1783.455078	13.516596
1782.450195	113.223938
1781.445313	46.374603
1780.440430	-22.848003
1779.435547	33.949471
1778.429688	-106.603172
1777.424805	211.587387
1776.418945	-35.921726
1775.413086	54.009834
1774.406250	160.511780
1773.400391	202.829468
1772.393555	-1.839013
1771.386719	-71.132050
1770.379883	44.717270
1769.373047	-91.051971
1768.365234	-44.098232
1767.358398	-35.139297
1766.350586	-52.298584
1765.342773	77.547371
1764.334961	34.246071
1763.326172	-84.917694
1762.318359	-4.980804
1761.309570	-171.530746
1760.300781	62.330467
1759.291016	68.689323
1758.282227	75.022804
1757.272461	-67.839279
1756.262695	52.094448
1755.252930	-36.322639
1754.243164	81.142731
1753.233398	-49.883602
1752.222656	50.927860
1751.211914	0.313739
1750.201172	-21.932146
1749.190430	-4.005708
1748.179688	106.070473
1747.167969	-41.513851
1746.156250	7.041046
1745.144531	1.217002
1744.132813	40.243896
1743.121094	22.555220
1742.108398	-16.404507
1741.095703	74.451706
1740.083008	-120.321548
1739.070313	55.410904
1738.057617	-33.176704
1737.043945	71.653488
1736.030273	-144.306793
1735.016602	2.889649
1734.002930	3.846252
1732.989258	139.117645
1731.974609	-171.062820
1730.959961	-80.631783
1729.945313	5.025432
1728.930664	-3.582915
1727.916016	-92.274254
1726.900391	-58.543858
1725.885742	-46.036106
1724.870117	-50.037411
1723.853516	-16.422392
1722.837891	38.325375
1721.822266	-208.026718
1720.805664	-118.050720
1719.789063	117.627563
1718.772461	-25.260427
1717.754883	5.785928
1716.738281	55.592476
1715.720703	-56.750675
1714.703125	77.544891
1713.685547	157.747742
1712.667969	80.581520
1711.649414	50.362129
1710.630859	-26.814751
1709.612305	-73.485725
1708.593750	-35.707893
1707.575195	13.755087
1706.555664	4.536405
1705.536133	65.635208
1704.516602	-70.239975
1703.497070	16.574465
1702.477539	157.225067
1701.457031	-93.484215
1700.437500	7.253357
1699.416992	58.737064
1698.395508	2.454676
1697.375000	149.849808
1696.354492	65.429024
1695.333008	105.042549
1694.311523	76.758232
1693.290039	135.012161
1692.267578	123.044167
1691.246094	-26.912769
1690.223633	49.943150
1689.201172	-43.901161
1688.178711	-67.623825
1687.155273	27.800499
1686.132813	18.034283
1685.109375	73.641769
1684.085938	14.769217
1683.062500	114.662331
1682.039063	55.749454
1681.014648	-17.176132
1679.990234	119.915726
1678.965820	128.608643
1677.941406	29.970142
1676.916992	-33.674946
1675.891602	89.211189
1674.866211	130.428864
1673.840820	55.062687
1672.815430	156.807144
1671.790039	83.741486
1670.763672	169.078232
1669.737305	-67.049660
1668.710938	-53.955505
1667.684570	-145.657684
1666.658203	67.574905
1665.630859	155.025513
1664.603516	44.640682
1663.576172	132.010941
1662.548828	58.836666
1661.520508	104.258415
1660.493164	305.415527
1659.464844	174.058151
1658.436523	93.856659
1657.408203	236.730682
1656.378906	249.422745
1655.350586	262.089996
1654.321289	295.624969
1653.291992	417.352905
1652.261719	316.153046
1651.232422	463.313538
1650.202148	424.751160
1649.171875	300.339172
1648.141602	347.602203
1647.111328	457.441345
1646.080078	293.605804
1645.049805	484.507538
1644.018555	341.546539
1642.987305	488.287567
1641.955078	498.248840
1640.923828	496.608032
1639.891602	650.113708
1638.859375	539.566956
1637.827148	581.839172
1636.794922	526.859863
1635.761719	485.762787
1634.729492	564.981262
1633.696289	521.540039
1632.662109	404.080872
1631.628906	462.395630
1630.594727	527.600220
1629.561523	590.454834
1628.527344	620.906799
1627.493164	600.496277
1626.458008	508.456177
1625.423828	460.323547
1624.388672	631.568726
1623.353516	514.128296
1622.318359	736.047058
1621.282227	731.682251
1620.247070	669.622009
1619.210938	538.354492
1618.174805	584.729065
1617.137695	725.616638
1616.101563	730.405273
1615.064453	638.352966
1614.027344	557.846375
1612.990234	696.268494
1611.953125	597.323425
1610.916016	431.604614
1609.877930	576.835022
1608.839844	844.031189
1607.801758	749.683044
1606.763672	853.300354
1605.724609	740.549744
1604.685547	669.245178
1603.646484	666.966064
1602.607422	754.370911
1601.568359	685.373169
1600.528320	887.662048
1599.489258	866.913879
1598.449219	788.708801
1597.408203	717.412903
1596.368164	740.324158
1595.327148	687.422180
1594.287109	811.349121
1593.246094	847.975708
1592.204102	891.460876
1591.163086	815.591553
1590.121094	767.274963
1589.079102	1154.832886
1588.037109	1021.594727
1586.995117	1007.644958
1585.953125	1092.280762
1584.910156	982.034424
1583.867188	1094.129395
1582.824219	974.752319
1581.781250	953.927124
1580.737305	942.262390
1579.693359	1019.908081
1578.649414	1152.469971
1577.605469	1246.063721
1576.561523	1039.807861
1575.516602	993.800293
1574.472656	1007.294617
1573.427734	984.181396
1572.381836	924.483643
1571.336914	1045.437256
1570.291016	869.168457
1569.246094	839.245178
1568.200195	861.886230
1567.153320	717.739502
1566.107422	662.738342
1565.060547	811.004822
1564.013672	614.445740
1562.966797	589.176270
1561.919922	461.214813
1560.872070	490.754028
1559.825195	568.201294
1558.777344	645.618286
1557.729492	520.039612
1556.680664	499.396332
1555.632813	396.704102
1554.583984	576.676514
1553.535156	460.344299
1552.486328	453.424652
1551.436523	564.958923
1550.387695	211.869034
1549.337891	359.854919
1548.288086	318.839874
1547.238281	475.868256
1546.187500	514.507324
1545.136719	266.467438
1544.086914	291.508240
1543.035156	346.106262
1541.984375	243.803314
1540.933594	507.568085
1539.881836	309.828217
1538.830078	234.893661
1537.778320	237.250137
1536.725586	378.181335
1535.673828	375.993103
1534.621094	332.941895
1533.568359	351.218414
1532.515625	265.091095
1531.461914	335.593750
1530.409180	260.878174
1529.355469	351.800659
1528.301758	426.826721
1527.247070	399.795319
1526.193359	411.336273
1525.138672	280.085693
1524.083984	407.253204
1523.029297	341.798126
1521.974609	299.040161
1520.918945	623.223267
1519.863281	562.344482
1518.807617	533.205444
1517.751953	454.299683
1516.696289	757.905945
1515.639648	751.427307
1514.583008	901.062988
1513.526367	942.098450
1512.469727	983.137634
1511.412109	1193.742920
1510.355469	1130.782715
1509.297852	1054.306396
1508.240234	941.731750
1507.181641	1265.217896
1506.124023	897.470886
1505.065430	873.130249
1504.006836	607.248291
1502.948242	625.911316
1501.888672	382.799194
1500.830078	191.708557
1499.770508	235.331757
1498.710938	170.701065
1497.650391	167.005188
1496.590820	260.288116
1495.530273	186.752197
1494.469727	165.107803
1493.409180	166.032974
1492.348633	25.060760
1491.287109	80.122719
1490.225586	101.413963
1489.164063	-16.863043
1488.102539	-110.302223
1487.041016	133.907761
1485.978516	-4.468857
1484.916016	-142.753250
1483.853516	-137.014450
1482.791016	-66.023132
1481.727539	-4.030125
1480.664063	-47.665302
1479.600586	-30.570454
1478.537109	-2.268730
1477.473633	-83.951736
1476.409180	63.469719
1475.344727	-49.521633
1474.280273	30.517857
1473.215820	88.269127
1472.151367	150.352585
1471.085938	145.160278
1470.020508	63.912579
1468.955078	193.290909
1467.888672	168.176208
1466.823242	116.096481
1465.756836	135.859268
1464.690430	202.489441
1463.624023	191.136658
1462.556641	235.405167
1461.490234	262.097992
1460.422852	250.878510
1459.355469	273.001831
1458.287109	96.275467
1457.219727	216.297562
1456.151367	256.362122
1455.083008	423.933594
1454.014648	272.621582
1452.945313	307.549683
1451.876953	294.962585
1450.807617	29.306578
1449.738281	294.976990
1448.668945	167.459442
1447.598633	160.194077
1446.528320	89.427727
1445.458008	136.936966
1444.387695	-51.663242
1443.317383	256.468567
1442.246094	68.709328
1441.174805	197.636673
1440.103516	140.193680
1439.032227	236.489410
1437.960938	-65.822639
1436.888672	92.858719
1435.816406	129.849716
1434.744141	156.971329
1433.670898	230.836563
1432.598633	-80.977364
1431.525391	88.875595
1430.452148	43.773449
1429.378906	-31.053671
1428.304688	-66.926636
1427.231445	-5.768173
1426.157227	51.800377
1425.083008	78.283264
1424.007813	69.655197
1422.933594	-146.445404
1421.858398	-160.592163
1420.783203	36.121799
1419.708008	2.097976
1418.631836	-57.861107
1417.555664	-46.968800
1416.479492	180.205170
1415.403320	-21.829811
1414.327148	170.145096
1413.250000	96.506363
1412.173828	72.762611
1411.096680	199.040726
1410.018555	12.105087
1408.941406	-41.271305
1407.863281	101.570435
1406.785156	241.177689
1405.707031	213.607193
1404.628906	120.077728
1403.549805	189.642410
1402.470703	266.732697
1401.391602	98.410210
1400.312500	127.836090
1399.233398	260.202789
1398.153320	118.683678
1397.073242	348.670990
1395.993164	268.846375
1394.913086	305.609253
1393.832031	323.269958
1392.750977	206.749741
1391.669922	332.523254
1390.588867	332.484039
1389.506836	386.823456
1388.425781	456.025085
1387.343750	413.075165
1386.261719	449.933685
1385.178711	348.439667
1384.096680	366.968903
1383.013672	234.290146
1381.930664	156.345688
1380.846680	251.228546
1379.763672	394.647186
1378.679688	247.030853
1377.595703	314.004272
1376.511719	274.641602
1375.427734	357.506287
1374.342773	223.008987
1373.257813	274.187256
1372.172852	274.256866
1371.087891	296.152374
1370.001953	347.142944
1368.916992	203.652893
1367.831055	344.648499
1366.744141	328.103455
1365.658203	196.026779
1364.571289	260.843933
1363.484375	348.859680
1362.397461	279.953766
1361.310547	195.084152
1360.222656	179.372910
1359.135742	181.145920
1358.047852	397.924866
1356.958984	408.274200
1355.871094	378.025391
1354.782227	376.724762
1353.693359	396.661987
1352.604492	389.869171
1351.515625	360.807098
1350.425781	356.230133
1349.335938	466.886627
1348.246094	227.532394
1347.156250	299.903564
1346.066406	209.499069
1344.975586	404.220795
1343.884766	267.070923
1342.793945	265.728943
1341.702148	381.820587
1340.611328	396.968048
1339.519531	365.126007
1338.427734	167.156723
1337.334961	214.329620
1336.243164	164.916916
1335.150391	410.683228
1334.057617	294.218140
1332.964844	370.286133
1331.871094	290.510315
1330.778320	112.782600
1329.684570	299.314270
1328.590820	165.612701
1327.496094	229.244476
1326.402344	383.026978
1325.307617	232.266541
1324.212891	296.021118
1323.117188	190.932632
1322.022461	179.616989
1320.926758	185.277283
1319.831055	255.517197
1318.735352	191.296463
1317.638672	201.127350
1316.542969	267.420197
1315.446289	230.779892
1314.349609	312.665375
1313.251953	270.494263
1312.155273	293.286072
1311.057617	309.392944
1309.959961	458.240479
1308.862305	399.984680
1307.763672	435.660583
1306.665039	275.419189
1305.566406	366.219269
1304.467773	328.870056
1303.369141	401.162354
1302.269531	404.774902
1301.169922	543.889771
1300.070313	589.033020
1298.970703	574.887085
1297.870117	534.819214
1296.769531	684.984009
1295.668945	675.805115
1294.568359	751.444214
1293.466797	747.328491
1292.366211	769.888000
1291.264648	839.050476
1290.162109	772.586243
1289.060547	902.939941
1287.958008	817.656555
1286.855469	721.525146
1285.752930	701.825684
1284.650391	557.970947
1283.546875	395.568878
1282.444336	581.537415
1281.339844	368.388702
1280.236328	376.229034
1279.132813	321.445709
1278.028320	322.838318
1276.923828	252.943558
1275.819336	197.319748
1274.713867	120.009636
1273.608398	-1.303591
1272.503906	40.846828
1271.397461	6.719878
1270.291992	19.186752
1269.185547	82.625473
1268.080078	-66.649864
1266.972656	-40.300846
1265.866211	18.828049
1264.759766	-71.128967
1263.652344	-79.466789
1262.544922	-76.916077
1261.436523	48.367489
1260.329102	22.710808
1259.220703	23.523613
1258.112305	-39.007889
1257.003906	-10.976837
1255.895508	53.624222
1254.786133	161.984955
1253.676758	87.765099
1252.567383	-2.625062
1251.458008	53.106091
1250.347656	-55.032845
1249.237305	23.021101
1248.126953	61.365208
1247.016602	11.416097
1245.905273	37.644360
1244.793945	25.594316
1243.682617	66.324181
1242.571289	166.627045
1241.459961	71.002510
1240.347656	174.934464
1239.235352	169.332336
1238.123047	227.101044
1237.009766	229.487183
1235.897461	177.808899
1234.784180	84.505623
1233.670898	331.906647
1232.556641	31.768871
1231.443359	83.048996
1230.329102	171.739807
1229.214844	148.746170
1228.099609	-27.706135
1226.985352	105.348694
1225.870117	54.328362
1224.754883	-13.769516
1223.639648	98.363747
1222.523438	127.828972
1221.408203	108.921906
1220.291992	214.297226
1219.174805	126.902328
1218.058594	139.611984
1216.941406	-24.910742
1215.824219	-130.246994
1214.707031	-98.730148
1213.589844	-76.593033
1212.471680	-154.763519
1211.353516	-34.377968
1210.235352	-31.378159
1209.117188	-104.227371
1207.998047	-70.283150
1206.878906	35.193615
1205.759766	-72.165627
1204.640625	5.756908
1203.520508	-116.341599
1202.401367	131.307388
1201.281250	-76.576637
1200.160156	-31.667397
1199.040039	-25.559658
1197.918945	-65.438698
1196.797852	-98.523972
1195.676758	-35.900826
1194.555664	25.499220
1193.433594	109.766953
1192.311523	35.841110
1191.189453	-69.381721
1190.066406	1.452461
1188.944336	185.340591
1187.821289	98.676598
1186.698242	29.469007
1185.574219	-37.074158
1184.451172	-154.152756
1183.327148	-118.986130
1182.203125	-44.525703
1181.078125	82.074738
1179.954102	-54.101971
1178.829102	-114.120842
1177.704102	-43.953323
1176.579102	-56.038265
1175.453125	21.703472
1174.327148	-5.255231
1173.201172	48.995426
1172.075195	-50.717274
1170.949219	61.027214
1169.822266	-37.063564
1168.695313	-121.476181
1167.568359	-92.758354
1166.440430	-40.222057
1165.313477	-118.176498
1164.185547	-82.407410
1163.057617	-37.199680
1161.928711	-136.666092
1160.800781	-68.966881
1159.671875	-75.296486
1158.541992	-76.118645
1157.413086	-25.916311
1156.283203	166.655594
1155.154297	-17.926386
1154.023438	0.497092
1152.893555	0.520430
1151.763672	-36.472092
1150.632813	-32.373550
1149.501953	-35.023449
1148.370117	-81.508728
1147.239258	35.142860
1146.107422	-73.370667
1144.975586	-49.161232
1143.843750	35.349957
1142.710938	-64.071533
1141.578125	-39.802715
1140.445313	-68.003571
1139.312500	39.381275
1138.178711	101.949394
1137.045898	6.604866
1135.912109	-55.409527
1134.777344	65.995255
1133.643555	20.186743
1132.508789	121.607857
1131.374023	140.483261
1130.239258	294.789703
1129.104492	252.145111
1127.968750	277.286591
1126.833008	295.776794
1125.697266	105.311684
1124.560547	41.812489
1123.424805	62.337879
1122.288086	57.426304
1121.151367	96.184860
1120.013672	-36.190872
1118.876953	49.460915
1117.739258	161.988632
1116.601563	33.500919
1115.462891	19.604919
1114.324219	-82.816780
1113.186523	3.311355
1112.046875	28.486927
1110.908203	91.491669
1109.769531	50.840416
1108.629883	87.532829
1107.490234	-4.962449
1106.349609	107.972366
1105.209961	50.137180
1104.069336	132.530960
1102.928711	-52.768684
1101.787109	68.130882
1100.646484	49.683510
1099.504883	94.042839
1098.363281	106.692314
1097.221680	66.104889
1096.079102	51.487106
1094.936523	72.475784
1093.793945	108.451607
1092.651367	172.457855
1091.507813	55.269390
1090.364258	114.143707
1089.220703	120.924873
1088.077148	-31.233438
1086.933594	56.776516
1085.789063	101.551773
1084.644531	44.011078
1083.499023	-8.647492
1082.354492	142.622345
1081.208984	134.439026
1080.063477	126.278534
1078.917969	-12.724509
1077.771484	30.990694
1076.625977	78.956467
1075.479492	128.054276
1074.332031	13.101797
1073.185547	121.056801
1072.038086	25.530602
1070.890625	-95.100250
1069.743164	-75.118088
1068.594727	253.469879
1067.447266	28.356968
1066.298828	72.746605
1065.149414	88.208961
1064.000977	188.178207
1062.851563	291.500732
1061.702148	184.445343
1060.552734	157.099380
1059.402344	48.383720
1058.252930	373.963226
1057.102539	337.488281
1055.951172	151.398239
1054.800781	222.748215
1053.649414	322.425812
1052.498047	92.073578
1051.346680	105.453178
1050.194336	210.626938
1049.042969	71.129257
1047.890625	61.661472
1046.738281	3.790570
1045.584961	169.237991
1044.431641	62.308586
1043.278320	-35.039677
1042.125000	31.568682
1040.971680	62.160992
1039.817383	60.068462
1038.663086	136.465195
1037.508789	119.562622
1036.353516	288.474121
1035.198242	243.594543
1034.042969	305.071899
1032.887695	408.527222
1031.732422	286.694000
1030.576172	238.776779
1029.419922	194.948898
1028.263672	315.006775
1027.106445	206.267731
1025.949219	34.688385
1024.792969	221.221497
1023.634766	-17.507717
1022.477539	102.513298
1021.319336	93.436172
1020.161133	56.254715
1019.002930	28.177486
1017.843750	243.701859
1016.684570	186.220642
1015.525391	173.012222
1014.366211	119.290054
1013.207031	328.586914
1012.046875	114.781387
1010.886719	9.372917
1009.726563	40.744858
1008.565430	58.512600
1007.404297	-55.842945
1006.243164	-141.854416
1005.082031	30.731211
1003.920898	-37.200249
1002.758789	6.458214
1001.596680	6.103148
1000.433594	53.169159
999.271484	97.909378
998.108398	35.652363
996.945313	115.239105
995.782227	98.224892
994.618164	93.629669
993.454102	-139.566345
992.290039	201.255127
991.125977	80.799774
989.960938	131.230057
988.796875	-48.576504
987.630859	263.759338
986.465820	-0.286917
985.300781	33.751881
984.134766	87.314003
982.968750	121.235313
981.801758	32.935993
980.635742	65.275787
979.468750	13.783355
978.301758	-22.074968
977.133789	88.918770
975.966797	192.308548
974.798828	-53.419567
973.630859	13.818000
972.461914	-49.709095
971.293945	76.923660
970.125000	45.736343
968.956055	-199.903671
967.786133	-28.528547
966.617188	1.743386
965.447266	-111.932167
964.276367	-78.278740
963.106445	-147.860336
961.935547	-122.805527
960.764648	-14.782469
959.593750	-151.157700
958.422852	-9.614141
957.250977	-114.240288
956.079102	-151.502533
954.907227	31.411785
953.734375	-49.735752
952.562500	-0.235399
951.389648	-29.579309
950.215820	-46.093529
949.042969	29.270649
947.869141	10.103499
946.695313	8.747831
945.521484	22.595909
944.346680	-99.244125
943.172852	-28.733654
941.998047	-40.347008
940.822266	-36.944893
939.647461	-8.021329
938.471680	16.102600
937.295898	-26.421585
936.119141	-38.250965
934.943359	131.732361
933.766602	32.844906
932.589844	166.902786
931.413086	91.073669
930.235352	40.650593
929.057617	18.522001
927.879883	208.823318
926.702148	184.087433
925.523438	26.219173
924.344727	218.992752
923.166016	125.122215
921.987305	69.647781
920.807617	78.120201
919.627930	80.231239
919.497070	61.239552
918.331055	-9.596443
917.165039	-93.197433
915.999023	81.340553
914.833008	-132.580948
913.666016	149.162949
912.499023	-72.371651
911.332031	-5.277386
910.165039	-53.108768
908.997070	-47.328838
907.830078	29.890814
906.661133	96.864815
905.493164	-93.847610
904.325195	3.704545
903.156250	27.259855
901.987305	-69.027382
900.818359	-180.578888
899.648438	-24.517931
898.478516	190.068588
897.308594	200.772629
896.138672	224.195419
894.968750	334.171570
893.797852	291.348724
892.626953	279.076111
891.456055	360.952972
890.284180	254.518066
889.113281	150.658661
887.941406	255.372498
886.768555	263.415558
885.596680	134.169785
884.423828	129.507889
883.250977	142.626251
882.078125	229.406372
880.905273	181.520248
879.731445	270.779968
878.557617	88.321899
877.383789	-129.608704
876.209961	122.064445
875.035156	66.597244
873.860352	-11.687874
872.685547	138.327362
871.510742	-185.937500
870.334961	50.240196
869.159180	70.851364
867.983398	93.980568
866.807617	-126.152847
865.630859	16.058502
864.454102	-90.007736
863.277344	-140.328033
862.100586	-162.786102
860.922852	-5.524579
859.745117	37.783897
858.567383	73.477791
857.389648	109.149445
856.210938	53.751896
855.032227	46.414276
853.853516	-11.488843
852.674805	-49.154659
851.495117	158.314636
850.315430	67.559914
849.135742	39.986977
847.956055	22.520195
846.775391	-63.118427
845.595703	88.569611
844.415039	-50.063534
843.233398	-59.949978
842.052734	10.893186
840.871094	81.702339
839.689453	-21.533489
838.506836	6.378826
837.325195	-154.790665
836.142578	200.766129
834.959961	24.492836
833.777344	52.347473
832.593750	49.960136
831.410156	-75.825645
830.226563	85.453987
829.042969	47.801956
827.858398	-32.623352
826.673828	35.432243
825.489258	-155.658722
824.304688	-37.316196
823.120117	-92.536781
821.934570	76.013634
820.749023	-87.302841
819.562500	40.956760
818.376953	-51.947647
817.190430	10.926082
816.003906	-71.899796
814.817383	6.004354
813.629883	-109.434647
812.442383	-29.057318
811.254883	21.167025
810.067383	66.345253
808.878906	-69.104645
807.690430	-151.840561
806.501953	-51.512985
805.313477	-38.973557
804.124023	-61.533810
802.934570	38.691326
801.745117	-16.459383
800.555664	-171.785843
799.365234	-129.219254
798.175781	83.573151
796.985352	43.447338
795.793945	35.865555
794.603516	-39.280781
793.412109	-29.347700
792.220703	10.586511
791.028320	78.002678
789.836914	60.378189
788.644531	37.753918
787.452148	97.598465
786.258789	7.497098
785.066406	-82.577141
783.873047	4.700230
782.679688	-30.420921
781.485352	-80.515526
780.291992	9.172705
779.097656	18.960361
777.903320	121.045082
776.708008	-91.215988
775.512695	-71.469444
774.318359	-69.196808
773.122070	72.664391
771.926758	39.991714
770.730469	102.010307
769.534180	343.363159
768.337891	235.896713
767.141602	305.269501
765.944336	347.214966
764.747070	414.022125
763.549805	498.208832
762.351563	281.279022
761.154297	173.881851
759.956055	51.593262
758.757813	143.191086
757.558594	80.598663
756.359375	5.589891
755.160156	64.791489
753.960938	196.004959
752.761719	317.212006
751.561523	204.903702
750.361328	137.319397
749.160156	136.775360
747.959961	113.876480
746.758789	123.229713
745.557617	70.538742
744.356445	216.285721
743.154297	99.085678
741.952148	276.962646
740.750000	-41.024574
739.547852	54.985065
738.344727	168.281326
737.142578	229.487427
735.939453	40.493206
734.735352	91.756836
733.532227	145.454330
732.328125	97.625351
731.124023	121.561623
729.918945	155.364807
728.714844	253.447845
727.509766	284.692566
726.303711	63.692818
725.098633	-1.492802
723.892578	64.322075
722.686523	65.837975
721.480469	30.271372
720.274414	51.507214
719.067383	77.649406
717.860352	-91.296272
716.653320	6.402752
715.445313	52.208740
714.238281	-35.274006
713.030273	10.470616
711.821289	-192.941071
710.613281	-46.132195
709.404297	-195.260590
708.195313	-68.285202
706.986328	6.857141
705.776367	-95.456947
704.566406	-3.152638
703.356445	84.158905
702.146484	55.676571
700.935547	22.253454
699.724609	-134.248901
698.513672	164.525131
697.302734	106.408226
696.090820	-0.909197
694.878906	12.288487
693.666992	72.164536
692.455078	-94.167618
691.242188	17.252369
690.029297	-134.320221
688.816406	82.631859
687.602539	115.250999
686.389648	179.746567
685.175781	187.714172
683.960938	72.916122
682.747070	171.633713
681.532227	181.948242
680.317383	118.632797
679.102539	119.073296
677.886719	53.274212
676.670898	166.423279
675.455078	208.411316
674.239258	105.769257
673.022461	204.025894
671.805664	74.409622
670.588867	101.538773
669.372070	101.686516
668.154297	57.734058
666.936523	84.733643
665.718750	106.789482
664.500977	99.441330
663.282227	197.224609
662.063477	91.969505
660.844727	214.080063
659.625000	-15.871295
658.405273	137.896912
657.185547	57.011879
655.965820	159.320999
654.745117	122.340950
653.525391	212.301300
652.303711	-37.138180
651.083008	-52.214375
649.861328	198.643234
648.640625	66.337875
647.417969	36.483494
646.196289	162.667862
644.973633	-33.068047
643.750977	173.426834
642.528320	109.282188
641.305664	76.794701
640.082031	49.146709
638.858398	57.997730
637.634766	35.145935
636.410156	-16.956419
635.185547	40.444065
633.960938	97.774483
632.736328	103.944351
631.510742	0.607474
630.285156	57.770832
629.059570	-65.055931
627.833984	106.253029
626.607422	126.761078
625.380859	132.635513
624.154297	36.430935
622.927734	112.661880
621.700195	55.258305
620.472656	141.067368
619.245117	18.052368
618.016602	-5.465231
616.788086	34.060108
615.559570	61.392498
614.331055	137.169098
613.101563	-41.723797
611.872070	31.520254
610.642578	0.469600
609.413086	-171.155060
608.182617	-156.218552
606.952148	-49.297539
605.721680	-7.852441
604.491211	-0.367619
603.259766	-21.982412
602.028320	-65.416862
600.796875	-2.422865
599.564453	65.331337
598.332031	-7.261855
597.099609	-55.693085
595.867188	7.050421
594.633789	-116.386696
593.400391	-48.922882
592.166992	-78.171318
590.933594	-73.639702
589.699219	-25.693258
588.464844	-21.272730
587.230469	118.272911
585.995117	-27.063263
584.760742	25.468855
583.525391	58.629673
582.289063	-7.156422
581.053711	-80.191833
579.817383	162.561508
578.581055	21.938110
577.343750	-43.973907
576.107422	-54.488838
574.870117	12.029760
573.631836	109.776848
572.394531	75.018440
571.156250	-75.316727
569.917969	-45.135513
568.679688	-108.850746
567.440430	154.575180
566.202148	-154.563980
564.961914	77.407913
563.722656	102.490601
562.482422	53.004978
561.243164	92.413536
560.001953	189.415024
558.761719	91.773254
557.520508	44.558411
556.279297	167.791321
555.038086	72.486465
553.795898	3.576708
552.554688	145.810181
551.311523	-134.277573
550.069336	-64.113464
548.826172	-73.154541
547.583984	99.974548
546.339844	38.087337
545.096680	55.271450
543.852539	96.364052
542.608398	-27.877806
541.364258	-17.994253
540.119141	-63.226044
538.875000	42.337738
537.628906	-41.258957
536.383789	16.321608
535.137695	-12.284442
533.892578	4.533746
532.645508	-16.959488
531.399414	-43.255676
530.152344	-16.994764
528.905273	-76.808556
527.658203	-170.078964
526.410156	-79.420029
525.163086	-127.341187
523.914063	-65.452126
522.666016	39.350853
521.416992	34.288288
520.167969	-23.298798
518.918945	-37.951019
517.669922	109.558098
516.419922	-179.408173
515.169922	-108.287064
513.919922	-125.417557
512.668945	-47.253342
511.417969	-152.606125
510.166992	8.842813
508.916016	-113.204025
507.664063	-206.659424
506.412109	114.100967
505.160156	-43.677387
503.907227	67.458344
502.655273	128.567261
501.402344	-43.468269
500.148438	-13.337961
498.895508	42.909927
497.641602	-57.772072
496.387695	-220.222427
495.132813	-42.883556
493.878906	-131.681564
492.624023	-75.605522
491.368164	18.405201
490.113281	-72.802505
488.857422	-26.348257
487.601563	-98.578850
486.344727	47.442440
485.088867	53.446320
483.832031	52.304642
482.575195	67.733559
481.317383	0.167195
480.059570	32.134171
478.801758	42.739368
477.543945	86.477280
476.285156	-118.496010
475.027344	-34.542542
473.767578	82.479500
472.508789	90.563034
471.249023	13.429351
469.989258	153.942383
468.729492	-138.453430
467.469727	27.988035
466.208984	123.399963
464.948242	145.470383
463.686523	58.794270
462.425781	24.107649
461.164063	109.866005
459.901367	-16.990530
458.639648	-9.238640
457.376953	147.185272
456.114258	84.024673
454.851563	70.406570
453.587891	158.189911
452.324219	47.784103
451.060547	-34.316887
449.796875	67.462883
448.532227	96.085030
447.267578	37.463673
446.002930	108.401581
444.737305	12.020721
443.471680	26.317085
442.206055	99.419884
440.940430	113.592026
439.673828	-112.347725
438.407227	99.396248
437.140625	75.752602
435.873047	103.796555
434.605469	68.281075
433.337891	-14.299537
432.070313	-16.997442
430.801758	-94.963112
429.533203	-41.402779
428.264648	23.805386
426.996094	39.595119
425.726563	-8.098747
424.457031	244.600800
423.186523	210.790344
421.916992	125.294022
420.646484	218.015320
419.375977	99.526817
418.104492	147.461426
416.833008	75.715324
415.561523	160.923782
414.290039	147.568588
413.017578	-118.917892
411.746094	-22.357904
410.472656	76.362885
409.200195	179.601532
407.926758	46.243874
406.653320	-24.010235
405.379883	55.360970
404.105469	106.470642
402.831055	115.306541
401.556641	102.934349
400.282227	69.361961
399.006836	117.422531
397.731445	-84.736778
396.456055	19.038345
395.179688	120.231918
393.903320	57.723824
392.626953	30.055967
391.350586	67.540550
390.073242	212.123520
388.795898	104.441856
387.518555	-19.757839
386.240234	23.749952
384.961914	87.968727
383.683594	175.208389
382.405273	-26.848864
381.125977	108.745842
379.846680	101.890335
378.567383	150.635223
377.287109	147.810242
376.006836	-13.638097
374.726563	173.779007
373.446289	153.671143
372.165039	-71.523682
370.883789	98.432884
369.602539	128.411804
368.320313	71.953339
367.039063	98.814453
365.755859	108.956070
364.473633	-36.988937
363.190430	132.597610
361.907227	-121.025581
360.624023	77.772453
359.340820	36.897263
358.056641	-55.530727
356.772461	-173.953506
355.487305	36.560841
354.202148	162.943863
352.916992	100.883453
351.631836	-133.285370
350.346680	-10.986761
349.060547	124.535751
347.774414	16.101061
346.487305	122.472649
345.200195	40.549553
343.913086	87.640411
342.625977	-111.365486
341.338867	-109.656433
340.050781	-154.988358
338.762695	-113.156738
337.473633	-146.161285
336.184570	-295.574188
334.895508	48.980865
333.606445	-111.333733
332.317383	-27.505932
331.027344	59.982353
329.736328	44.849564
328.446289	8.020090
327.155273	-52.884090
325.864258	-47.819370
324.573242	-147.634781
323.281250	-22.375580
321.989258	-94.328690
320.697266	-68.190567
319.405273	173.541977
318.112305	-40.173218
316.819336	42.322105
315.526367	-40.050770
314.232422	-84.522232
312.938477	215.222000
311.644531	260.204803
310.349609	149.517990
309.054688	7.560703
307.759766	188.713165
306.464844	225.675232
305.168945	323.182068
303.873047	262.723999
302.577148	557.098328
301.281250	518.712036
299.984375	591.251587
