1999.980469	-196.977966
1999.016602	-24.159077
1998.052734	37.366489
1997.087891	180.211411
1996.123047	104.533257
1995.158203	291.043884
1994.193359	192.247894
1993.228516	112.900589
1992.262695	122.334984
1991.297852	84.347862
1990.332031	1.470453
1989.366211	-54.510471
1988.399414	62.372459
1987.433594	8.198323
1986.466797	-19.066921
1985.500977	-14.497617
1984.534180	-89.334618
1983.567383	-119.946632
1982.599609	-153.295227
1981.632813	-162.204147
1980.665039	-28.090267
1979.697266	-131.389297
1978.729492	-173.162720
1977.761719	4.576671
1976.792969	78.346992
1975.825195	117.311737
1974.856445	10.462959
1973.887695	66.277405
1972.918945	40.470795
1971.949219	93.404030
1970.980469	119.006424
1970.010742	-3.492652
1969.041016	236.211807
1968.071289	39.470375
1967.101563	-80.973953
1966.130859	81.772850
1965.161133	-21.689949
1964.190430	143.163864
1963.219727	265.969391
1962.249023	16.895544
1961.277344	87.746048
1960.306641	87.092407
1959.334961	263.465637
1958.363281	-62.128227
1957.391602	-43.395958
1956.419922	154.731842
1955.447266	128.978302
1954.474609	235.878632
1953.501953	55.128819
1952.529297	88.131691
1951.556641	-58.282299
1950.583984	67.920303
1949.610352	71.226021
1948.636719	-121.948387
1947.663086	60.470207
1946.689453	73.419037
1945.715820	-9.387431
1944.741211	37.819668
1943.767578	141.381821
1942.792969	43.761776
1941.818359	115.329979
1940.842773	-180.899231
1939.868164	-97.128426
1938.892578	214.493088
1937.916992	143.740753
1936.941406	23.996000
1935.965820	-215.741653
1934.990234	24.561378
1934.013672	-53.531620
1933.037109	39.743668
1932.060547	142.761368
1931.083984	54.862297
1930.107422	99.101074
1929.129883	40.578560
1928.153320	-8.143909
1927.175781	31.172495
1926.198242	26.467331
1925.219727	24.205370
1924.242188	9.726947
1923.263672	-95.150345
1922.285156	205.536179
1921.306641	178.826721
1920.328125	32.474274
1919.349609	-43.013321
1918.370117	-54.997967
1917.391602	8.688211
1916.412109	-25.247974
1915.431641	-27.446413
1914.452148	-22.315651
1913.472656	104.762566
1912.492188	107.448471
1911.511719	100.393387
1910.531250	22.667030
1909.550781	-1.405051
1908.569336	23.273708
1907.588867	-20.252697
1906.607422	99.435051
1905.625977	7.232006
1904.644531	-48.402790
1903.662109	46.919029
1902.680664	-69.521629
1901.698242	-76.405174
1900.715820	-183.022415
1899.733398	-68.235840
1898.750000	-62.918968
1897.767578	66.415779
1896.784180	-54.685535
1895.800781	81.913727
1894.817383	9.480755
1893.833984	-2.172370
1892.850586	-16.240444
1891.866211	151.865707
1890.881836	-68.615982
1889.897461	-19.510283
1888.913086	-157.328537
1887.927734	100.510498
1886.943359	-73.661499
1885.958008	-36.694138
1884.972656	123.971565
1883.987305	221.526276
1883.001953	-49.506371
1882.015625	55.324848
1881.029297	55.895206
1880.042969	-98.626228
1879.056641	37.656147
1878.070313	156.930893
1877.083984	-164.641800
1876.096680	112.022003
1875.109375	-100.477982
1874.122070	-22.428864
1873.134766	-50.900986
1872.146484	-16.457014
1871.159180	-102.995193
1870.170898	-46.800037
1869.182617	-41.421314
1868.194336	-26.382565
1867.205078	36.987793
1866.216797	-90.621544
1865.227539	-29.706215
1864.238281	-67.889229
1863.249023	24.371235
1862.259766	-35.576359
1861.269531	-259.722687
1860.279297	-143.390976
1859.290039	6.669897
1858.298828	-7.457242
1857.308594	166.605286
1856.318359	-55.065891
1855.327148	-11.359099
1854.335938	-54.510540
1853.344727	46.991280
1852.353516	-68.532585
1851.362305	47.335594
1850.370117	-101.944031
1849.377930	49.960831
1848.385742	139.143677
1847.393555	-0.538311
1846.401367	-106.492592
1845.408203	-41.516037
1844.415039	35.431812
1843.421875	-87.434441
1842.428711	119.342003
1841.435547	147.977707
1840.441406	248.714691
1839.448242	63.201981
1838.454102	74.865211
1837.459961	271.573273
1836.464844	78.805267
1835.470703	35.043671
1834.475586	111.370964
1833.480469	290.904266
1832.485352	263.779175
1831.490234	94.941757
1830.495117	199.789322
1829.499023	-31.493252
1828.502930	92.419479
1827.506836	-54.898418
1826.510742	42.464058
1825.513672	7.812685
1824.517578	407.145844
1823.520508	276.410095
1822.523438	-65.284477
1821.526367	58.026840
1820.529297	219.562744
1819.531250	74.316185
1818.533203	137.441422
1817.535156	126.232384
1816.537109	-21.521904
1815.539063	223.306473
1814.540039	27.570559
1813.541992	42.419708
1812.542969	176.812851
1811.543945	16.849178
1810.543945	88.855087
1809.544922	129.672012
1808.544922	113.013214
1807.544922	-56.699512
1806.544922	96.198997
1805.544922	69.751831
1804.544922	59.954269
1803.543945	88.288528
1802.542969	106.974709
1801.541992	-22.462564
1800.541016	203.743515
1799.539063	38.358097
1798.538086	-31.600651
1797.536133	-96.854652
1796.534180	126.449608
1795.532227	82.472580
1794.529297	0.266191
1793.527344	154.015549
1792.524414	21.586824
1791.521484	63.079166
1790.518555	32.982220
1789.514648	102.847542
1788.511719	144.015533
1787.507813	144.584946
1786.503906	178.387878
1785.500000	-64.040016
1784.496094	7.672834
1783.491211	31.666416
1782.486328	55.551598
1781.481445	112.627762
1780.476563	19.761673
1779.471680	98.021309
1778.465820	-47.313099
1777.460938	56.871597
1776.455078	-197.912659
1775.449219	107.998535
1774.442383	28.870440
1773.436523	-85.949539
1772.429688	67.483437
1771.422852	37.952385
1770.416016	-107.977478
1769.409180	220.673126
1768.402344	-60.688736
1767.394531	248.634247
1766.386719	199.593674
1765.378906	112.526314
1764.371094	-19.661684
1763.362305	2.167131
1762.354492	-92.240013
1761.345703	159.227737
1760.336914	268.348846
1759.328125	-30.082771
1758.318359	0.663694
1757.308594	2.878767
1756.299805	59.442261
1755.290039	-28.505779
1754.279297	20.715099
1753.269531	166.821854
1752.258789	118.789948
1751.249023	39.933445
1750.238281	67.398331
1749.226563	248.407150
1748.215820	8.513877
1747.204102	54.549515
1746.193359	62.666134
1745.181641	82.477577
1744.168945	118.700615
1743.157227	-57.715160
1742.144531	-16.966988
1741.132813	-40.063839
1740.120117	92.499825
1739.106445	-51.177292
1738.093750	-22.672867
1737.080078	-175.914505
1736.067383	-86.289024
1735.053711	-109.985130
1734.040039	-143.203751
1733.025391	85.097404
1732.011719	-174.570221
1730.997070	119.415543
1729.982422	-109.748344
1728.967773	-134.030106
1727.952148	107.665894
1726.937500	45.486874
1725.921875	49.127396
1724.906250	52.668758
1723.890625	-78.002678
1722.875000	-13.470281
1721.858398	76.801582
1720.841797	138.724701
1719.825195	-69.843788
1718.808594	62.413193
1717.791992	-33.441135
1716.774414	345.279846
1715.756836	-65.591591
1714.739258	84.969688
1713.721680	9.939057
1712.704102	-100.372147
1711.685547	59.216518
1710.667969	26.210741
1709.649414	143.298691
1708.630859	-70.550018
1707.611328	-253.920822
1706.592773	-127.726265
1705.573242	-81.399879
1704.553711	-11.732388
1703.534180	-136.717041
1702.513672	-116.456184
1701.494141	63.050552
1700.473633	90.129723
1699.453125	32.804493
1698.432617	-1.161471
1697.412109	51.430080
1696.390625	-406.366333
1695.369141	-89.431496
1694.347656	-107.289787
1693.326172	94.686775
1692.304688	-56.666794
1691.282227	-154.262054
1690.260742	26.347336
1689.238281	52.523678
1688.214844	13.167286
1687.192383	74.248337
1686.168945	158.587784
1685.146484	126.052559
1684.123047	-11.638167
1683.099609	-53.610386
1682.075195	98.115509
1681.051758	16.335632
1680.027344	298.544159
1679.002930	-84.343636
1677.978516	8.714437
1676.953125	241.596222
1675.928711	315.787842
1674.903320	266.324005
1673.877930	88.629089
1672.852539	309.446503
1671.826172	476.524017
1670.800781	382.599213
1669.774414	318.924194
1668.748047	380.969452
1667.721680	538.397400
1666.694336	230.167603
1665.667969	292.057068
1664.640625	330.597870
1663.613281	380.713837
1662.585938	740.113281
1661.557617	494.705872
1660.530273	409.793365
1659.501953	434.116547
1658.473633	595.515442
1657.444336	596.472839
1656.416016	471.957764
1655.386719	565.784058
1654.358398	634.012634
1653.328125	609.282349
1652.298828	658.833008
1651.269531	726.906067
1650.239258	827.400269
1649.208984	756.147034
1648.178711	682.580444
1647.148438	745.851196
1646.117188	649.071777
1645.086914	844.426514
1644.055664	849.613647
1643.024414	829.291931
1641.992188	778.829712
1640.960938	1140.718140
1639.928711	1076.293823
1638.896484	1109.137695
1637.864258	1424.403442
1636.832031	1315.956543
1635.798828	1230.671143
1634.766602	1159.312988
1633.733398	1370.188477
1632.699219	1197.027588
1631.666016	1181.194336
1630.632813	1250.909790
1629.598633	1493.949219
1628.564453	1471.125122
1627.530273	1335.092773
1626.495117	1409.331299
1625.460938	1504.349976
1624.425781	1347.615723
1623.390625	1599.614502
1622.355469	1662.239136
1621.319336	1588.670776
1620.284180	1766.674561
1619.248047	1730.056396
1618.211914	1289.816772
1617.174805	1548.511597
1616.138672	1846.337769
1615.101563	1759.078735
1614.065430	1817.092163
1613.027344	1757.556641
1611.990234	1866.268921
1610.953125	1974.964844
1609.915039	1947.754517
1608.876953	1869.928955
1607.838867	2105.249268
1606.800781	2179.394775
1605.761719	2170.686035
1604.723633	2035.489380
1603.684570	2105.093750
1602.644531	1914.810181
1601.605469	2216.726807
1600.566406	2086.361328
1599.526367	2169.835449
1598.486328	2306.175293
1597.446289	2107.054443
1596.405273	2098.706787
1595.365234	2131.763428
1594.324219	1891.586304
1593.283203	1915.570557
1592.242188	1813.350342
1591.200195	1825.955078
1590.159180	1902.866577
1589.117188	1764.149658
1588.075195	1760.864014
1587.032227	1847.055298
1585.990234	1779.674194
1584.947266	1771.963867
1583.904297	1810.152710
1582.861328	2013.364990
1581.818359	1882.091187
1580.775391	1728.027832
1579.731445	1828.267456
1578.687500	1701.869385
1577.643555	1722.090576
1576.598633	1605.041504
1575.554688	1588.802490
1574.509766	1570.340698
1573.464844	1465.040894
1572.419922	1762.342651
1571.374023	1922.405762
1570.329102	1655.021606
1569.283203	1543.222412
1568.237305	1353.853516
1567.191406	1605.567383
1566.144531	1350.167725
1565.098633	1524.299438
1564.051758	1248.632324
1563.004883	1240.245728
1561.957031	1222.807739
1560.910156	1310.441284
1559.862305	1249.821533
1558.814453	1152.817627
1557.766602	1192.775146
1556.718750	1168.964600
1555.669922	987.946289
1554.621094	848.117065
1553.573242	895.308228
1552.523438	1124.818970
1551.474609	823.599915
1550.424805	905.194946
1549.375000	993.685120
1548.325195	875.075195
1547.275391	906.832886
1546.225586	797.587891
1545.174805	950.125977
1544.124023	1134.552002
1543.073242	1253.053223
1542.022461	957.772217
1540.970703	1140.117065
1539.919922	1281.591431
1538.868164	1264.033203
1537.815430	1123.887817
1536.763672	1038.434814
1535.710938	998.538940
1534.659180	1017.816162
1533.606445	1159.782227
1532.552734	1245.050293
1531.500000	962.767944
1530.446289	1014.232666
1529.393555	968.255554
1528.338867	1004.044006
1527.285156	1030.871460
1526.231445	1028.332520
1525.176758	849.102295
1524.122070	1003.196655
1523.067383	1087.109375
1522.012695	958.167175
1520.957031	1010.578796
1519.901367	1004.215027
1518.845703	866.662354
1517.790039	1037.129395
1516.734375	1033.392944
1515.677734	749.205261
1514.621094	775.175842
1513.564453	826.139038
1512.507813	492.785858
1511.450195	485.245880
1510.393555	570.519165
1509.335938	273.945709
1508.278320	359.474854
1507.219727	352.469116
1506.162109	298.169739
1505.103516	214.658768
1504.044922	302.897797
1502.986328	427.347168
1501.926758	262.997772
1500.868164	220.694138
1499.808594	442.477478
1498.749023	82.388733
1497.688477	11.215229
1496.628906	32.645103
1495.568359	-13.429864
1494.507813	71.359848
1493.447266	-17.249180
1492.386719	65.522591
1491.325195	105.596924
1490.263672	159.300797
1489.202148	-45.798203
1488.140625	129.738586
1487.079102	244.576385
1486.016602	118.738106
1484.954102	375.528564
1483.891602	238.739838
1482.829102	405.732452
1481.765625	458.136230
1480.702148	418.508331
1479.638672	635.235535
1478.575195	831.780823
1477.511719	956.539734
1476.447266	969.101746
1475.382813	813.363037
1474.318359	947.483826
1473.253906	861.545288
1472.189453	1108.075562
1471.124023	1020.604187
1470.058594	1329.703491
1468.993164	1350.098999
1467.927734	1305.166626
1466.861328	1462.105225
1465.794922	1256.033447
1464.728516	1297.208984
1463.662109	1468.230469
1462.594727	1465.857666
1461.528320	1641.286377
1460.460938	1581.871704
1459.393555	1339.220459
1458.326172	1401.110962
1457.257813	1388.648315
1456.189453	1375.758545
1455.121094	1484.691406
1454.052734	1399.909668
1452.984375	1591.168701
1451.915039	1614.875366
1450.845703	1518.223145
1449.776367	1448.003052
1448.707031	1728.266602
1447.636719	1916.869751
1446.567383	1820.525269
1445.497070	1782.147095
1444.425781	1963.605347
1443.355469	2137.092529
1442.285156	1892.095825
1441.213867	2094.597900
1440.142578	2233.291504
1439.070313	2047.373169
1437.999023	2221.508789
1436.926758	2358.272705
1435.854492	2291.741943
1434.782227	2376.718506
1433.709961	2038.565552
1432.636719	2055.107178
1431.563477	1806.537354
1430.490234	2051.395996
1429.416992	1763.272217
1428.343750	1835.203613
1427.269531	1802.106201
1426.195313	1929.002686
1425.121094	1731.240234
1424.046875	1748.093750
1422.971680	1848.255859
1421.896484	1687.036987
1420.821289	1837.341797
1419.746094	1640.666748
1418.669922	1588.835815
1417.594727	1405.433838
1416.518555	1397.871216
1415.442383	1363.587280
1414.365234	1423.978882
1413.289063	1290.417725
1412.211914	1309.122803
1411.134766	962.306519
1410.057617	1059.456421
1408.979492	825.807617
1407.902344	1084.169434
1406.824219	1211.022217
1405.746094	1145.757813
1404.666992	1124.361572
1403.588867	1029.978638
1402.509766	871.749756
1401.430664	1072.687988
1400.351563	983.716492
1399.271484	1050.358276
1398.192383	1083.257446
1397.112305	878.099609
1396.031250	1113.783813
1394.951172	975.729858
1393.871094	978.341797
1392.790039	934.556396
1391.708984	980.804626
1390.626953	929.722717
1389.545898	831.833801
1388.463867	740.523438
1387.381836	933.979980
1386.299805	914.199707
1385.217773	728.322327
1384.134766	774.924927
1383.051758	879.113586
1381.968750	991.595337
1380.885742	785.462097
1379.802734	694.089966
1378.718750	852.836731
1377.634766	755.426025
1376.550781	840.285645
1375.465820	822.074402
1374.381836	730.730835
1373.296875	733.431030
1372.211914	975.330627
1371.126953	720.238403
1370.041016	727.420898
1368.955078	1073.493652
1367.869141	940.779846
1366.783203	889.819641
1365.697266	1016.588562
1364.610352	1055.932861
1363.523438	1011.994690
1362.436523	1125.548584
1361.349609	1036.205933
1360.261719	973.777954
1359.174805	1189.010376
1358.086914	1053.805908
1356.998047	1118.157104
1355.910156	1284.820068
1354.821289	1253.476196
1353.732422	1168.194824
1352.643555	965.706604
1351.554688	1036.828735
1350.464844	865.490356
1349.375000	1118.609985
1348.285156	1211.998291
1347.195313	1173.936523
1346.105469	1439.832520
1345.014648	1414.046631
1343.923828	1218.552734
1342.833008	1292.663208
1341.741211	1245.083130
1340.650391	1128.611328
1339.558594	1152.172607
1338.466797	1020.741455
1337.374023	1078.090454
1336.282227	1169.262207
1335.189453	1126.400757
1334.096680	886.855286
1333.003906	938.911865
1331.910156	833.247681
1330.817383	985.027832
1329.723633	788.960205
1328.629883	771.974915
1327.535156	746.835266
1326.441406	780.895325
1325.346680	694.893738
1324.251953	664.852173
1323.156250	720.106323
1322.061523	524.058838
1320.965820	703.586365
1319.870117	748.477905
1318.774414	628.687561
1317.678711	622.537537
1316.582031	710.860779
1315.485352	558.361328
1314.388672	827.914124
1313.291016	755.950867
1312.194336	635.416382
1311.096680	564.490845
1309.999023	680.399414
1308.901367	561.581543
1307.802734	598.892029
1306.705078	574.652222
1305.606445	546.386414
1304.506836	588.031067
1303.408203	433.625244
1302.308594	612.476440
1301.208984	618.165222
1300.109375	693.038147
1299.009766	686.912537
1297.909180	678.483337
1296.808594	586.568176
1295.708008	702.605530
1294.607422	624.893127
1293.506836	634.950500
1292.405273	645.065430
1291.303711	640.881653
1290.202148	593.586670
1289.099609	480.343292
1287.998047	616.666504
1286.895508	612.712158
1285.792969	545.189392
1284.689453	593.174255
1283.586914	532.970581
1282.483398	506.338959
1281.379883	495.199310
1280.276367	365.465729
1279.171875	308.475037
1278.067383	209.147186
1276.962891	51.518326
1275.858398	112.355042
1274.753906	121.670998
1273.648438	145.953461
1272.542969	146.391922
1271.437500	60.919029
1270.331055	20.320873
1269.225586	36.416874
1268.119141	0.110313
1267.012695	5.699095
1265.906250	26.292625
1264.798828	110.365517
1263.691406	142.821152
1262.583984	-15.397068
1261.476563	4.750949
1260.368164	2.384349
1259.260742	99.576523
1258.152344	118.326462
1257.043945	67.530754
1255.934570	80.166954
1254.825195	-141.608566
1253.716797	17.831352
1252.606445	-138.600418
1251.497070	-60.775566
1250.387695	-158.638397
1249.277344	-123.785652
1248.166992	-67.075478
1247.055664	-78.386833
1245.945313	-2.092298
1244.833984	32.491482
1243.722656	-38.121506
1242.611328	-105.367638
1241.499023	-154.004822
1240.387695	-199.152527
1239.275391	-13.433182
1238.162109	16.900387
1237.049805	-68.002579
1235.936523	-19.669899
1234.823242	-105.022934
1233.709961	-129.143509
1232.596680	-92.379082
1231.482422	-193.807037
1230.369141	-61.888176
1229.253906	-45.438171
1228.139648	-89.437759
1227.025391	83.439980
1225.910156	-13.242809
1224.794922	104.124054
1223.679688	66.726379
1222.563477	92.430954
1221.447266	-6.955659
1220.331055	13.384211
1219.214844	-5.193669
1218.098633	-99.387238
1216.981445	-131.733154
1215.864258	-15.871911
1214.747070	129.814972
1213.629883	130.129578
1212.511719	6.510743
1211.393555	202.285904
1210.275391	243.805984
1209.157227	184.714935
1208.038086	302.552032
1206.918945	209.973984
1205.799805	228.301498
1204.680664	366.893372
1203.560547	312.841553
1202.441406	465.341278
1201.321289	285.485168
1200.200195	277.891693
1199.080078	214.378479
1197.958984	460.401154
1196.837891	437.213562
1195.716797	317.823975
1194.594727	331.552521
1193.473633	224.397018
1192.351563	358.835175
1191.229492	299.019501
1190.106445	247.543411
1188.984375	327.451050
1187.861328	178.714874
1186.738281	193.911453
1185.614258	166.128204
1184.491211	227.725067
1183.367188	158.791397
1182.243164	154.395157
1181.119141	90.247864
1179.994141	142.902588
1178.869141	22.049559
1177.744141	87.595619
1176.619141	-51.971306
1175.493164	-135.023102
1174.368164	-96.488953
1173.242188	36.856419
1172.115234	-62.102680
1170.989258	-13.841991
1169.862305	110.130104
1168.735352	-25.782780
1167.608398	-38.480335
1166.481445	-119.375931
1165.353516	-41.076210
1164.225586	-158.094299
1163.097656	-160.090607
1161.968750	21.250933
1160.840820	-12.236772
1159.711914	-18.549292
1158.583008	-1.002189
1157.453125	-152.836197
1156.324219	-32.560749
1155.194336	95.066490
1154.064453	-1.844985
1152.933594	-33.382778
1151.803711	57.720520
1150.672852	27.704889
1149.541992	182.078506
1148.411133	125.612724
1147.279297	121.691399
1146.147461	125.352180
1145.015625	-69.947014
1143.883789	43.209713
1142.750977	57.649399
1141.619141	135.955948
1140.486328	40.734623
1139.352539	-95.676895
1138.219727	102.719704
1137.085938	6.095797
1135.952148	157.093140
1134.818359	-12.575396
1133.683594	132.005692
1132.549805	181.145874
1131.415039	277.398834
1130.279297	313.439209
1129.144531	448.729156
1128.008789	585.704895
1126.873047	347.003754
1125.737305	354.856262
1124.601563	298.171661
1123.464844	345.678497
1122.328125	393.210693
1121.191406	343.115967
1120.054688	234.151260
1118.916992	505.527344
1117.779297	365.237579
1116.641602	518.626831
1115.503906	369.861145
1114.365234	403.163879
1113.226563	449.507172
1112.087891	412.238770
1110.949219	418.179138
1109.809570	437.322906
1108.669922	339.490051
1107.530273	442.492310
1106.390625	244.001678
1105.250000	495.913971
1104.109375	442.028931
1102.968750	470.573334
1101.828125	416.707520
1100.686523	456.902283
1099.544922	389.568970
1098.403320	401.660919
1097.261719	363.968384
1096.120117	359.646881
1094.977539	437.977509
1093.834961	329.146332
1092.691406	163.868927
1091.548828	257.457977
1090.405273	322.048523
1089.261719	318.022095
1088.118164	180.003052
1086.973633	238.975281
1085.829102	295.029541
1084.684570	265.279449
1083.540039	261.235992
1082.395508	115.320404
1081.250000	217.843536
1080.104492	318.701080
1078.958984	201.044785
1077.812500	409.058380
1076.666016	281.606506
1075.519531	83.326256
1074.373047	381.485504
1073.226563	367.603210
1072.079102	228.566971
1070.931641	300.772980
1069.784180	380.754822
1068.635742	381.038666
1067.487305	224.737656
1066.338867	81.758408
1065.190430	253.038818
1064.041992	306.226715
1062.892578	278.244598
1061.743164	266.918732
1060.593750	296.486816
1059.443359	377.588043
1058.292969	172.755783
1057.142578	263.880157
1055.992188	220.036789
1054.841797	235.795395
1053.690430	457.570343
1052.539063	279.118958
1051.387695	146.450470
1050.235352	351.092377
1049.083984	222.459686
1047.931641	399.432159
1046.778320	284.393890
1045.625977	-42.358047
1044.472656	102.355705
1043.319336	100.023285
1042.166016	184.399063
1041.012695	361.729584
1039.858398	198.751022
1038.704102	121.452682
1037.549805	39.602604
1036.394531	160.462250
1035.239258	208.189987
1034.083984	214.985504
1032.928711	34.774078
1031.773438	3.088426
1030.617188	173.084381
1029.460938	125.500557
1028.304688	-118.441849
1027.147461	163.981262
1025.991211	100.223511
1024.833984	25.025545
1023.675781	225.833084
1022.518555	94.629242
1021.360352	127.878105
1020.202148	40.060780
1019.043945	82.999031
1017.884766	-13.573503
1016.726563	45.121532
1015.567383	139.558670
1014.407227	82.084015
1013.248047	-112.439896
1012.087891	122.240593
1010.927734	140.679077
1009.767578	101.967850
1008.606445	-0.271013
1007.446289	-149.381729
1006.285156	-47.616802
1005.123047	104.464645
1003.961914	-66.792992
1002.799805	-38.586685
1001.637695	172.695007
1000.475586	83.625809
999.312500	59.473106
998.149414	207.029068
996.986328	-98.584717
995.823242	14.580491
994.659180	85.549782
993.496094	-27.449202
992.332031	-53.621674
991.166992	-22.021894
990.002930	38.429462
988.837891	-118.093063
987.672852	-19.821533
986.506836	81.327599
985.341797	57.987507
984.175781	91.567924
983.009766	57.359333
981.843750	245.543839
980.676758	218.240036
979.509766	-70.457832
978.342773	-26.257315
977.175781	65.262947
976.007813	102.717575
974.839844	83.481133
973.671875	95.497421
972.503906	59.938789
971.334961	47.297699
970.166016	-50.019989
968.997070	-75.544098
967.828125	10.130108
966.658203	-56.512775
965.488281	-182.429153
964.318359	23.551331
963.148438	61.100979
961.977539	71.517799
960.806641	-55.099884
959.635742	173.027634
958.463867	3.584075
957.292969	65.784286
956.121094	14.449366
954.948242	-170.443756
953.776367	-0.621583
952.603516	-50.395901
951.430664	129.610947
950.257813	164.510681
949.084961	216.612259
947.911133	30.162769
946.737305	138.686356
945.563477	200.835739
944.388672	44.319870
943.213867	285.447083
942.039063	423.969696
940.864258	361.641968
939.688477	525.994019
938.513672	468.574982
937.337891	642.882324
936.161133	544.752258
934.985352	444.350067
933.808594	455.675201
932.631836	429.019379
931.454102	402.189117
930.277344	253.278366
929.099609	419.819702
927.921875	298.926208
926.743164	315.361298
925.565430	247.890869
924.386719	444.858002
923.208008	250.265320
922.028320	228.569702
920.849609	148.424622
919.669922	151.410446
919.474609	180.589737
918.309570	105.521553
917.143555	88.896324
915.977539	112.904167
914.810547	27.745028
913.644531	122.821388
912.477539	-30.817671
911.310547	51.550167
910.143555	-3.086630
908.975586	-154.066254
907.807617	-26.079462
906.639648	-149.105606
905.471680	-64.254875
904.303711	73.775604
903.134766	-82.123856
901.965820	-53.055202
900.796875	-112.629639
899.626953	12.651530
898.457031	-102.595901
897.287109	-78.597404
896.117188	-3.999368
894.947266	123.696350
893.776367	61.648563
892.605469	-18.073835
891.434570	-148.325272
890.262695	14.700537
889.091797	-110.444702
887.919922	17.138573
886.748047	-19.530592
885.575195	-10.717242
884.403320	-100.388252
883.230469	-187.491730
882.057617	-123.109245
880.883789	80.051743
879.710938	-9.548925
878.537109	-25.953112
877.362305	-54.954769
876.188477	-51.164402
875.013672	-75.100449
873.839844	-20.891024
872.664063	-150.655563
871.489258	-28.418253
870.313477	45.914745
869.138672	21.997511
867.962891	-19.530207
866.786133	120.219223
865.610352	23.321709
864.433594	-76.047844
863.256836	116.468285
862.079102	303.880341
860.902344	-6.726022
859.724609	47.378754
858.546875	78.838493
857.368164	198.256210
856.190430	11.063191
855.011719	-47.922134
853.833008	-126.976868
852.654297	-40.255466
851.474609	174.481750
850.294922	236.008453
849.115234	104.263916
847.935547	246.075104
846.754883	59.195335
845.575195	2.814660
844.393555	9.152414
843.212891	-129.928146
842.032227	21.814569
840.850586	-52.050716
839.668945	26.952723
838.486328	-91.973587
837.304688	-265.955078
836.122070	-144.388306
834.939453	-77.951813
833.756836	-66.609741
832.573242	-52.768993
831.389648	-78.969490
830.206055	49.929127
829.022461	-108.836121
827.838867	10.005964
826.654297	-173.688873
825.469727	-99.875618
824.284180	-23.595987
823.099609	-2.318206
821.914063	-138.416489
820.728516	-62.190529
819.542969	61.437473
818.356445	-102.062561
817.169922	-15.923918
815.983398	-29.637175
814.796875	-73.289589
813.609375	-37.113422
812.422852	11.507141
811.235352	12.730948
810.046875	41.367184
808.859375	62.504364
807.670898	31.301264
806.482422	37.468948
805.293945	56.077351
804.104492	-49.836365
802.915039	-193.060150
801.725586	-40.035809
800.536133	5.906193
799.345703	-22.822037
798.155273	3.175164
796.964844	-0.695382
795.774414	22.772947
794.583008	-155.143539
793.392578	-159.020203
792.200195	132.805695
791.008789	-15.253259
789.816406	37.934036
788.625000	28.996414
787.432617	173.987747
786.239258	11.089197
785.046875	14.524411
783.853516	67.568848
782.660156	-3.467646
781.465820	61.926407
780.272461	119.834137
779.078125	115.716415
777.883789	-17.315092
776.688477	-43.745079
775.494141	31.402287
774.298828	158.521332
773.103516	-28.979342
771.907227	65.866669
770.711914	12.106615
769.515625	0.425702
768.318359	-63.240063
767.122070	24.018023
765.924805	128.533463
764.727539	72.226723
763.530273	-53.315769
762.333008	-52.754608
761.134766	165.281693
759.936523	-61.592976
758.738281	-21.580248
757.540039	70.258881
756.340820	-10.833095
755.141602	29.060534
753.942383	-37.236465
752.742188	-2.346895
751.541992	49.770046
750.341797	163.508438
749.141602	217.974289
747.941406	200.873215
746.740234	459.875244
745.539063	482.106293
744.337891	260.320801
743.135742	393.393799
741.933594	277.577271
740.731445	166.700851
739.529297	77.997520
738.326172	31.146910
737.124023	129.496475
735.919922	-28.151447
734.716797	107.001534
733.513672	160.888947
732.309570	182.746918
731.105469	199.641174
729.900391	209.116409
728.696289	63.711918
727.491211	-5.497219
726.286133	166.037292
725.080078	192.547516
723.874023	118.324982
722.668945	112.835175
721.461914	45.941875
720.255859	194.996399
719.048828	174.648605
717.841797	80.675560
716.634766	263.837677
715.427734	159.991028
714.219727	389.553009
713.011719	283.185608
711.803711	115.555473
710.594727	80.251778
709.385742	22.872179
708.176758	-49.223274
706.967773	113.718063
705.758789	97.846291
704.548828	47.670334
703.338867	51.301743
702.127930	98.919296
700.917969	102.443924
699.707031	193.953140
698.496094	275.596771
697.285156	181.165604
696.073242	145.378311
694.861328	-44.372974
693.649414	144.542404
692.436523	115.966087
691.224609	48.282551
690.011719	380.946716
688.798828	310.696655
687.584961	362.438324
686.372070	306.760651
685.158203	473.023590
683.943359	331.890900
682.729492	441.899078
681.514648	400.675415
680.299805	447.154602
679.084961	371.732056
677.869141	410.787109
676.653320	486.309357
675.437500	515.481323
674.221680	456.943634
673.004883	310.751221
671.789063	337.353516
670.571289	351.726105
669.354492	329.553528
668.136719	482.443726
666.919922	192.682404
665.701172	313.829651
664.483398	437.304962
663.264648	307.958130
662.045898	304.945404
660.827148	396.612549
659.608398	313.340485
658.388672	421.857697
657.168945	236.559860
655.949219	114.388474
654.728516	319.778992
653.507813	296.998291
652.287109	519.137390
651.066406	423.476654
649.844727	199.313766
648.623047	350.887512
647.401367	402.991058
646.179688	428.370697
644.957031	516.667725
643.734375	520.114258
642.511719	414.553345
641.289063	381.609314
640.065430	331.686920
638.841797	501.931641
637.618164	618.832092
636.393555	365.571320
635.168945	356.605499
633.944336	531.340210
632.719727	365.132294
631.494141	382.610962
630.269531	204.329300
629.042969	390.832520
627.817383	111.093758
626.590820	191.203125
625.365234	346.070435
624.137695	276.360657
622.911133	317.638214
621.683594	366.088684
620.456055	226.335785
619.228516	45.601658
618.000977	45.728603
616.772461	60.273357
615.543945	115.739700
614.314453	115.719498
613.085938	166.249344
611.856445	137.235062
610.626953	-120.562531
609.397461	4.493831
608.166992	74.095520
606.936523	32.933147
605.706055	162.570801
604.474609	25.113831
603.244141	265.247864
602.012695	46.005291
600.780273	-74.623100
599.548828	-94.292328
598.316406	75.834557
597.083984	-11.194106
595.851563	-74.200882
594.618164	98.112831
593.384766	23.038639
592.151367	-164.847549
590.917969	129.670776
589.683594	37.749619
588.449219	-121.326157
587.214844	-189.229630
585.979492	-127.656425
584.745117	166.396317
583.509766	-69.377510
582.273438	59.142952
581.038086	53.428452
579.801758	71.641579
578.565430	37.140671
577.329102	110.369873
576.091797	159.606125
574.854492	72.392403
573.617188	54.583023
572.378906	161.147263
571.141602	176.771027
569.903320	-65.870636
568.664063	52.548260
567.425781	46.620903
566.186523	-40.567539
564.947266	-94.286469
563.708008	238.948334
562.467773	-32.147827
561.227539	86.025795
559.987305	251.878220
558.747070	35.809681
557.505859	-13.159873
556.264648	-64.502907
555.023438	-15.663924
553.781250	-14.544862
552.539063	48.549786
551.296875	21.041708
550.054688	-8.842729
548.811523	159.018936
547.569336	167.221008
546.325195	-31.771088
545.082031	76.457657
543.837891	67.998024
542.593750	47.642159
541.349609	-55.982262
540.105469	-62.027843
538.860352	-79.964966
537.615234	-90.757393
536.369141	-58.753460
535.124023	11.272855
533.877930	-16.159000
532.631836	-93.464043
531.384766	-206.363678
530.138672	-76.977699
528.891602	-21.245663
527.643555	-141.190430
526.396484	-275.312744
525.148438	-77.188889
523.900391	-132.968445
522.652344	-41.668507
521.403320	97.023613
520.154297	29.416250
518.905273	-12.079053
517.656250	55.459957
516.406250	-2.587692
515.156250	-25.068102
513.906250	49.567848
512.655273	-53.392662
511.404297	-19.000937
510.153320	-363.272400
508.902344	-238.890488
507.650391	-150.035873
506.398438	-165.269806
505.146484	-279.797333
503.893555	-53.836266
502.641602	-90.312225
501.388672	41.015759
500.134766	-97.035004
498.881836	-36.596336
497.627930	167.880264
496.374023	6.321393
495.119141	-6.445136
493.865234	-16.830725
492.610352	270.095856
491.355469	52.083187
490.099609	39.362282
488.843750	85.607384
487.587891	54.045448
486.332031	161.567413
485.075195	210.138443
483.818359	-40.511799
482.561523	-10.747441
481.304688	-72.832069
480.046875	74.656281
478.789063	118.513390
477.531250	-4.738408
476.272461	107.352936
475.013672	153.529266
473.754883	-89.598434
472.496094	-12.833307
471.236328	49.786163
469.976563	93.570839
468.716797	26.887262
467.456055	260.937897
466.196289	252.949326
464.935547	111.093643
463.673828	39.716515
462.413086	196.049164
461.151367	209.137390
459.889648	25.107813
458.626953	333.752045
457.364258	281.061737
456.101563	132.228729
454.838867	112.366570
453.575195	97.163849
452.312500	175.665726
451.047852	237.688217
449.784180	2.177860
448.519531	249.123322
447.254883	310.954071
445.990234	136.290710
444.725586	179.289902
443.459961	257.303070
442.194336	117.670464
440.927734	55.206093
439.662109	179.758377
438.395508	77.419815
437.127930	218.111694
435.861328	73.583778
434.593750	78.542023
433.326172	6.327097
432.058594	127.864807
430.790039	13.440151
429.521484	41.339848
428.252930	52.777340
426.984375	159.749115
425.714844	89.262856
424.445313	-2.313014
423.174805	223.110672
421.905273	98.627548
420.634766	272.363800
419.364258	89.359467
418.092773	148.545334
416.822266	170.274063
415.550781	203.454346
414.278320	220.132309
413.006836	187.737030
411.734375	143.513702
410.461914	45.589851
409.188477	-40.883423
407.916016	142.230423
406.642578	-0.485635
405.368164	-48.080723
404.094727	-28.501835
402.820313	-4.551522
401.545898	30.734388
400.270508	-27.182360
398.996094	-62.136707
397.720703	-127.561668
396.444336	-19.197506
395.168945	130.576584
393.892578	124.505150
392.616211	150.567886
391.339844	88.142433
390.062500	-104.466667
388.785156	340.085510
387.507813	40.134846
386.229492	55.015457
384.951172	157.502991
383.672852	18.655178
382.394531	71.614426
381.115234	269.929291
379.835938	132.090378
378.556641	204.402390
377.277344	111.930435
375.997070	153.127640
374.716797	38.845276
373.435547	243.111206
372.155273	95.401489
370.874023	60.406818
369.591797	274.353241
368.310547	275.100311
367.028320	69.666153
365.746094	-18.560196
364.463867	47.260624
363.180664	43.120914
361.897461	-194.762711
360.614258	-257.926941
359.330078	-206.491501
358.045898	67.845665
356.761719	53.112236
355.477539	-86.871475
354.192383	127.256348
352.907227	43.249706
351.622070	-36.966740
350.336914	86.937538
349.050781	-8.864360
347.764648	154.571991
346.477539	139.758301
345.191406	-20.947397
343.904297	100.350533
342.616211	-60.036686
341.329102	38.467999
340.041016	200.204590
338.752930	78.076668
337.463867	-120.977943
336.175781	97.070763
334.886719	1.443141
333.596680	56.187199
332.307617	-156.608490
331.017578	-53.835781
329.727539	-243.843262
328.436523	-77.192024
327.146484	28.440699
325.855469	-89.844620
324.563477	-49.020359
323.272461	-195.293274
321.980469	-221.541367
320.688477	-24.722065
319.395508	21.524141
318.103516	-231.522247
316.810547	-151.781586
315.516602	-217.993057
314.223633	48.380337
312.929688	-46.398289
311.635742	85.909393
310.340820	53.918865
309.045898	155.048538
307.750977	85.082901
306.456055	81.828369
305.160156	275.410095
303.865234	336.752014
302.568359	409.633759
301.272461	574.125549
299.975586	558.276184
298.678711	615.625793
