1999.980469	-101.125610
1999.016602	34.951023
1998.052734	-62.359867
1997.087891	-26.208672
1996.123047	178.022797
1995.158203	-34.369980
1994.193359	-78.628914
1993.228516	121.927666
1992.262695	7.644352
1991.297852	-54.951473
1990.332031	-1.515937
1989.366211	-10.271705
1988.399414	79.641205
1987.433594	114.809441
1986.466797	-238.583740
1985.500977	92.796059
1984.534180	-139.854782
1983.567383	-34.047531
1982.599609	259.297577
1981.632813	38.374531
1980.665039	-76.462959
1979.697266	218.524048
1978.729492	-12.789785
1977.761719	-54.108143
1976.792969	-78.319588
1975.825195	294.644318
1974.856445	28.194170
1973.887695	134.209610
1972.918945	59.957687
1971.949219	-2.088639
1970.980469	120.669159
1970.010742	119.976982
1969.041016	281.829681
1968.071289	-101.131599
1967.101563	-124.342010
1966.130859	157.809204
1965.161133	57.979736
1964.190430	91.060417
1963.219727	-31.081085
1962.249023	233.203217
1961.277344	357.014038
1960.306641	27.925264
1959.334961	55.617043
1958.363281	-49.605751
1957.391602	123.046707
1956.419922	64.435379
1955.447266	128.706528
1954.474609	124.073959
1953.501953	72.698013
1952.529297	139.231094
1951.556641	33.733681
1950.583984	252.443848
1949.610352	183.720642
1948.636719	65.884804
1947.663086	-150.128693
1946.689453	-69.118423
1945.715820	-29.878180
1944.741211	68.206215
1943.767578	-98.680557
1942.792969	21.418087
1941.818359	168.430664
1940.842773	124.155411
1939.868164	271.074524
1938.892578	258.640167
1937.916992	-40.466614
1936.941406	145.584396
1935.965820	128.274673
1934.990234	88.934212
1934.013672	56.957207
1933.037109	144.945129
1932.060547	88.506020
1931.083984	-107.382057
1930.107422	58.901440
1929.129883	205.564758
1928.153320	139.416000
1927.175781	-4.940388
1926.198242	-200.567673
1925.219727	-71.019600
1924.242188	107.373779
1923.263672	-114.993240
1922.285156	70.706314
1921.306641	-26.969267
1920.328125	-41.561382
1919.349609	-131.815613
1918.370117	-19.407177
1917.391602	-36.371998
1916.412109	-75.271088
1915.431641	37.128300
1914.452148	0.711800
1913.472656	0.913260
1912.492188	-79.329544
1911.511719	25.759575
1910.531250	-37.352642
1909.550781	-51.679989
1908.569336	14.426098
1907.588867	-75.380898
1906.607422	-18.996143
1905.625977	125.054329
1904.644531	-125.351929
1903.662109	99.035034
1902.680664	21.566492
1901.698242	-187.254333
1900.715820	-235.407928
1899.733398	-71.904663
1898.750000	-90.843353
1897.767578	-92.738388
1896.784180	-19.253555
1895.800781	209.777817
1894.817383	336.670319
1893.833984	257.004150
1892.850586	-75.262627
1891.866211	-106.222122
1890.881836	-78.878830
1889.897461	-46.681999
1888.913086	-7.205904
1887.927734	-96.367004
1886.943359	-209.753586
1885.958008	-63.503204
1884.972656	291.299347
1883.987305	185.189972
1883.001953	222.181168
1882.015625	164.612183
1881.029297	12.535806
1880.042969	25.302303
1879.056641	144.667221
1878.070313	-65.469398
1877.083984	17.526840
1876.096680	-90.815491
1875.109375	120.454712
1874.122070	-16.933477
1873.134766	-166.382843
1872.146484	18.131163
1871.159180	-44.203648
1870.170898	-89.599503
1869.182617	-137.413910
1868.194336	10.620193
1867.205078	-34.816551
1866.216797	38.172771
1865.227539	4.783891
1864.238281	2.791164
1863.249023	128.801453
1862.259766	76.012459
1861.269531	-150.646378
1860.279297	-10.282475
1859.290039	364.135559
1858.298828	-43.551239
1857.308594	16.982887
1856.318359	7.496410
1855.327148	60.685150
1854.335938	14.938941
1853.344727	-47.709614
1852.353516	248.807251
1851.362305	82.409836
1850.370117	31.694138
1849.377930	21.906635
1848.385742	-28.878069
1847.393555	-24.303141
1846.401367	-12.560574
1845.408203	11.160227
1844.415039	-30.176231
1843.421875	63.213657
1842.428711	221.472885
1841.435547	33.194633
1840.441406	32.529072
1839.448242	188.109711
1838.454102	88.708061
1837.459961	239.276413
1836.464844	46.030125
1835.470703	114.708710
1834.475586	41.539265
1833.480469	275.785858
1832.485352	-18.482613
1831.490234	-14.975649
1830.495117	-47.559914
1829.499023	87.803734
1828.502930	151.040939
1827.506836	-4.169063
1826.510742	10.916499
1825.513672	232.172409
1824.517578	-79.091629
1823.520508	153.908478
1822.523438	130.244431
1821.526367	161.619034
1820.529297	231.228241
1819.531250	39.581150
1818.533203	228.756744
1817.535156	369.867981
1816.537109	-47.058979
1815.539063	144.124985
1814.540039	301.623901
1813.541992	155.052399
1812.542969	247.684891
1811.543945	165.554245
1810.543945	236.411041
1809.544922	254.529922
1808.544922	124.304718
1807.544922	259.341034
1806.544922	219.757889
1805.544922	294.768127
1804.544922	140.298462
1803.543945	312.992401
1802.542969	127.300926
1801.541992	182.708389
1800.541016	343.011688
1799.539063	297.877441
1798.538086	255.031113
1797.536133	-2.643453
1796.534180	47.366016
1795.532227	123.466888
1794.529297	137.416107
1793.527344	196.537064
1792.524414	193.533859
1791.521484	240.450699
1790.518555	87.083733
1789.514648	-13.951230
1788.511719	23.069956
1787.507813	86.135414
1786.503906	-22.370068
1785.500000	30.899563
1784.496094	205.392929
1783.491211	13.245738
1782.486328	-52.873432
1781.481445	290.010468
1780.476563	4.811975
1779.471680	140.431961
1778.465820	78.550560
1777.460938	16.564816
1776.455078	168.326569
1775.449219	205.854065
1774.442383	-13.320468
1773.436523	-130.418961
1772.429688	44.445614
1771.422852	67.166130
1770.416016	175.189575
1769.409180	-87.177666
1768.402344	37.164768
1767.394531	61.678055
1766.386719	-108.444359
1765.378906	-29.651854
1764.371094	98.759544
1763.362305	336.013245
1762.354492	129.856323
1761.345703	-26.610079
1760.336914	231.430511
1759.328125	-8.181111
1758.318359	190.262329
1757.308594	113.831642
1756.299805	75.175354
1755.290039	-55.924160
1754.279297	70.810135
1753.269531	57.775311
1752.258789	-80.777260
1751.249023	140.077408
1750.238281	-55.469379
1749.226563	4.231624
1748.215820	-125.313667
1747.204102	-18.639257
1746.193359	-70.440811
1745.181641	144.568481
1744.168945	28.681499
1743.157227	-35.337555
1742.144531	-92.400848
1741.132813	183.263199
1740.120117	140.061279
1739.106445	23.577446
1738.093750	13.173949
1737.080078	-16.245163
1736.067383	-33.987000
1735.053711	-14.147000
1734.040039	62.126518
1733.025391	145.292038
1732.011719	-78.038460
1730.997070	176.840393
1729.982422	-86.738655
1728.967773	139.514114
1727.952148	-164.268524
1726.937500	-178.484009
1725.921875	-141.057953
1724.906250	-14.352227
1723.890625	-45.467621
1722.875000	17.394482
1721.858398	200.039108
1720.841797	-66.654785
1719.825195	-100.619972
1718.808594	34.544796
1717.791992	-173.593216
1716.774414	36.458054
1715.756836	27.820415
1714.739258	-178.238602
1713.721680	-170.639938
1712.704102	-92.730278
1711.685547	27.267115
1710.667969	-160.346832
1709.649414	-174.377121
1708.630859	-40.716633
1707.611328	41.155148
1706.592773	-15.474566
1705.573242	-175.384201
1704.553711	32.710583
1703.534180	8.568738
1702.513672	-50.845314
1701.494141	51.333900
1700.473633	-29.371231
1699.453125	-82.049774
1698.432617	-162.915375
1697.412109	142.434540
1696.390625	19.192438
1695.369141	52.691578
1694.347656	163.286743
1693.326172	70.211617
1692.304688	110.388390
1691.282227	569.020874
1690.260742	164.662308
1689.238281	169.420120
1688.214844	232.489716
1687.192383	260.407379
1686.168945	96.632545
1685.146484	222.481140
1684.123047	324.819580
1683.099609	270.590729
1682.075195	6.178428
1681.051758	257.607300
1680.027344	581.175781
1679.002930	73.956978
1677.978516	371.609619
1676.953125	349.537750
1675.928711	499.960114
1674.903320	438.080750
1673.877930	651.187073
1672.852539	549.531555
1671.826172	582.959473
1670.800781	749.101257
1669.774414	738.081421
1668.748047	580.294067
1667.721680	815.954712
1666.694336	890.828247
1665.667969	993.553589
1664.640625	956.548645
1663.613281	689.187317
1662.585938	896.351257
1661.557617	1001.037476
1660.530273	968.469543
1659.501953	1430.967041
1658.473633	1365.661255
1657.444336	1316.574585
1656.416016	1304.646606
1655.386719	1229.938965
1654.358398	1087.885742
1653.328125	1189.596191
1652.298828	1177.493652
1651.269531	1429.942139
1650.239258	1433.937622
1649.208984	1410.050903
1648.178711	1574.024170
1647.148438	1726.300293
1646.117188	1864.552856
1645.086914	1787.139404
1644.055664	1816.324707
1643.024414	1551.163818
1641.992188	1985.765259
1640.960938	1722.937988
1639.928711	1731.142456
1638.896484	2010.239746
1637.864258	2046.122314
1636.832031	1926.889526
1635.798828	2096.941406
1634.766602	2047.123901
1633.733398	2156.912842
1632.699219	2014.522949
1631.666016	1978.567749
1630.632813	2055.906250
1629.598633	2207.155029
1628.564453	2298.253906
1627.530273	2266.848877
1626.495117	2274.708984
1625.460938	2465.053711
1624.425781	2424.379883
1623.390625	2473.768311
1622.355469	2864.782471
1621.319336	2992.530029
1620.284180	2942.579346
1619.248047	2957.236328
1618.211914	3068.774658
1617.174805	3205.633301
1616.138672	3370.142822
1615.101563	3149.610596
1614.065430	3307.189697
1613.027344	3612.166504
1611.990234	3449.377197
1610.953125	3323.531982
1609.915039	3338.224854
1608.876953	3548.656738
1607.838867	3678.463867
1606.800781	3769.122803
1605.761719	3631.942139
1604.723633	3920.509033
1603.684570	3850.134521
1602.644531	3963.794678
1601.605469	3870.522217
1600.566406	3912.969238
1599.526367	3948.528564
1598.486328	3860.023926
1597.446289	3829.041016
1596.405273	3825.667969
1595.365234	3939.497070
1594.324219	3706.580322
1593.283203	3724.051270
1592.242188	3984.882568
1591.200195	3557.174316
1590.159180	3375.219238
1589.117188	3422.781006
1588.075195	3351.121582
1587.032227	3238.259766
1585.990234	3579.476074
1584.947266	3425.487305
1583.904297	3060.784180
1582.861328	3062.909424
1581.818359	2994.089111
1580.775391	2749.004639
1579.731445	2737.655273
1578.687500	2920.998047
1577.643555	2536.655762
1576.598633	2802.500977
1575.554688	2416.205078
1574.509766	2393.881348
1573.464844	2483.728516
1572.419922	2278.624512
1571.374023	2544.671631
1570.329102	2470.116211
1569.283203	2356.810547
1568.237305	2319.050537
1567.191406	2107.769287
1566.144531	2102.226807
1565.098633	1978.047974
1564.051758	1853.999878
1563.004883	1844.244995
1561.957031	1706.766724
1560.910156	1706.378174
1559.862305	1829.278931
1558.814453	1683.078369
1557.766602	1614.582520
1556.718750	1359.255615
1555.669922	1302.454590
1554.621094	1448.641968
1553.573242	1287.265747
1552.523438	1315.140991
1551.474609	1272.521729
1550.424805	1134.371216
1549.375000	1158.061523
1548.325195	906.402344
1547.275391	912.164490
1546.225586	1056.860962
1545.174805	1044.623169
1544.124023	777.746155
1543.073242	1027.367798
1542.022461	979.147705
1540.970703	1103.838501
1539.919922	1033.155029
1538.868164	889.896851
1537.815430	960.389709
1536.763672	769.767273
1535.710938	906.392578
1534.659180	813.773621
1533.606445	823.477051
1532.552734	894.590332
1531.500000	718.470215
1530.446289	492.631378
1529.393555	514.301208
1528.338867	515.672058
1527.285156	567.086792
1526.231445	573.285889
1525.176758	600.018311
1524.122070	713.006104
1523.067383	710.546997
1522.012695	495.296234
1520.957031	336.893951
1519.901367	527.432556
1518.845703	489.385559
1517.790039	578.267578
1516.734375	373.069580
1515.677734	704.346436
1514.621094	569.637085
1513.564453	629.651245
1512.507813	676.233521
1511.450195	625.732178
1510.393555	735.910034
1509.335938	450.705322
1508.278320	407.544617
1507.219727	640.161560
1506.162109	755.413391
1505.103516	437.208191
1504.044922	521.169128
1502.986328	799.390686
1501.926758	624.038818
1500.868164	694.881104
1499.808594	592.147583
1498.749023	500.903931
1497.688477	281.322571
1496.628906	165.720535
1495.568359	359.143524
1494.507813	279.968964
1493.447266	119.880943
1492.386719	-73.758736
1491.325195	115.744774
1490.263672	68.897079
1489.202148	-200.647095
1488.140625	0.552136
1487.079102	-86.223602
1486.016602	-87.286522
1484.954102	67.053627
1483.891602	-30.400070
1482.829102	187.192551
1481.765625	-51.530880
1480.702148	215.798828
1479.638672	44.957336
1478.575195	352.941010
1477.511719	254.414185
1476.447266	79.747627
1475.382813	114.168999
1474.318359	144.285934
1473.253906	223.885712
1472.189453	86.034904
1471.124023	495.610962
1470.058594	461.469482
1468.993164	328.626190
1467.927734	601.893738
1466.861328	292.142395
1465.794922	549.906616
1464.728516	693.481445
1463.662109	461.005585
1462.594727	531.074524
1461.528320	564.997498
1460.460938	604.385498
1459.393555	934.031738
1458.326172	568.582703
1457.257813	893.423645
1456.189453	870.368652
1455.121094	835.029053
1454.052734	859.250427
1452.984375	992.647827
1451.915039	1003.919861
1450.845703	1139.856323
1449.776367	1196.076172
1448.707031	1323.805664
1447.636719	1097.504028
1446.567383	1056.317139
1445.497070	1224.409424
1444.425781	1502.864990
1443.355469	1395.631836
1442.285156	1101.169067
1441.213867	1315.030273
1440.142578	1421.042480
1439.070313	1387.078003
1437.999023	1370.223389
1436.926758	1407.838989
1435.854492	1267.665161
1434.782227	1220.285278
1433.709961	1113.001953
1432.636719	1048.944092
1431.563477	1223.521118
1430.490234	994.957458
1429.416992	896.125427
1428.343750	820.497375
1427.269531	582.343750
1426.195313	461.528137
1425.121094	563.411377
1424.046875	676.700012
1422.971680	495.709961
1421.896484	352.343292
1420.821289	305.316162
1419.746094	190.762772
1418.669922	544.607178
1417.594727	301.632446
1416.518555	445.423706
1415.442383	307.801819
1414.365234	263.150360
1413.289063	504.210083
1412.211914	579.213806
1411.134766	751.526611
1410.057617	596.518860
1408.979492	669.572998
1407.902344	520.549072
1406.824219	608.105408
1405.746094	883.440125
1404.666992	942.869751
1403.588867	1046.932861
1402.509766	1191.208862
1401.430664	927.025879
1400.351563	939.371643
1399.271484	1231.569092
1398.192383	1576.936523
1397.112305	1402.291016
1396.031250	1384.948486
1394.951172	1415.495850
1393.871094	1148.354126
1392.790039	1130.241821
1391.708984	1049.725830
1390.626953	1152.025146
1389.545898	1121.275635
1388.463867	1239.460938
1387.381836	973.448120
1386.299805	966.367188
1385.217773	881.818787
1384.134766	1108.963623
1383.051758	952.862000
1381.968750	884.176819
1380.885742	1376.610229
1379.802734	1067.227539
1378.718750	1223.455933
1377.634766	1184.114502
1376.550781	1340.639771
1375.465820	1253.633057
1374.381836	1668.906006
1373.296875	1510.123535
1372.211914	1254.143188
1371.126953	1645.244873
1370.041016	1277.177246
1368.955078	1585.957397
1367.869141	1197.798950
1366.783203	1223.691162
1365.697266	1215.560425
1364.610352	1149.407837
1363.523438	1400.695190
1362.436523	1067.036499
1361.349609	962.786133
1360.261719	859.254028
1359.174805	943.121460
1358.086914	1041.138550
1356.998047	735.367065
1355.910156	909.387817
1354.821289	1147.562988
1353.732422	853.417725
1352.643555	902.997681
1351.554688	966.539917
1350.464844	1296.949097
1349.375000	937.159973
1348.285156	883.071777
1347.195313	816.411743
1346.105469	869.860168
1345.014648	981.980469
1343.923828	860.331909
1342.833008	1032.229614
1341.741211	783.598572
1340.650391	759.793945
1339.558594	755.807800
1338.466797	938.167542
1337.374023	646.025146
1336.282227	641.533813
1335.189453	625.594543
1334.096680	949.380798
1333.003906	901.541687
1331.910156	732.321350
1330.817383	747.768555
1329.723633	913.787109
1328.629883	790.167297
1327.535156	559.303955
1326.441406	742.635803
1325.346680	611.879761
1324.251953	664.284790
1323.156250	744.365173
1322.061523	460.375275
1320.965820	636.316040
1319.870117	540.478821
1318.774414	490.544037
1317.678711	716.953552
1316.582031	696.689026
1315.485352	910.477112
1314.388672	903.865356
1313.291016	778.376465
1312.194336	796.140503
1311.096680	804.112671
1309.999023	941.464661
1308.901367	834.044739
1307.802734	920.393494
1306.705078	933.085754
1305.606445	741.538147
1304.506836	1020.995667
1303.408203	1053.772827
1302.308594	966.175415
1301.208984	869.907837
1300.109375	1056.281250
1299.009766	1047.073608
1297.909180	1089.829834
1296.808594	1271.334229
1295.708008	1085.198730
1294.607422	1093.703125
1293.506836	1074.855957
1292.405273	1139.677002
1291.303711	866.391724
1290.202148	890.535828
1289.099609	856.383301
1287.998047	841.046082
1286.895508	946.077576
1285.792969	818.833801
1284.689453	861.465759
1283.586914	688.407532
1282.483398	665.661865
1281.379883	1003.973328
1280.276367	866.049561
1279.171875	795.102417
1278.067383	769.850952
1276.962891	714.934448
1275.858398	730.291016
1274.753906	872.434875
1273.648438	477.652222
1272.542969	460.181580
1271.437500	391.505005
1270.331055	328.989777
1269.225586	431.554535
1268.119141	303.628571
1267.012695	370.677917
1265.906250	163.848648
1264.798828	112.514053
1263.691406	115.720123
1262.583984	138.537811
1261.476563	34.297836
1260.368164	33.018066
1259.260742	88.684265
1258.152344	209.248520
1257.043945	210.164001
1255.934570	-14.193939
1254.825195	17.062422
1253.716797	48.478031
1252.606445	113.599487
1251.497070	109.281952
1250.387695	212.675232
1249.277344	298.122467
1248.166992	46.153999
1247.055664	-11.529597
1245.945313	21.126757
1244.833984	162.708099
1243.722656	96.193024
1242.611328	154.857666
1241.499023	27.096943
1240.387695	-143.341583
1239.275391	-5.102420
1238.162109	-10.560791
1237.049805	40.157879
1235.936523	-70.349731
1234.823242	-165.243576
1233.709961	2.000570
1232.596680	-76.985619
1231.482422	12.563810
1230.369141	-58.494888
1229.253906	-57.597916
1228.139648	-69.459755
1227.025391	-193.891571
1225.910156	-144.563019
1224.794922	-81.663139
1223.679688	16.803097
1222.563477	-71.222694
1221.447266	-121.335701
1220.331055	-181.118027
1219.214844	-189.263138
1218.098633	-128.595276
1216.981445	-132.482498
1215.864258	-101.958305
1214.747070	-280.805939
1213.629883	-31.375002
1212.511719	-70.517059
1211.393555	-114.910942
1210.275391	-102.181656
1209.157227	43.892490
1208.038086	68.650291
1206.918945	15.598630
1205.799805	-84.460709
1204.680664	74.142250
1203.560547	133.048920
1202.441406	104.886765
1201.321289	21.393612
1200.200195	149.626068
1199.080078	6.081002
1197.958984	110.050720
1196.837891	123.142151
1195.716797	166.156189
1194.594727	176.118759
1193.473633	284.172760
1192.351563	307.866882
1191.229492	215.573975
1190.106445	204.323715
1188.984375	330.081665
1187.861328	359.654999
1186.738281	585.168762
1185.614258	597.533203
1184.491211	569.495789
1183.367188	429.664917
1182.243164	185.376846
1181.119141	383.644562
1179.994141	66.154526
1178.869141	273.090820
1177.744141	71.349243
1176.619141	331.679138
1175.493164	60.523628
1174.368164	231.479752
1173.242188	15.309442
1172.115234	161.663269
1170.989258	-19.032282
1169.862305	-14.424765
1168.735352	52.925373
1167.608398	65.878876
1166.481445	64.713486
1165.353516	208.684448
1164.225586	328.369263
1163.097656	319.031097
1161.968750	167.612473
1160.840820	224.563583
1159.711914	131.539581
1158.583008	198.774582
1157.453125	-15.704087
1156.324219	104.109962
1155.194336	91.480766
1154.064453	-26.167753
1152.933594	110.177811
1151.803711	34.068371
1150.672852	177.892471
1149.541992	76.538216
1148.411133	33.840168
1147.279297	-51.008850
1146.147461	56.492771
1145.015625	56.698193
1143.883789	-126.144882
1142.750977	23.937380
1141.619141	-10.235193
1140.486328	-12.500772
1139.352539	-139.486816
1138.219727	-137.197281
1137.085938	-41.857433
1135.952148	-49.765724
1134.818359	42.852993
1133.683594	-20.266211
1132.549805	276.313934
1131.415039	426.717072
1130.279297	446.677185
1129.144531	543.025513
1128.008789	427.397095
1126.873047	475.702118
1125.737305	402.523468
1124.601563	468.553314
1123.464844	409.057465
1122.328125	407.389862
1121.191406	560.566956
1120.054688	398.050568
1118.916992	403.211670
1117.779297	371.323486
1116.641602	460.287292
1115.503906	364.484894
1114.365234	272.863159
1113.226563	117.532555
1112.087891	36.381737
1110.949219	499.952667
1109.809570	309.744720
1108.669922	272.161682
1107.530273	196.075607
1106.390625	251.550980
1105.250000	339.751984
1104.109375	336.028015
1102.968750	298.627197
1101.828125	283.179443
1100.686523	346.563507
1099.544922	373.415314
1098.403320	325.412659
1097.261719	442.883789
1096.120117	312.699890
1094.977539	364.052856
1093.834961	377.099518
1092.691406	290.200623
1091.548828	267.314758
1090.405273	459.860413
1089.261719	463.427368
1088.118164	496.258972
1086.973633	242.823059
1085.829102	275.907898
1084.684570	366.082031
1083.540039	476.986298
1082.395508	547.353333
1081.250000	579.929016
1080.104492	297.274384
1078.958984	226.401489
1077.812500	414.282501
1076.666016	446.642853
1075.519531	405.325623
1074.373047	448.237305
1073.226563	283.687744
1072.079102	265.348114
1070.931641	319.084808
1069.784180	403.350311
1068.635742	353.330200
1067.487305	375.306213
1066.338867	403.688843
1065.190430	511.135651
1064.041992	350.715332
1062.892578	651.951050
1061.743164	544.170837
1060.593750	689.218811
1059.443359	445.384552
1058.292969	480.323425
1057.142578	312.060272
1055.992188	306.057373
1054.841797	394.810272
1053.690430	425.749847
1052.539063	382.882446
1051.387695	539.585449
1050.235352	319.585419
1049.083984	394.127716
1047.931641	201.684555
1046.778320	197.181976
1045.625977	390.268036
1044.472656	354.368683
1043.319336	164.031921
1042.166016	380.526703
1041.012695	216.152390
1039.858398	340.670166
1038.704102	120.686882
1037.549805	361.371948
1036.394531	378.637787
1035.239258	228.001572
1034.083984	185.535095
1032.928711	71.768158
1031.773438	66.010857
1030.617188	221.680237
1029.460938	208.864075
1028.304688	250.783615
1027.147461	155.016876
1025.991211	99.199379
1024.833984	352.025665
1023.675781	360.379883
1022.518555	191.207504
1021.360352	378.981995
1020.202148	354.599304
1019.043945	259.408569
1017.884766	165.047943
1016.726563	134.116776
1015.567383	134.921051
1014.407227	98.345940
1013.248047	54.218632
1012.087891	260.284271
1010.927734	435.547546
1009.767578	-3.314165
1008.606445	189.784149
1007.446289	247.124313
1006.285156	327.023193
1005.123047	418.303528
1003.961914	161.137070
1002.799805	316.041595
1001.637695	307.877716
1000.475586	341.133301
999.312500	296.444794
998.149414	213.133896
996.986328	409.996094
995.823242	244.181396
994.659180	245.064331
993.496094	123.193451
992.332031	-33.983597
991.166992	92.098091
990.002930	232.200241
988.837891	39.507530
987.672852	33.074467
986.506836	-60.068466
985.341797	54.536091
984.175781	-179.419708
983.009766	143.680359
981.843750	199.830978
980.676758	-89.508842
979.509766	-186.849747
978.342773	-94.024162
977.175781	-86.363564
976.007813	3.621174
974.839844	-149.162491
973.671875	-84.144646
972.503906	167.215317
971.334961	88.130943
970.166016	177.360443
968.997070	140.186600
967.828125	24.636330
966.658203	7.877163
965.488281	-162.964417
964.318359	0.583794
963.148438	-136.643661
961.977539	-51.951061
960.806641	89.515709
959.635742	-121.349258
958.463867	-233.813248
957.292969	-63.307915
956.121094	48.937279
954.948242	-16.326263
953.776367	118.476799
952.603516	15.084590
951.430664	49.241096
950.257813	-136.827591
949.084961	180.368271
947.911133	98.171463
946.737305	-87.060638
945.563477	60.174377
944.388672	-9.551287
943.213867	-108.705414
942.039063	103.597221
940.864258	88.764305
939.688477	-4.804936
938.513672	155.152924
937.337891	-82.406929
936.161133	215.038345
934.985352	141.254227
933.808594	187.450653
932.631836	220.639481
931.454102	284.169952
930.277344	295.250061
929.099609	212.686264
927.921875	304.486542
926.743164	250.206085
925.565430	195.861633
924.386719	224.431320
923.208008	133.022781
922.028320	93.963593
920.849609	37.461033
919.669922	42.187370
919.474609	77.637947
918.309570	62.468323
917.143555	90.856873
915.977539	12.496288
914.810547	80.045006
913.644531	156.252457
912.477539	267.240845
911.310547	162.725388
910.143555	-9.211635
908.975586	375.779510
907.807617	-135.434616
906.639648	40.650181
905.471680	-96.402405
904.303711	27.406885
903.134766	-161.768616
901.965820	-44.542763
900.796875	-94.637993
899.626953	63.762032
898.457031	-207.834442
897.287109	-62.530750
896.117188	130.447708
894.947266	-26.032700
893.776367	73.544479
892.605469	1.709957
891.434570	207.474625
890.262695	118.270889
889.091797	111.460899
887.919922	-53.570210
886.748047	19.806938
885.575195	210.132080
884.403320	-26.337059
883.230469	-56.992809
882.057617	-55.173561
880.883789	165.264832
879.710938	-179.262604
878.537109	71.378029
877.362305	-26.389448
876.188477	178.669388
875.013672	89.542809
873.839844	-10.373605
872.664063	157.776962
871.489258	-0.485335
870.313477	18.481943
869.138672	17.981657
867.962891	30.431587
866.786133	12.635379
865.610352	53.119564
864.433594	-120.110283
863.256836	23.946377
862.079102	275.812256
860.902344	141.430008
859.724609	177.472015
858.546875	-51.733997
857.368164	-168.754257
856.190430	26.783602
855.011719	26.131954
853.833008	31.930044
852.654297	-31.217772
851.474609	0.406352
850.294922	87.984634
849.115234	164.748367
847.935547	-98.592667
846.754883	-17.546286
845.575195	-54.877670
844.393555	-128.770157
843.212891	21.002174
842.032227	13.741010
840.850586	-176.247131
839.668945	-41.649105
838.486328	9.078851
837.304688	-30.462088
836.122070	54.573658
834.939453	249.074432
833.756836	-88.969788
832.573242	-89.886436
831.389648	-161.642609
830.206055	-126.105782
829.022461	-92.747917
827.838867	-68.001945
826.654297	-277.013763
825.469727	-27.171316
824.284180	-28.230925
823.099609	-29.313766
821.914063	14.579552
820.728516	139.832611
819.542969	172.920639
818.356445	92.490532
817.169922	-24.322149
815.983398	-44.795109
814.796875	37.432606
813.609375	136.719696
812.422852	15.622022
811.235352	44.250877
810.046875	-81.099266
808.859375	67.198837
807.670898	16.647951
806.482422	-21.087912
805.293945	5.255480
804.104492	202.437012
802.915039	23.665644
801.725586	214.301315
800.536133	195.638535
799.345703	213.237778
798.155273	17.430208
796.964844	15.799353
795.774414	127.179726
794.583008	12.452035
793.392578	53.369095
792.200195	75.059219
791.008789	66.870705
789.816406	141.748886
788.625000	124.963371
787.432617	93.244530
786.239258	52.989265
785.046875	63.805237
783.853516	-131.871307
782.660156	19.356493
781.465820	64.109253
780.272461	170.490952
779.078125	342.718842
777.883789	274.576599
776.688477	325.467957
775.494141	561.200195
774.298828	558.810730
773.103516	736.959229
771.907227	594.270996
770.711914	358.163940
769.515625	217.653687
768.318359	64.426140
767.122070	44.918011
765.924805	260.894653
764.727539	111.866707
763.530273	100.714516
762.333008	117.088974
761.134766	194.892349
759.936523	111.529922
758.738281	81.135010
757.540039	133.334091
756.340820	-113.209007
755.141602	-116.147415
753.942383	-81.020676
752.742188	199.607407
751.541992	73.702957
750.341797	-31.039171
749.141602	24.999701
747.941406	38.659946
746.740234	9.969368
745.539063	-168.875229
744.337891	58.160892
743.135742	158.246033
741.933594	78.634758
740.731445	15.902828
739.529297	-70.090805
738.326172	-162.436752
737.124023	80.879906
735.919922	205.838989
734.716797	75.340767
733.513672	-55.159512
732.309570	153.957306
731.105469	-126.357475
729.900391	74.138260
728.696289	312.437683
727.491211	120.614204
726.286133	-18.506609
725.080078	-193.444519
723.874023	-115.607285
722.668945	-132.628006
721.461914	-57.060692
720.255859	-107.888069
719.048828	-36.688671
717.841797	26.002110
716.634766	-31.305235
715.427734	195.289429
714.219727	13.779680
713.011719	-153.000504
711.803711	8.130331
710.594727	-135.588303
709.385742	8.536201
708.176758	-181.463150
706.967773	109.495514
705.758789	-21.779364
704.548828	258.398834
703.338867	59.855808
702.127930	4.022250
700.917969	90.811806
699.707031	-76.303726
698.496094	18.724291
697.285156	98.970009
696.073242	-64.045258
694.861328	120.842560
693.649414	-73.669296
692.436523	171.762650
691.224609	186.637939
690.011719	452.721619
688.798828	302.006226
687.584961	463.165161
686.372070	276.804901
685.158203	220.175461
683.943359	232.533676
682.729492	514.610413
681.514648	441.043091
680.299805	474.056213
679.084961	427.569885
677.869141	399.842194
676.653320	392.953217
675.437500	532.214783
674.221680	569.027527
673.004883	288.404236
671.789063	289.639404
670.571289	416.024811
669.354492	383.718536
668.136719	466.096405
666.919922	229.274612
665.701172	234.371597
664.483398	256.084167
663.264648	475.736145
662.045898	380.565613
660.827148	487.470581
659.608398	375.553070
658.388672	240.712326
657.168945	366.136963
655.949219	308.260162
654.728516	412.685211
653.507813	739.656555
652.287109	540.096680
651.066406	442.480927
649.844727	336.530518
648.623047	407.290100
647.401367	253.473190
646.179688	180.717285
644.957031	330.254364
643.734375	309.336273
642.511719	311.221619
641.289063	244.533249
640.065430	123.843964
638.841797	154.670471
637.618164	229.013641
636.393555	292.900299
635.168945	360.862000
633.944336	240.034454
632.719727	479.975250
631.494141	352.862518
630.269531	101.416145
629.042969	252.000580
627.817383	83.459511
626.590820	117.918655
625.365234	46.721294
624.137695	226.011856
622.911133	326.539734
621.683594	199.352402
620.456055	161.150009
619.228516	211.876129
618.000977	155.008545
616.772461	459.966522
615.543945	351.326355
614.314453	296.435089
613.085938	216.748001
611.856445	168.052582
610.626953	104.896011
609.397461	74.782570
608.166992	100.399117
606.936523	181.715790
605.706055	192.813095
604.474609	26.444309
603.244141	35.473331
602.012695	34.167049
600.780273	-14.580521
599.548828	66.558495
598.316406	174.442764
597.083984	214.271210
595.851563	252.014084
594.618164	-126.335999
593.384766	-105.024414
592.151367	-59.019321
590.917969	-206.526184
589.683594	80.260193
588.449219	-19.891865
587.214844	36.342503
585.979492	-26.733427
584.745117	6.871465
583.509766	-142.499588
582.273438	88.440254
581.038086	78.872513
579.801758	128.897354
578.565430	63.889565
577.329102	15.355730
576.091797	67.462563
574.854492	-26.176863
573.617188	-70.499336
572.378906	-53.226727
571.141602	-23.624998
569.903320	40.854561
568.664063	80.725456
567.425781	219.018448
566.186523	123.619324
564.947266	235.266953
563.708008	133.829269
562.467773	325.382446
561.227539	348.963104
559.987305	292.724304
558.747070	191.517365
557.505859	260.261322
556.264648	392.454559
555.023438	446.900543
553.781250	43.224419
552.539063	226.644196
551.296875	-99.020164
550.054688	139.646988
548.811523	36.993649
547.569336	99.936005
546.325195	-98.556282
545.082031	-121.268173
543.837891	-156.162323
542.593750	-7.255640
541.349609	-58.356255
540.105469	53.869282
538.860352	-141.933929
537.615234	105.010834
536.369141	11.378000
535.124023	36.105885
533.877930	69.047920
532.631836	-83.394554
531.384766	88.252815
530.138672	-35.456081
528.891602	-195.693863
527.643555	-11.682886
526.396484	84.799141
525.148438	-9.993380
523.900391	-171.810242
522.652344	132.395340
521.403320	62.310722
520.154297	-192.704849
518.905273	-49.047173
517.656250	45.852741
516.406250	-251.411407
515.156250	-75.064926
513.906250	-211.525330
512.655273	-209.740921
511.404297	-213.957916
510.153320	66.115898
508.902344	-96.284958
507.650391	-67.788483
506.398438	45.990349
505.146484	44.200832
503.893555	32.362396
502.641602	-86.831978
501.388672	-106.566025
500.134766	-20.823402
498.881836	77.127213
497.627930	69.790695
496.374023	198.233353
495.119141	-5.354704
493.865234	-58.967739
492.610352	-5.208193
491.355469	204.419205
490.099609	108.561386
488.843750	188.791382
487.587891	81.006004
486.332031	141.146896
485.075195	59.848011
483.818359	114.055611
482.561523	275.392548
481.304688	54.955154
480.046875	161.844818
478.789063	76.939606
477.531250	165.736725
476.272461	-3.776979
475.013672	339.357910
473.754883	222.439896
472.496094	47.130596
471.236328	311.539337
469.976563	293.627625
468.716797	281.809448
467.456055	336.531555
466.196289	308.655396
464.935547	115.642677
463.673828	365.788544
462.413086	438.658752
461.151367	483.325836
459.889648	473.639160
458.626953	536.394592
457.364258	261.150024
456.101563	289.712799
454.838867	362.483856
453.575195	409.063782
452.312500	485.740234
451.047852	411.630280
449.784180	441.978485
448.519531	663.083130
447.254883	566.728760
445.990234	602.861328
444.725586	556.597351
443.459961	612.619995
442.194336	682.566162
440.927734	441.438568
439.662109	527.215393
438.395508	887.540344
437.127930	734.355957
435.861328	769.497620
434.593750	620.108337
433.326172	811.202332
432.058594	659.516235
430.790039	816.099731
429.521484	702.120789
428.252930	587.971985
426.984375	853.886536
425.714844	721.269348
424.445313	710.477051
423.174805	715.413391
421.905273	730.059631
420.634766	838.353821
419.364258	774.393860
418.092773	806.040833
416.822266	905.250854
415.550781	748.381165
414.278320	736.967346
413.006836	832.970886
411.734375	930.502563
410.461914	1115.359131
409.188477	762.956909
407.916016	1112.396729
406.642578	1110.172363
405.368164	1039.628418
404.094727	1128.056885
402.820313	833.209290
401.545898	832.810181
400.270508	1034.995850
398.996094	921.769653
397.720703	700.394897
396.444336	1002.027466
395.168945	765.405334
393.892578	918.186462
392.616211	632.429504
391.339844	879.103088
390.062500	856.362610
388.785156	808.926880
387.507813	953.459717
386.229492	910.191895
384.951172	856.072449
383.672852	950.003540
382.394531	776.751770
381.115234	874.569519
379.835938	721.134460
378.556641	872.333252
377.277344	883.423767
375.997070	837.768311
374.716797	1011.100586
373.435547	697.227600
372.155273	913.590637
370.874023	694.403015
369.591797	822.724548
368.310547	699.959106
367.028320	520.310364
365.746094	717.535583
364.463867	685.435486
363.180664	453.779449
361.897461	568.951294
360.614258	605.235596
359.330078	428.073822
358.045898	700.199402
356.761719	584.783630
355.477539	665.269409
354.192383	755.631042
352.907227	332.153076
351.622070	479.823395
350.336914	568.078003
349.050781	626.477600
347.764648	408.217987
346.477539	387.148224
345.191406	298.713684
343.904297	142.796982
342.616211	315.903442
341.329102	303.085236
340.041016	323.170776
338.752930	249.955658
337.463867	120.821815
336.175781	164.458221
334.886719	142.161057
333.596680	138.597458
332.307617	-21.444881
331.017578	142.332199
329.727539	141.535660
328.436523	139.465622
327.146484	222.780365
325.855469	98.074554
324.563477	-47.757526
323.272461	-133.991119
321.980469	196.868088
320.688477	-128.590012
319.395508	-84.368523
318.103516	-124.428032
316.810547	-74.184616
315.516602	-326.544250
314.223633	-70.338356
312.929688	-167.916443
311.635742	-326.625580
310.340820	-132.650253
309.045898	-56.992764
307.750977	-27.107460
306.456055	-137.179764
305.160156	102.727249
303.865234	282.924500
302.568359	444.088226
301.272461	517.964355
299.975586	725.544373
298.678711	729.961426
