1999.946289	33.167347
1998.981445	-123.187302
1998.017578	68.197914
1997.052734	-8.363034
1996.088867	236.967377
1995.124023	-60.525425
1994.159180	-90.638504
1993.193359	148.960342
1992.228516	158.014252
1991.262695	85.177513
1990.296875	232.439636
1989.331055	132.016815
1988.365234	9.183762
1987.398438	12.368491
1986.432617	-95.902031
1985.465820	240.768723
1984.499023	55.534740
1983.532227	137.158463
1982.565430	87.629753
1981.597656	139.275436
1980.629883	84.541740
1979.662109	93.912346
1978.694336	-170.950439
1977.726563	136.956375
1976.758789	126.198227
1975.790039	-30.285131
1974.821289	-90.584396
1973.852539	39.003242
1972.883789	119.110207
1971.915039	137.438141
1970.945313	214.840927
1969.975586	92.442734
1969.005859	149.938110
1968.036133	172.833054
1967.066406	146.367828
1966.096680	77.963264
1965.125977	-121.026764
1964.155273	17.359793
1963.184570	-19.171324
1962.213867	27.949812
1961.242188	55.306019
1960.271484	28.472294
1959.299805	82.784477
1958.328125	-76.967415
1957.356445	178.925797
1956.384766	56.021851
1955.412109	164.213409
1954.439453	245.296219
1953.467773	80.576805
1952.495117	235.302109
1951.521484	117.260849
1950.548828	-8.119485
1949.575195	55.608860
1948.601563	33.366364
1947.627930	-3.609223
1946.654297	30.591667
1945.680664	216.909775
1944.706055	155.355026
1943.732422	137.977600
1942.757813	245.673904
1941.783203	-58.606659
1940.807617	-58.786076
1939.833008	-63.857368
1938.857422	-56.674347
1937.881836	-10.282987
1936.906250	-69.238213
1935.930664	62.882542
1934.955078	-8.285327
1933.978516	30.757774
1933.001953	-81.968063
1932.025391	57.451694
1931.048828	169.920776
1930.072266	233.437622
1929.094727	81.691086
1928.118164	-79.753304
1927.140625	35.184010
1926.163086	52.314602
1925.184570	115.900528
1924.207031	23.091843
1923.228516	-35.453732
1922.250000	8.653212
1921.271484	-0.960434
1920.292969	-32.517437
1919.314453	-61.589233
1918.334961	182.775589
1917.355469	-78.123764
1916.375977	29.570816
1915.396484	81.147110
1914.416992	54.683853
1913.436523	-127.821648
1912.457031	84.792046
1911.476563	99.890984
1910.496094	-133.596283
1909.515625	64.384399
1908.534180	-108.024155
1907.552734	192.263611
1906.572266	-38.476521
1905.590820	-25.582317
1904.608398	21.428055
1903.626953	56.294086
1902.644531	42.506287
1901.663086	43.369350
1900.680664	-18.986458
1899.698242	86.558006
1898.714844	-9.754721
1897.732422	-76.806923
1896.749023	72.566063
1895.765625	54.212593
1894.782227	96.659981
1893.798828	44.374969
1892.814453	-134.175217
1891.831055	-186.315903
1890.846680	-24.708235
1889.862305	132.023071
1888.877930	24.148331
1887.892578	78.956184
1886.908203	-36.068714
1885.922852	16.383505
1884.937500	-16.039732
1883.952148	82.545074
1882.965820	-104.985458
1881.980469	-59.675510
1880.994141	12.312440
1880.007813	-2.928194
1879.021484	-54.468109
1878.035156	46.661037
1877.047852	113.877975
1876.061523	229.539322
1875.074219	88.558159
1874.086914	95.322479
1873.098633	-21.312382
1872.111328	-106.410088
1871.123047	-12.419636
1870.135742	-111.931229
1869.147461	-163.008972
1868.158203	49.511696
1867.169922	-37.774101
1866.180664	-4.150052
1865.192383	77.826439
1864.203125	-93.888931
1863.213867	12.286614
1862.223633	-33.707382
1861.234375	67.645599
1860.244141	-48.298153
1859.253906	-147.274384
1858.263672	4.802177
1857.273438	-156.829880
1856.282227	-33.710377
1855.291992	38.739296
1854.300781	132.886459
1853.309570	-14.086883
1852.317383	-64.560333
1851.326172	32.030823
1850.333984	106.917358
1849.342773	58.925610
1848.350586	119.365517
1847.357422	-29.728434
1846.365234	86.125229
1845.372070	50.280491
1844.379883	-57.742184
1843.386719	103.824341
1842.393555	-129.256195
1841.399414	-145.727493
1840.406250	80.748138
1839.412109	25.794401
1838.417969	-57.978363
1837.423828	65.022827
1836.429688	163.954422
1835.434570	68.218307
1834.440430	-87.531609
1833.445313	244.395920
1832.450195	-65.015831
1831.454102	-6.934262
1830.458984	-92.905739
1829.462891	-46.829784
1828.466797	16.031763
1827.470703	107.665436
1826.474609	31.346819
1825.478516	50.996052
1824.481445	-54.056217
1823.484375	126.234787
1822.487305	64.355598
1821.490234	-52.622276
1820.493164	132.357040
1819.495117	36.965050
1818.498047	13.465866
1817.500000	47.445423
1816.500977	71.826790
1815.502930	96.197357
1814.504883	94.224731
1813.505859	149.675110
1812.506836	102.218323
1811.507813	-76.793839
1810.508789	57.556858
1809.508789	-6.622569
1808.508789	182.628738
1807.508789	187.745636
1806.508789	-12.674938
1805.508789	52.187607
1804.508789	78.789612
1803.507813	100.588661
1802.506836	143.857224
1801.505859	96.366112
1800.504883	113.329491
1799.502930	120.720551
1798.501953	-103.369019
1797.500000	51.942352
1796.498047	214.332535
1795.496094	145.310669
1794.493164	-54.850334
1793.491211	14.434596
1792.488281	7.396508
1791.485352	114.726082
1790.482422	143.366074
1789.478516	-40.040516
1788.475586	33.824013
1787.471680	279.084106
1786.467773	81.398354
1785.463867	21.821865
1784.459961	64.577721
1783.455078	173.912338
1782.450195	154.712936
1781.445313	259.177216
1780.440430	178.083038
1779.435547	56.571434
1778.429688	-10.251865
1777.424805	-1.019701
1776.418945	84.216141
1775.413086	124.248405
1774.406250	133.350693
1773.400391	-33.323460
1772.393555	25.606606
1771.386719	74.985535
1770.379883	-48.959553
1769.373047	204.436935
1768.365234	37.736549
1767.358398	18.146004
1766.350586	5.641336
1765.342773	47.645561
1764.334961	77.744247
1763.326172	-107.916206
1762.318359	52.476753
1761.309570	-7.596232
1760.300781	188.175751
1759.291016	-44.887142
1758.282227	209.946869
1757.272461	171.044922
1756.262695	56.367527
1755.252930	-164.812149
1754.243164	-80.684822
1753.233398	38.859627
1752.222656	6.925320
1751.211914	12.804050
1750.201172	51.744617
1749.190430	-79.586205
1748.179688	-54.905422
1747.167969	-25.553362
1746.156250	164.415314
1745.144531	21.184040
1744.132813	40.935253
1743.121094	-151.889786
1742.108398	21.261023
1741.095703	-39.386456
1740.083008	86.392265
1739.070313	131.854874
1738.057617	-86.968437
1737.043945	43.332676
1736.030273	142.885696
1735.016602	-151.396362
1734.002930	84.795990
1732.989258	78.094559
1731.974609	92.557030
1730.959961	-3.762136
1729.945313	-36.487957
1728.930664	-12.721027
1727.916016	10.993731
1726.900391	-57.162113
1725.885742	164.180725
1724.870117	81.816025
1723.853516	-9.977983
1722.837891	-115.888374
1721.822266	55.728302
1720.805664	34.408909
1719.789063	-22.211466
1718.772461	-158.773361
1717.754883	-41.514400
1716.738281	132.054626
1715.720703	9.503237
1714.703125	-7.346698
1713.685547	-179.225510
1712.667969	-20.024662
1711.649414	68.643051
1710.630859	-16.443296
1709.612305	-52.261066
1708.593750	-62.300308
1707.575195	96.510468
1706.555664	30.072969
1705.536133	-167.686035
1704.516602	61.253204
1703.497070	-80.265320
1702.477539	-123.347801
1701.457031	-14.166903
1700.437500	-3.447876
1699.416992	98.562347
1698.395508	69.356117
1697.375000	93.976006
1696.354492	36.621407
1695.333008	7.327522
1694.311523	-52.411003
1693.290039	-9.233491
1692.267578	-136.856766
1691.246094	-28.278822
1690.223633	-46.037170
1689.201172	48.375740
1688.178711	112.334305
1687.155273	164.541504
1686.132813	15.784844
1685.109375	79.598824
1684.085938	-6.107442
1683.062500	158.014114
1682.039063	230.997086
1681.014648	2.828539
1679.990234	162.078857
1678.965820	253.575623
1677.941406	132.735321
1676.916992	144.843536
1675.891602	21.668449
1674.866211	259.855865
1673.840820	101.681610
1672.815430	176.573929
1671.790039	286.357513
1670.763672	223.680359
1669.737305	324.029205
1668.710938	177.482697
1667.684570	314.995453
1666.658203	298.801392
1665.630859	443.157806
1664.603516	422.230255
1663.576172	364.063293
1662.548828	461.727753
1661.520508	503.511139
1660.493164	324.388916
1659.464844	540.474609
1658.436523	537.988647
1657.408203	419.300781
1656.378906	639.812683
1655.350586	695.311584
1654.321289	525.498718
1653.291992	641.316345
1652.261719	650.278381
1651.232422	659.224976
1650.202148	552.118042
1649.171875	540.154724
1648.141602	669.674622
1647.111328	611.276917
1646.080078	596.932495
1645.049805	805.137085
1644.018555	658.616028
1642.987305	628.004089
1641.955078	701.644348
1640.923828	657.110535
1639.891602	649.630005
1638.859375	651.403137
1637.827148	613.807434
1636.794922	756.758667
1635.761719	656.646729
1634.729492	417.745636
1633.696289	694.788574
1632.662109	523.015381
1631.628906	543.238342
1630.594727	887.113403
1629.561523	766.243896
1628.527344	767.894043
1627.493164	640.146179
1626.458008	916.714355
1625.423828	620.370850
1624.388672	684.378906
1623.353516	778.374634
1622.318359	870.024719
1621.282227	966.247314
1620.247070	801.696594
1619.210938	879.440552
1618.174805	1074.791992
1617.137695	940.287231
1616.101563	951.103821
1615.064453	1028.763916
1614.027344	1069.522705
1612.990234	1048.053833
1611.953125	1238.557129
1610.916016	1191.740479
1609.877930	1262.394165
1608.839844	1280.071045
1607.801758	1081.354980
1606.763672	1053.047607
1605.724609	1149.019165
1604.685547	1270.271973
1603.646484	1297.179688
1602.607422	1190.698242
1601.568359	1307.313599
1600.528320	1433.086914
1599.489258	1372.656250
1598.449219	1431.755981
1597.408203	1651.675171
1596.368164	1692.354370
1595.327148	1829.491333
1594.287109	1718.606567
1593.246094	1545.790405
1592.204102	1639.317017
1591.163086	1771.849609
1590.121094	1651.953979
1589.079102	1651.418335
1588.037109	1593.566528
1586.995117	1732.970581
1585.953125	1633.908691
1584.910156	1514.274048
1583.867188	1529.927856
1582.824219	1554.767334
1581.781250	1384.902588
1580.737305	1441.878540
1579.693359	1402.683960
1578.649414	1407.035522
1577.605469	1253.470947
1576.561523	1399.808350
1575.516602	1241.787231
1574.472656	1337.806885
1573.427734	1340.037842
1572.381836	1122.761230
1571.336914	1193.696533
1570.291016	1365.215454
1569.246094	1443.005371
1568.200195	1050.079712
1567.153320	1057.143311
1566.107422	1217.287720
1565.060547	1037.133789
1564.013672	978.103577
1562.966797	884.896057
1561.919922	1083.908325
1560.872070	1218.987793
1559.825195	1075.726074
1558.777344	912.030029
1557.729492	1272.972656
1556.680664	1118.508789
1555.632813	1258.234741
1554.583984	1195.097778
1553.535156	1430.552368
1552.486328	1529.264404
1551.436523	1602.925293
1550.387695	1710.774170
1549.337891	1672.900391
1548.288086	1794.449829
1547.238281	1875.034424
1546.187500	1973.839966
1545.136719	2002.129272
1544.086914	2107.809570
1543.035156	2038.371704
1541.984375	2000.856323
1540.933594	2033.887939
1539.881836	1889.668945
1538.830078	1811.466919
1537.778320	1821.963135
1536.725586	1857.498047
1535.673828	1597.833740
1534.621094	1710.722290
1533.568359	1392.280273
1532.515625	1403.146851
1531.461914	1048.700073
1530.409180	1141.435791
1529.355469	1204.704102
1528.301758	998.117432
1527.247070	843.828430
1526.193359	952.653625
1525.138672	875.632202
1524.083984	977.738586
1523.029297	860.092407
1521.974609	613.436462
1520.918945	996.577942
1519.863281	960.717590
1518.807617	637.415466
1517.751953	773.808899
1516.696289	826.484192
1515.639648	892.782166
1514.583008	712.546753
1513.526367	1032.298950
1512.469727	1110.040161
1511.412109	787.650513
1510.355469	711.848816
1509.297852	511.850922
1508.240234	567.330322
1507.181641	586.715210
1506.124023	253.829391
1505.065430	433.750458
1504.006836	426.286438
1502.948242	369.243439
1501.888672	341.635895
1500.830078	108.791664
1499.770508	194.199249
1498.710938	182.668243
1497.650391	281.714355
1496.590820	20.071032
1495.530273	279.313324
1494.469727	99.065910
1493.409180	130.775436
1492.348633	-105.527481
1491.287109	-159.217377
1490.225586	-93.453064
1489.164063	48.917126
1488.102539	17.987257
1487.041016	65.921707
1485.978516	-23.335329
1484.916016	94.470940
1483.853516	72.910141
1482.791016	114.380013
1481.727539	21.028164
1480.664063	118.847328
1479.600586	23.429554
1478.537109	31.505562
1477.473633	-9.728116
1476.409180	25.513212
1475.344727	-8.809409
1474.280273	100.604042
1473.215820	127.003784
1472.151367	-12.555303
1471.085938	-15.038147
1470.020508	117.157448
1468.955078	58.577568
1467.888672	49.642265
1466.823242	-48.834660
1465.756836	99.317856
1464.690430	146.698639
1463.624023	213.893753
1462.556641	433.320709
1461.490234	353.485809
1460.422852	441.432953
1459.355469	463.857239
1458.287109	471.387360
1457.219727	539.125610
1456.151367	600.761047
1455.083008	470.088013
1454.014648	237.421005
1452.945313	629.717285
1451.876953	546.426880
1450.807617	476.893005
1449.738281	816.062805
1448.668945	930.447998
1447.598633	691.216248
1446.528320	779.391541
1445.458008	860.203369
1444.387695	876.080444
1443.317383	774.405640
1442.246094	673.746216
1441.174805	325.162964
1440.103516	476.528870
1439.032227	305.631927
1437.960938	424.378418
1436.888672	262.051880
1435.816406	166.083633
1434.744141	84.623024
1433.670898	-60.834202
1432.598633	44.531845
1431.525391	30.491100
1430.452148	32.510544
1429.378906	-16.777117
1428.304688	28.923059
1427.231445	-209.149979
1426.157227	-109.670830
1425.083008	-135.893646
1424.007813	-16.026129
1422.933594	-102.188431
1421.858398	-180.408981
1420.783203	37.198307
1419.708008	-144.145081
1418.631836	-62.851521
1417.555664	107.211868
1416.479492	-119.154343
1415.403320	37.013512
1414.327148	71.862679
1413.250000	134.550476
1412.173828	50.018509
1411.096680	172.728195
1410.018555	203.597504
1408.941406	316.730591
1407.863281	385.307159
1406.785156	196.703278
1405.707031	212.702881
1404.628906	630.756836
1403.549805	461.959717
1402.470703	524.243835
1401.391602	507.583588
1400.312500	467.315552
1399.233398	590.932556
1398.153320	551.640747
1397.073242	454.225739
1395.993164	418.891235
1394.913086	700.226685
1393.832031	263.363464
1392.750977	338.744873
1391.669922	430.183044
1390.588867	123.007706
1389.506836	187.589661
1388.425781	443.240906
1387.343750	79.347054
1386.261719	196.819733
1385.178711	146.143295
1384.096680	271.968964
1383.013672	138.454391
1381.930664	286.617340
1380.846680	401.582092
1379.763672	376.806824
1378.679688	577.415649
1377.595703	458.735474
1376.511719	495.468048
1375.427734	878.229065
1374.342773	660.002686
1373.257813	1007.785400
1372.172852	759.459595
1371.087891	730.796204
1370.001953	814.003235
1368.916992	633.870361
1367.831055	670.336487
1366.744141	632.190430
1365.658203	560.268311
1364.571289	569.390259
1363.484375	411.089325
1362.397461	532.663818
1361.310547	448.100464
1360.222656	386.147827
1359.135742	349.369720
1358.047852	299.876160
1356.958984	325.620880
1355.871094	125.362633
1354.782227	196.041824
1353.693359	219.863693
1352.604492	434.467316
1351.515625	292.520996
1350.425781	358.841248
1349.335938	336.796082
1348.246094	326.450317
1347.156250	348.563110
1346.066406	243.844818
1344.975586	404.161926
1343.884766	359.120422
1342.793945	356.041962
1341.702148	305.781525
1340.611328	408.205444
1339.519531	445.785095
1338.427734	588.156372
1337.334961	561.112976
1336.243164	618.619446
1335.150391	579.395569
1334.057617	687.414917
1332.964844	594.683716
1331.871094	702.733154
1330.778320	725.158997
1329.684570	748.926758
1328.590820	802.661072
1327.496094	841.446045
1326.402344	757.757019
1325.307617	811.459167
1324.212891	692.970032
1323.117188	866.981140
1322.022461	751.761536
1320.926758	538.935425
1319.831055	525.142822
1318.735352	596.309753
1317.638672	542.802856
1316.542969	529.892578
1315.446289	554.867737
1314.349609	596.117065
1313.251953	395.125488
1312.155273	534.356445
1311.057617	458.009247
1309.959961	459.082764
1308.862305	539.983521
1307.763672	469.946625
1306.665039	449.619385
1305.566406	313.559601
1304.467773	532.596558
1303.369141	485.887817
1302.269531	226.719467
1301.169922	295.927979
1300.070313	445.920776
1298.970703	214.846527
1297.870117	392.910492
1296.769531	335.773132
1295.668945	432.468903
1294.568359	440.343689
1293.466797	377.211243
1292.366211	366.268005
1291.264648	388.672516
1290.162109	333.575470
1289.060547	361.641876
1287.958008	376.061676
1286.855469	347.157227
1285.752930	314.469757
1284.650391	309.432098
1283.546875	247.115021
1282.444336	431.874695
1281.339844	240.027573
1280.236328	249.785934
1279.132813	199.618027
1278.028320	367.084015
1276.923828	399.036285
1275.819336	235.291458
1274.713867	242.523010
1273.608398	48.173161
1272.503906	359.969177
1271.397461	198.391159
1270.291992	58.170368
1269.185547	289.279633
1268.080078	290.516022
1266.972656	159.930145
1265.866211	288.337036
1264.759766	215.577271
1263.652344	162.177002
1262.544922	169.399597
1261.436523	233.431351
1260.329102	150.818237
1259.220703	378.120209
1258.112305	200.369141
1257.003906	187.274216
1255.895508	258.446960
1254.786133	224.425369
1253.676758	78.910172
1252.567383	25.612545
1251.458008	128.646973
1250.347656	144.336548
1249.237305	148.310776
1248.126953	198.121643
1247.016602	51.751770
1245.905273	261.119995
1244.793945	189.233749
1243.682617	103.104958
1242.571289	102.802231
1241.459961	84.608994
1240.347656	90.731186
1239.235352	184.977997
1238.123047	68.654358
1237.009766	114.446655
1235.897461	-12.932200
1234.784180	57.652050
1233.670898	202.686356
1232.556641	140.185242
1231.443359	93.066719
1230.329102	79.378105
1229.214844	85.387642
1228.099609	85.980904
1226.985352	171.893387
1225.870117	81.466286
1224.754883	131.535263
1223.639648	184.182648
1222.523438	160.364258
1221.408203	167.392883
1220.291992	119.946533
1219.174805	150.108444
1218.058594	124.321404
1216.941406	107.200806
1215.824219	209.898865
1214.707031	128.643433
1213.589844	39.962147
1212.471680	99.296097
1211.353516	23.971403
1210.235352	58.253029
1209.117188	168.210648
1207.998047	-47.651276
1206.878906	19.777668
1205.759766	10.041757
1204.640625	-83.792259
1203.520508	-17.003174
1202.401367	17.745941
1201.281250	39.049480
1200.160156	57.363785
1199.040039	-46.190861
1197.918945	80.972000
1196.797852	35.319447
1195.676758	-25.500685
1194.555664	12.928011
1193.433594	70.497444
1192.311523	51.686543
1191.189453	67.418556
1190.066406	-31.625620
1188.944336	22.719769
1187.821289	-91.818665
1186.698242	-7.469835
1185.574219	83.482216
1184.451172	-38.175407
1183.327148	-74.845222
1182.203125	-138.416153
1181.078125	-19.591307
1179.954102	-48.013954
1178.829102	-9.849551
1177.704102	-148.331604
1176.579102	-77.440094
1175.453125	-7.256225
1174.327148	-145.222336
1173.201172	-243.728104
1172.075195	-188.782303
1170.949219	-275.152039
1169.822266	-184.125626
1168.695313	-97.710213
1167.568359	-58.861805
1166.440430	-27.102266
1165.313477	-25.324835
1164.185547	-144.339401
1163.057617	-78.442398
1161.928711	26.149853
1160.800781	-101.837868
1159.671875	-75.139099
1158.541992	-15.994118
1157.413086	-91.811668
1156.283203	-74.373856
1155.154297	-33.266972
1154.023438	39.845005
1152.893555	-143.571991
1151.763672	5.594125
1150.632813	14.993840
1149.501953	-45.120842
1148.370117	116.374123
1147.239258	36.251499
1146.107422	35.186947
1144.975586	44.588924
1143.843750	45.135811
1142.710938	26.990997
1141.578125	297.351685
1140.445313	141.596436
1139.312500	144.183960
1138.178711	12.984016
1137.045898	55.396732
1135.912109	187.822083
1134.777344	-16.396597
1133.643555	-152.018555
1132.508789	112.739708
1131.374023	152.199402
1130.239258	378.060486
1129.104492	241.804611
1127.968750	184.549728
1126.833008	241.985931
1125.697266	284.278503
1124.560547	262.958344
1123.424805	348.534241
1122.288086	258.939758
1121.151367	224.009323
1120.013672	148.455734
1118.876953	235.267746
1117.739258	274.765259
1116.601563	331.930328
1115.462891	282.266663
1114.324219	244.320953
1113.186523	184.341217
1112.046875	227.526062
1110.908203	198.044296
1109.769531	79.142212
1108.629883	235.912552
1107.490234	247.434570
1106.349609	334.163757
1105.209961	156.753235
1104.069336	264.703369
1102.928711	192.947632
1101.787109	29.716232
1100.646484	125.830238
1099.504883	145.772034
1098.363281	236.883545
1097.221680	288.686676
1096.079102	253.481247
1094.936523	253.425751
1093.793945	208.851196
1092.651367	270.964111
1091.507813	274.577271
1090.364258	190.629196
1089.220703	258.015411
1088.077148	-15.174239
1086.933594	220.722351
1085.789063	197.345825
1084.644531	157.063278
1083.499023	406.765778
1082.354492	323.554993
1081.208984	306.539154
1080.063477	189.448380
1078.917969	120.866196
1077.771484	217.735687
1076.625977	294.994568
1075.479492	269.328217
1074.332031	128.142258
1073.185547	23.159454
1072.038086	287.172760
1070.890625	210.153503
1069.743164	86.994331
1068.594727	325.458771
1067.447266	183.593307
1066.298828	266.372101
1065.149414	353.702301
1064.000977	316.400848
1062.851563	436.288666
1061.702148	546.197388
1060.552734	552.357239
1059.402344	324.057587
1058.252930	407.891357
1057.102539	389.865021
1055.951172	345.647095
1054.800781	267.282349
1053.649414	273.602234
1052.498047	283.438385
1051.346680	201.566345
1050.194336	229.862686
1049.042969	198.465515
1047.890625	193.900131
1046.738281	231.307007
1045.584961	152.459976
1044.431641	302.317017
1043.278320	151.956512
1042.125000	172.374283
1040.971680	63.675087
1039.817383	217.545593
1038.663086	200.462143
1037.508789	305.968445
1036.353516	124.174896
1035.198242	339.686401
1034.042969	235.061325
1032.887695	325.462097
1031.732422	243.620422
1030.576172	226.365234
1029.419922	186.212341
1028.263672	217.861755
1027.106445	88.014336
1025.949219	133.854034
1024.792969	53.588917
1023.634766	31.321156
1022.477539	-16.461906
1021.319336	114.089561
1020.161133	34.634865
1019.002930	52.724632
1017.843750	93.027657
1016.684570	141.835709
1015.525391	96.503143
1014.366211	90.946823
1013.207031	-55.810917
1012.046875	-111.298271
1010.886719	-19.085033
1009.726563	93.639709
1008.565430	-87.016113
1007.404297	102.585358
1006.243164	21.178877
1005.082031	96.452332
1003.920898	48.241562
1002.758789	-47.269039
1001.596680	73.487816
1000.433594	67.328293
999.271484	2.761358
998.108398	97.837852
996.945313	224.336166
995.782227	184.046738
994.618164	-32.526432
993.454102	-4.450548
992.290039	184.624908
991.125977	116.592941
989.960938	-14.374647
988.796875	153.529678
987.630859	202.067429
986.465820	120.822685
985.300781	87.748466
984.134766	153.312302
982.968750	189.503510
981.801758	155.773453
980.635742	194.505859
979.468750	87.955025
978.301758	58.256897
977.133789	61.734295
975.966797	91.883041
974.798828	20.842899
973.630859	126.108376
972.461914	-59.299614
971.293945	-15.594930
970.125000	-58.635612
968.956055	120.298546
967.786133	103.514992
966.617188	174.273712
965.447266	-4.189303
964.276367	-8.162271
963.106445	-45.344967
961.935547	142.457397
960.764648	127.159081
959.593750	54.944149
958.422852	165.630447
957.250977	-14.593496
956.079102	73.047546
954.907227	63.288906
953.734375	300.040222
952.562500	144.520676
951.389648	84.900146
950.215820	-96.209648
949.042969	75.427696
947.869141	75.352043
946.695313	223.893494
945.521484	200.509079
944.346680	125.078926
943.172852	0.786466
941.998047	179.763123
940.822266	86.256836
939.647461	-17.609394
938.471680	138.314285
937.295898	208.393295
936.119141	151.196640
934.943359	-56.839565
933.766602	117.048630
932.589844	109.091484
931.413086	36.163963
930.235352	197.022430
929.057617	191.620850
927.879883	183.561203
926.702148	84.612000
925.523438	164.826904
924.344727	8.789825
923.166016	151.210648
921.987305	-54.097202
920.807617	140.126404
919.627930	141.225189
919.497070	43.911957
918.331055	123.902763
917.165039	151.996582
915.999023	94.530731
914.833008	-131.364029
913.666016	-67.011650
912.499023	-28.603046
911.332031	-5.763789
910.165039	-122.765961
908.997070	-40.404278
907.830078	-59.029079
906.661133	-72.483353
905.493164	4.603989
904.325195	76.473846
903.156250	3.483269
901.987305	-46.219688
900.818359	-88.159081
899.648438	76.667137
898.478516	-1.476769
897.308594	-2.096298
896.138672	51.515434
894.968750	6.964732
893.797852	192.208649
892.626953	103.746841
891.456055	159.836960
890.284180	221.057114
889.113281	150.676376
887.941406	217.015671
886.768555	133.756424
885.596680	143.337646
884.423828	209.616364
883.250977	90.309044
882.078125	200.360306
880.905273	132.612732
879.731445	77.764961
878.557617	-7.966053
877.383789	225.567917
876.209961	72.908661
875.035156	64.419312
873.860352	48.210384
872.685547	13.997476
871.510742	131.533279
870.334961	35.597893
869.159180	317.605042
867.983398	172.829422
866.807617	128.329315
865.630859	86.415100
864.454102	-24.839840
863.277344	-30.756580
862.100586	-98.296341
860.922852	52.394180
859.745117	-35.671223
858.567383	-51.852215
857.389648	-101.380058
856.210938	69.702026
855.032227	-54.202030
853.853516	34.751686
852.674805	-4.503067
851.495117	-25.801525
850.315430	-80.402382
849.135742	-152.913895
847.956055	-30.735817
846.775391	-77.619431
845.595703	-119.364037
844.415039	-81.738449
843.233398	-51.805038
842.052734	-57.705910
840.871094	64.304764
839.689453	-23.459988
838.506836	-44.702652
837.325195	100.241768
836.142578	153.109818
834.959961	21.959103
833.777344	-60.591640
832.593750	-5.165343
831.410156	-39.148243
830.226563	-231.428482
829.042969	-112.174950
827.858398	-79.749374
826.673828	24.116278
825.489258	199.377106
824.304688	-69.271080
823.120117	-85.330711
821.934570	-131.978455
820.749023	27.880802
819.562500	-156.396896
818.376953	-55.203812
817.190430	-38.122337
816.003906	-64.347893
814.817383	-21.803368
813.629883	140.390198
812.442383	-163.314713
811.254883	-69.871742
810.067383	-157.124725
808.878906	-178.196671
807.690430	-69.544785
806.501953	-42.309273
805.313477	17.966311
804.124023	47.715565
802.934570	64.746887
801.745117	-40.186893
800.555664	-61.247513
799.365234	16.751041
798.175781	66.785500
796.985352	-17.751001
795.793945	-13.416220
794.603516	-6.546432
793.412109	-149.369125
792.220703	60.452835
791.028320	6.436979
789.836914	38.649834
788.644531	-0.131240
787.452148	75.154518
786.258789	140.272156
785.066406	192.693466
783.873047	126.044891
782.679688	44.227024
781.485352	139.672363
780.291992	57.880989
779.097656	21.676117
777.903320	94.285454
776.708008	262.993530
775.512695	257.110535
774.318359	157.663055
773.122070	40.556801
771.926758	135.818649
770.730469	311.905029
769.534180	40.702805
768.337891	231.882614
767.141602	291.648773
765.944336	401.885345
764.747070	287.388824
763.549805	458.144348
762.351563	240.210175
761.154297	173.735397
759.956055	311.596710
758.757813	323.299164
757.558594	191.272141
756.359375	180.292648
755.160156	257.519531
753.960938	165.880722
752.761719	127.175194
751.561523	186.707764
750.361328	223.542084
749.160156	330.846710
747.959961	304.685852
746.758789	213.093719
745.557617	121.528999
744.356445	163.316528
743.154297	202.560379
741.952148	417.792938
740.750000	296.046112
739.547852	274.876617
738.344727	165.749847
737.142578	212.425385
735.939453	203.805450
734.735352	160.016098
733.532227	199.088028
732.328125	162.818848
731.124023	106.470566
729.918945	32.565521
728.714844	214.568588
727.509766	108.031197
726.303711	149.476837
725.098633	238.523773
723.892578	152.049500
722.686523	233.504105
721.480469	91.906685
720.274414	55.562534
719.067383	134.424530
717.860352	52.974499
716.653320	151.791656
715.445313	-42.303513
714.238281	103.996979
713.030273	85.085976
711.821289	-31.393896
710.613281	-125.339645
709.404297	3.264041
708.195313	-50.698524
706.986328	27.802052
705.776367	93.751648
704.566406	-2.738790
703.356445	-34.272690
702.146484	4.104142
700.935547	94.869217
699.724609	115.677017
698.513672	24.145308
697.302734	49.895771
696.090820	-59.100994
694.878906	83.822273
693.666992	161.824860
692.455078	15.393188
691.242188	48.454330
690.029297	91.439804
688.816406	164.275009
687.602539	85.101784
686.389648	172.789139
685.175781	8.929194
683.960938	66.660202
682.747070	74.558342
681.532227	127.210243
680.317383	45.466583
679.102539	-11.402961
677.886719	148.064560
676.670898	165.716019
675.455078	116.212692
674.239258	126.339905
673.022461	124.004364
671.805664	4.880211
670.588867	62.107265
669.372070	-44.609211
668.154297	235.960648
666.936523	94.431038
665.718750	230.852951
664.500977	151.334503
663.282227	111.499016
662.063477	-64.754013
660.844727	-47.576694
659.625000	105.893478
658.405273	172.517548
657.185547	132.526718
655.965820	80.127762
654.745117	17.802752
653.525391	257.571228
652.303711	299.136108
651.083008	211.932724
649.861328	144.521957
648.640625	-46.608059
647.417969	69.032303
646.196289	125.228920
644.973633	107.181129
643.750977	56.962349
642.528320	48.739902
641.305664	84.957993
640.082031	-113.582283
638.858398	4.079381
637.634766	-117.890144
636.410156	41.608528
635.185547	13.396648
633.960938	51.787125
632.736328	3.760846
631.510742	42.049904
630.285156	11.222798
629.059570	-36.894825
627.833984	99.861557
626.607422	31.939268
625.380859	-63.104233
624.154297	-106.412018
622.927734	-48.753601
621.700195	-1.015725
620.472656	26.961775
619.245117	118.886467
618.016602	144.276810
616.788086	78.571442
615.559570	81.732826
614.331055	170.933914
613.101563	156.772675
611.872070	174.535080
610.642578	44.768612
609.413086	-60.410862
608.182617	205.406570
606.952148	46.109081
605.721680	-71.413002
604.491211	127.815125
603.259766	182.078262
602.028320	138.103683
600.796875	22.945787
599.564453	25.549995
598.332031	-47.923210
597.099609	-77.266052
595.867188	-128.702866
594.633789	40.446552
593.400391	57.542084
592.166992	28.037643
590.933594	98.940887
589.699219	-116.773613
588.464844	-104.717010
587.230469	-68.223900
585.995117	41.638733
584.760742	7.045519
583.525391	18.909966
582.289063	86.986313
581.053711	243.035812
579.817383	-58.222496
578.581055	117.271477
577.343750	62.926723
576.107422	106.307495
574.870117	208.260101
573.631836	70.784019
572.394531	194.608704
571.156250	-30.758972
569.917969	-19.308966
568.679688	114.115524
567.440430	-16.041456
566.202148	-155.927567
564.961914	16.359455
563.722656	229.994690
562.482422	43.733780
561.243164	137.795486
560.001953	153.810364
558.761719	21.194057
557.520508	122.416893
556.279297	9.287642
555.038086	-45.391277
553.795898	70.304054
552.554688	173.761688
551.311523	50.880440
550.069336	117.760933
548.826172	77.583305
547.583984	212.464767
546.339844	-119.466522
545.096680	66.391747
543.852539	152.524307
542.608398	-35.910702
541.364258	135.177826
540.119141	-130.916153
538.875000	-49.741692
537.628906	-109.403770
536.383789	29.938028
535.137695	91.563713
533.892578	-40.899384
532.645508	-54.493858
531.399414	140.426498
530.152344	-151.996048
528.905273	-17.753555
527.658203	-14.422882
526.410156	-47.444973
525.163086	-0.530282
523.914063	-45.667801
522.666016	-18.158945
521.416992	-118.955757
520.167969	-176.155746
518.918945	-114.783020
517.669922	52.991817
516.419922	-28.405518
515.169922	-97.680443
513.919922	19.209311
512.668945	-52.468258
511.417969	-54.041149
510.166992	50.682301
508.916016	-238.325974
507.664063	-85.312164
506.412109	-65.142883
505.160156	10.537070
503.907227	54.814011
502.655273	-31.203327
501.402344	22.724369
500.148438	-150.062378
498.895508	-40.662945
497.641602	-3.623650
496.387695	79.199944
495.132813	24.648508
493.878906	-0.957545
492.624023	156.502441
491.368164	63.468945
490.113281	-19.879324
488.857422	154.362457
487.601563	6.077268
486.344727	19.063221
485.088867	214.871368
483.832031	102.778580
482.575195	72.497292
481.317383	181.663406
480.059570	52.866241
478.801758	-42.220657
477.543945	-31.550690
476.285156	-16.069086
475.027344	35.443188
473.767578	-150.732712
472.508789	4.024521
471.249023	67.537071
469.989258	-116.078842
468.729492	17.025301
467.469727	171.670654
466.208984	86.496712
464.948242	195.541779
463.686523	91.252907
462.425781	8.591519
461.164063	-97.979759
459.901367	130.813553
458.639648	21.894049
457.376953	-19.936878
456.114258	38.789242
454.851563	59.212795
453.587891	-80.660507
452.324219	71.353874
451.060547	168.307739
449.796875	97.863136
448.532227	41.794090
447.267578	33.552368
446.002930	92.220207
444.737305	95.918541
443.471680	59.014896
442.206055	3.024355
440.940430	104.617676
439.673828	134.556534
438.407227	23.687086
437.140625	-41.812393
435.873047	26.276983
434.605469	56.169716
433.337891	-66.552910
432.070313	277.963715
430.801758	164.741241
429.533203	349.377991
428.264648	188.501236
426.996094	122.932365
425.726563	-18.835850
424.457031	160.803802
423.186523	247.503418
421.916992	227.050186
420.646484	218.454834
419.375977	171.760605
418.104492	246.311813
416.833008	411.121735
415.561523	254.909470
414.290039	284.067322
413.017578	201.472534
411.746094	256.621613
410.472656	133.544479
409.200195	148.159256
407.926758	203.033798
406.653320	-0.904073
405.379883	27.690409
404.105469	248.325592
402.831055	91.636955
401.556641	172.033157
400.282227	228.566666
399.006836	92.951744
397.731445	-23.779137
396.456055	165.033813
395.179688	232.807510
393.903320	11.474479
392.626953	97.876953
391.350586	198.275879
390.073242	158.814789
388.795898	41.101067
387.518555	34.429619
386.240234	183.651306
384.961914	1.549431
383.683594	214.110535
382.405273	36.356560
381.125977	16.758690
379.846680	193.011459
378.567383	16.981182
377.287109	119.410103
376.006836	-42.922596
374.726563	212.330963
373.446289	16.409971
372.165039	11.366584
370.883789	131.020645
369.602539	186.603088
368.320313	69.667747
367.039063	44.364124
365.755859	195.440292
364.473633	124.562805
363.190430	-48.006874
361.907227	205.396774
360.624023	86.183464
359.340820	48.969559
358.056641	1.874856
356.772461	31.974354
355.487305	82.720284
354.202148	5.900457
352.916992	-10.277446
351.631836	-81.083183
350.346680	-56.049610
349.060547	8.321670
347.774414	55.605980
346.487305	8.254482
345.200195	33.082233
343.913086	-109.493195
342.625977	-107.143539
341.338867	124.515640
340.050781	-175.023499
338.762695	-118.575638
337.473633	21.489841
336.184570	80.956017
334.895508	22.336668
333.606445	23.836504
332.317383	33.832558
331.027344	-100.027893
329.736328	-84.859245
328.446289	-176.023224
327.155273	-85.514801
325.864258	-124.814758
324.573242	-115.986908
323.281250	4.061197
321.989258	97.222290
320.697266	-133.567307
319.405273	-105.845497
318.112305	28.188135
316.819336	-114.881485
315.526367	96.067917
314.232422	53.266533
312.938477	55.875191
311.644531	-17.612814
310.349609	101.295158
309.054688	144.015656
307.759766	59.215649
306.464844	-36.389782
305.168945	55.419022
303.873047	42.975010
302.577148	54.558395
301.281250	174.039474
299.984375	154.193390
