2000.043945	235.227310
1999.080078	18.586267
1998.116211	-269.592926
1997.151367	7.368629
1996.186523	-112.191208
1995.222656	-58.286274
1994.256836	-291.689667
1993.291992	210.477936
1992.327148	53.897156
1991.361328	13.740806
1990.395508	-88.253304
1989.429688	54.787033
1988.463867	36.985920
1987.497070	318.518005
1986.531250	-10.886841
1985.564453	-78.042519
1984.597656	-78.397209
1983.630859	358.774506
1982.664063	358.395233
1981.696289	172.737198
1980.728516	68.701477
1979.761719	145.032791
1978.792969	-57.674408
1977.825195	-15.847471
1976.857422	58.088337
1975.888672	-127.116371
1974.919922	94.935158
1973.951172	13.479595
1972.982422	141.755524
1972.013672	358.804199
1971.043945	67.858658
1970.075195	33.445702
1969.105469	26.197090
1968.135742	201.348892
1967.165039	226.175095
1966.195313	103.215775
1965.224609	-2.420632
1964.253906	187.527039
1963.283203	40.129017
1962.312500	495.924225
1961.341797	119.701569
1960.370117	21.719412
1959.399414	64.042473
1958.427734	145.742310
1957.455078	13.482821
1956.483398	166.537384
1955.511719	292.525604
1954.539063	-60.805897
1953.566406	222.525986
1952.593750	284.649689
1951.621094	142.881134
1950.647461	-77.398239
1949.674805	-137.946960
1948.701172	-83.042717
1947.727539	-25.675451
1946.753906	286.949127
1945.780273	285.388977
1944.805664	-66.978371
1943.831055	167.071747
1942.856445	-72.273895
1941.881836	-247.752365
1940.907227	157.887512
1939.932617	70.721123
1938.957031	213.975616
1937.981445	200.387085
1937.005859	132.929276
1936.030273	-123.080330
1935.054688	157.326111
1934.078125	124.252716
1933.101563	-45.873249
1932.125000	-61.728516
1931.148438	-163.208588
1930.171875	-110.500008
1929.194336	-55.350262
1928.217773	-134.720535
1927.240234	135.617844
1926.262695	251.845825
1925.284180	-37.707897
1924.306641	100.522652
1923.328125	-227.974060
1922.350586	59.272205
1921.372070	-205.578217
1920.392578	-309.147552
1919.414063	-222.239059
1918.434570	269.866150
1917.456055	-312.100037
1916.476563	26.106638
1915.497070	-243.309631
1914.516602	126.466019
1913.537109	-52.639263
1912.556641	-112.199623
1911.576172	172.002777
1910.595703	90.470558
1909.615234	-164.067047
1908.633789	-308.873413
1907.653320	157.822418
1906.671875	256.549652
1905.690430	-170.774673
1904.708984	64.293457
1903.727539	94.776184
1902.745117	-32.964981
1901.762695	-311.548126
1900.780273	93.601631
1899.797852	189.654800
1898.815430	103.246803
1897.832031	9.557366
1896.849609	81.185883
1895.866211	145.471649
1894.882813	97.913887
1893.898438	-192.624191
1892.915039	-194.005859
1891.930664	52.322750
1890.947266	41.115685
1889.962891	-59.954163
1888.977539	25.894957
1887.993164	9.733687
1887.007813	359.953461
1886.023438	18.556702
1885.038086	-4.991083
1884.051758	260.027374
1883.066406	83.593292
1882.081055	127.790245
1881.094727	297.963348
1880.108398	10.004934
1879.122070	381.136353
1878.135742	107.701965
1877.148438	161.290833
1876.162109	137.310638
1875.174805	251.288467
1874.187500	173.933365
1873.199219	74.769753
1872.211914	72.369843
1871.223633	89.264160
1870.236328	101.249786
1869.248047	161.534744
1868.258789	-281.192993
1867.270508	-148.467957
1866.282227	-252.728867
1865.292969	-23.531866
1864.303711	-101.339081
1863.314453	311.190033
1862.324219	81.046005
1861.334961	12.701023
1860.344727	38.463501
1859.354492	143.795532
1858.364258	215.221283
1857.374023	211.739578
1856.383789	-78.908592
1855.392578	269.659393
1854.401367	51.290813
1853.410156	66.798973
1852.418945	-139.567291
1851.426758	102.357559
1850.435547	158.551468
1849.443359	308.596558
1848.451172	203.155151
1847.458984	271.065979
1846.466797	52.310368
1845.473633	177.817047
1844.480469	238.188187
1843.487305	65.000847
1842.494141	89.084068
1841.500977	-129.914749
1840.506836	141.737411
1839.513672	247.255005
1838.519531	198.751450
1837.525391	150.163651
1836.530273	-100.398811
1835.536133	487.668060
1834.541016	224.910538
1833.545898	247.992508
1832.550781	266.153290
1831.555664	329.819733
1830.560547	208.496826
1829.564453	490.350159
1828.568359	-307.928436
1827.572266	309.599640
1826.576172	269.482422
1825.580078	437.930054
1824.583008	284.865417
1823.585938	148.522003
1822.588867	0.127576
1821.591797	556.284912
1820.594727	285.426819
1819.596680	234.954300
1818.599609	299.358093
1817.601563	454.616547
1816.603516	-151.721527
1815.604492	513.222900
1814.606445	107.908463
1813.607422	272.160187
1812.608398	46.234512
1811.609375	279.554657
1810.610352	-46.991291
1809.610352	13.834501
1808.611328	-107.185616
1807.611328	357.334625
1806.611328	343.576263
1805.610352	379.866486
1804.610352	303.736816
1803.609375	320.650696
1802.608398	268.174469
1801.607422	-187.920776
1800.606445	50.686810
1799.605469	370.219482
1798.603516	73.837730
1797.601563	25.559782
1796.599609	151.293518
1795.597656	412.786652
1794.595703	299.685394
1793.592773	-66.217560
1792.589844	73.194435
1791.587891	317.278778
1790.583984	67.913467
1789.581055	278.276703
1788.577148	69.228790
1787.574219	-61.286007
1786.570313	-6.193019
1785.566406	115.392990
1784.561523	46.392635
1783.557617	74.845070
1782.552734	-229.922134
1781.547852	-223.120773
1780.542969	-71.393486
1779.538086	-129.097733
1778.532227	88.829018
1777.527344	75.995934
1776.521484	146.190094
1775.515625	351.645874
1774.508789	-25.105911
1773.502930	-161.972534
1772.496094	263.826263
1771.489258	297.601563
1770.482422	-103.148376
1769.475586	15.840214
1768.467773	103.788895
1767.460938	68.213951
1766.453125	-81.340225
1765.445313	-17.555742
1764.437500	-6.094456
1763.428711	73.957970
1762.420898	315.011780
1761.412109	36.891438
1760.403320	263.358917
1759.393555	160.347656
1758.384766	21.726028
1757.375000	-116.993019
1756.366211	-52.194466
1755.356445	225.446640
1754.345703	50.850246
1753.335938	86.766968
1752.325195	-38.332458
1751.315430	221.994507
1750.304688	-172.918594
1749.292969	432.209625
1748.282227	174.230713
1747.270508	306.143555
1746.259766	-1.600192
1745.248047	-226.687637
1744.235352	100.852135
1743.223633	251.038010
1742.211914	-101.860153
1741.199219	-74.717484
1740.186523	315.740662
1739.173828	200.954376
1738.160156	57.759178
1737.147461	-10.017868
1736.133789	94.246590
1735.120117	28.577845
1734.106445	17.027445
1733.091797	226.895233
1732.078125	-65.363533
1731.063477	155.971085
1730.048828	42.600822
1729.034180	-9.616050
1728.019531	-36.032204
1727.003906	26.886011
1725.988281	-13.907195
1724.972656	-99.518349
1723.957031	-234.628159
1722.941406	-80.452522
1721.924805	-109.925026
1720.909180	43.933659
1719.892578	54.186935
1718.875977	-50.862461
1717.858398	-245.308655
1716.841797	-162.505402
1715.824219	-279.554138
1714.806641	-128.899673
1713.789063	-121.665977
1712.770508	73.277031
1711.752930	354.910645
1710.734375	171.595413
1709.715820	211.174179
1708.697266	72.323845
1707.678711	90.584618
1706.659180	-186.783035
1705.640625	18.900623
1704.621094	-263.237274
1703.600586	35.903793
1702.581055	175.494415
1701.561523	17.371080
1700.541016	105.164917
1699.520508	345.067444
1698.500000	266.318176
1697.478516	7.218005
1696.458008	127.344765
1695.436523	-96.707062
1694.415039	212.725220
1693.393555	608.508179
1692.372070	155.014236
1691.349609	442.897339
1690.327148	375.201416
1689.304688	17.586054
1688.282227	153.165894
1687.259766	283.940369
1686.236328	547.735046
1685.213867	157.344391
1684.190430	61.263741
1683.166016	266.332245
1682.142578	233.151398
1681.119141	451.984192
1680.094727	164.263290
1679.070313	413.199463
1678.045898	468.360626
1677.020508	145.599197
1675.996094	613.382690
1674.970703	316.234833
1673.945313	464.333496
1672.919922	446.856018
1671.893555	364.070618
1670.868164	628.375061
1669.841797	664.255493
1668.815430	555.692810
1667.789063	903.440613
1666.761719	1088.046143
1665.735352	842.003540
1664.708008	1084.622559
1663.680664	1152.622925
1662.653320	1318.240356
1661.625000	1669.770264
1660.597656	967.906128
1659.569336	940.381531
1658.541016	1052.277466
1657.512695	1117.616943
1656.483398	1282.779297
1655.455078	1164.481812
1654.425781	1081.016113
1653.396484	1122.932495
1652.366211	1401.572632
1651.336914	1174.120972
1650.306641	1382.974609
1649.276367	1171.789185
1648.246094	1324.845459
1647.215820	1447.672729
1646.185547	1582.028442
1645.154297	1363.916626
1644.123047	1811.094604
1643.091797	1683.372437
1642.060547	1838.353638
1641.028320	2287.440674
1639.997070	2148.091309
1638.964844	2330.636475
1637.931641	2228.325928
1636.899414	2176.992432
1635.867188	2350.159668
1634.833984	2495.476563
1633.800781	2638.424805
1632.767578	2429.761719
1631.734375	2424.680664
1630.700195	2851.934082
1629.666016	2791.294678
1628.631836	2476.467041
1627.597656	2642.390625
1626.563477	2727.406982
1625.528320	2948.663330
1624.493164	2574.053223
1623.458008	2799.908203
1622.422852	2787.931641
1621.387695	2939.849854
1620.351563	3084.792236
1619.315430	2454.531250
1618.279297	2744.885254
1617.243164	2783.783691
1616.207031	2714.329834
1615.169922	2559.626221
1614.132813	2794.530762
1613.095703	3082.383545
1612.058594	3001.535889
1611.020508	3234.015625
1609.983398	3146.344482
1608.945313	3383.398926
1607.907227	3035.668457
1606.868164	3291.142090
1605.830078	3120.856201
1604.791016	2975.981201
1603.751953	3116.457275
1602.712891	2932.651123
1601.673828	3339.927734
1600.633789	3409.138428
1599.594727	3174.992432
1598.554688	3462.649414
1597.513672	3318.284912
1596.473633	3461.209473
1595.433594	3447.969482
1594.392578	3639.155029
1593.351563	3515.808838
1592.310547	3856.254883
1591.268555	3317.658936
1590.227539	3476.897461
1589.185547	3672.840088
1588.143555	3744.933350
1587.100586	3539.589844
1586.058594	3733.360840
1585.015625	3457.212158
1583.972656	3589.201660
1582.929688	3666.235352
1581.886719	3699.802979
1580.843750	3687.640625
1579.799805	3510.681152
1578.755859	3686.481445
1577.711914	3743.275879
1576.666992	3449.966064
1575.623047	3468.087158
1574.578125	3586.949463
1573.533203	3660.125000
1572.488281	3276.002197
1571.443359	3477.465088
1570.397461	3489.207520
1569.351563	2927.388916
1568.305664	2841.200195
1567.259766	2645.498535
1566.213867	3025.605957
1565.166992	2615.493408
1564.120117	2676.021484
1563.073242	2770.888916
1562.026367	2114.936768
1560.978516	2326.490479
1559.930664	2542.652100
1558.883789	1949.098755
1557.834961	1857.612915
1556.787109	2352.305908
1555.739258	1992.050049
1554.690430	1675.364868
1553.641602	1889.900146
1552.592773	1897.157349
1551.542969	1533.240234
1550.494141	2062.386963
1549.444336	1835.483887
1548.394531	1465.392456
1547.344727	1377.829224
1546.293945	1672.748169
1545.244141	2206.610840
1544.193359	1853.239868
1543.142578	1895.891235
1542.090820	2000.062256
1541.040039	1747.430176
1539.988281	1745.070923
1538.936523	1665.602783
1537.884766	2299.759521
1536.833008	2234.163330
1535.780273	2175.555420
1534.727539	1942.289063
1533.674805	1797.819214
1532.622070	2059.875488
1531.569336	2104.132813
1530.515625	1939.787842
1529.461914	1782.482666
1528.408203	1929.329834
1527.354492	1944.772095
1526.299805	2039.723022
1525.246094	1971.616699
1524.191406	1853.848022
1523.136719	1561.835449
1522.081055	1976.903809
1521.026367	1805.381714
1519.970703	1545.786865
1518.915039	1551.369019
1517.859375	1620.511963
1516.802734	1726.015747
1515.747070	1467.381470
1514.690430	1297.255005
1513.633789	1260.830566
1512.577148	1387.425659
1511.519531	1609.112549
1510.461914	1548.350586
1509.405273	1311.531738
1508.346680	1158.591187
1507.289063	770.968689
1506.231445	1025.151123
1505.172852	951.985229
1504.114258	1438.970093
1503.055664	1199.110474
1501.996094	817.359314
1500.937500	1128.682739
1499.877930	1284.419312
1498.818359	774.922668
1497.757813	856.656006
1496.698242	1046.787109
1495.637695	700.554504
1494.577148	408.756134
1493.516602	356.127136
1492.456055	227.135071
1491.394531	452.021606
1490.333008	316.722656
1489.271484	292.012268
1488.209961	335.055206
1487.148438	529.084534
1486.085938	36.956203
1485.023438	80.665489
1483.960938	286.517700
1482.898438	299.120880
1481.834961	419.872650
1480.772461	547.542053
1479.708984	785.517822
1478.644531	816.847961
1477.581055	767.581482
1476.517578	1115.971802
1475.453125	761.695190
1474.388672	912.738831
1473.323242	947.394531
1472.258789	740.037354
1471.193359	730.082458
1470.127930	870.832825
1469.062500	903.898071
1467.997070	726.735596
1466.930664	1027.009521
1465.865234	962.443665
1464.798828	765.565186
1463.731445	893.244141
1462.665039	1203.306763
1461.597656	1072.089844
1460.530273	1133.554321
1459.462891	1164.143799
1458.395508	1077.897705
1457.327148	787.241272
1456.259766	823.550964
1455.191406	1055.951294
1454.123047	810.596985
1453.053711	996.676147
1451.985352	850.510620
1450.916016	895.314270
1449.846680	1067.708008
1448.776367	1288.468384
1447.707031	1067.255371
1446.636719	1484.116577
1445.566406	924.294983
1444.496094	974.612732
1443.425781	1053.888184
1442.354492	959.535950
1441.283203	729.960083
1440.211914	734.127380
1439.140625	760.299377
1438.069336	957.349060
1436.997070	1112.592407
1435.924805	680.313171
1434.852539	791.101074
1433.780273	667.287903
1432.707031	700.602600
1431.633789	925.431458
1430.560547	590.475525
1429.487305	504.765778
1428.413086	487.863861
1427.339844	559.458374
1426.265625	434.065643
1425.191406	694.912476
1424.116211	147.606308
1423.041992	39.343670
1421.966797	86.132774
1420.891602	48.394859
1419.816406	93.330704
1418.740234	264.417755
1417.665039	-108.569443
1416.588867	39.023800
1415.512695	3.766048
1414.435547	-1.237526
1413.359375	203.992889
1412.282227	-50.165665
1411.205078	43.258743
1410.127930	4.298779
1409.049805	-172.371063
1407.972656	-212.042648
1406.894531	-301.637756
1405.816406	-78.130859
1404.737305	-259.196320
1403.659180	-84.180435
1402.580078	11.180173
1401.500977	63.937500
1400.421875	-332.176697
1399.341797	-49.951141
1398.262695	102.097862
1397.182617	-52.381573
1396.102539	84.839188
1395.021484	249.749542
1393.941406	6.095181
1392.860352	419.791351
1391.779297	282.907654
1390.698242	306.142487
1389.616211	128.417801
1388.535156	470.047516
1387.453125	197.985947
1386.371094	305.342590
1385.288086	583.954163
1384.206055	440.107666
1383.123047	212.116241
1382.040039	595.815125
1380.957031	444.168304
1379.873047	634.489868
1378.789063	408.059814
1377.705078	457.519714
1376.621094	616.718140
1375.537109	655.888550
1374.452148	852.478699
1373.367188	698.623047
1372.282227	728.172058
1371.197266	806.542725
1370.112305	751.886169
1369.026367	815.602356
1367.940430	682.307068
1366.854492	729.870300
1365.767578	1122.547852
1364.681641	1333.014404
1363.594727	833.569885
1362.507813	749.194458
1361.419922	952.367126
1360.333008	581.372559
1359.245117	871.500244
1358.157227	761.764771
1357.069336	1027.721558
1355.981445	604.967102
1354.892578	861.049622
1353.803711	866.885376
1352.714844	976.982910
1351.625000	972.453430
1350.536133	1144.724976
1349.446289	1080.925781
1348.356445	918.934265
1347.266602	1163.399292
1346.175781	1182.708374
1345.085938	978.729248
1343.995117	1235.619019
1342.903320	1561.062500
1341.812500	1295.963257
1340.720703	1226.901489
1339.629883	1409.583130
1338.538086	1595.268311
1337.445313	1345.293945
1336.353516	1271.302734
1335.260742	1665.643433
1334.167969	1563.360352
1333.075195	1409.930298
1331.981445	1277.918457
1330.888672	1496.702026
1329.794922	1386.871826
1328.701172	1329.758179
1327.606445	1066.612061
1326.512695	912.040283
1325.417969	1225.876709
1324.323242	1443.808472
1323.227539	1523.796265
1322.132813	1428.096069
1321.037109	1365.987915
1319.941406	1288.562988
1318.845703	1610.460327
1317.750000	1172.002319
1316.653320	1338.322266
1315.556641	1120.928589
1314.459961	1091.171143
1313.363281	1065.905884
1312.265625	1200.750610
1311.167969	1046.869507
1310.070313	1026.858643
1308.972656	843.304260
1307.874023	786.223083
1306.776367	646.773926
1305.677734	759.857422
1304.579102	790.572510
1303.479492	496.299622
1302.380859	602.317932
1301.281250	671.741577
1300.181641	713.233704
1299.081055	534.112488
1297.981445	507.121155
1296.880859	577.128540
1295.780273	496.350006
1294.679688	627.074829
1293.578125	416.781982
1292.476563	184.739212
1291.375000	374.520966
1290.273438	-52.964333
1289.171875	270.832336
1288.069336	131.421539
1286.966797	15.119448
1285.864258	-0.651861
1284.761719	29.617569
1283.658203	264.606567
1282.554688	114.908302
1281.451172	159.403824
1280.347656	128.913651
1279.244141	220.746521
1278.139648	518.950745
1277.035156	424.003906
1275.930664	22.380804
1274.825195	278.608398
1273.720703	555.039551
1272.615234	601.302307
1271.508789	495.494751
1270.403320	307.803253
1269.297852	425.881927
1268.191406	431.517822
1267.084961	257.312988
1265.977539	566.699158
1264.871094	489.369995
1263.763672	301.985748
1262.656250	307.943146
1261.548828	174.707184
1260.440430	317.860199
1259.333008	377.425507
1258.224609	440.499359
1257.115234	373.789063
1256.006836	279.618439
1254.897461	92.423851
1253.788086	167.253952
1252.678711	237.017136
1251.569336	180.639359
1250.458984	153.437653
1249.349609	110.010880
1248.239258	64.356293
1247.127930	7.726082
1246.017578	300.687714
1244.906250	-70.987991
1243.794922	75.057983
1242.683594	52.235970
1241.571289	105.324142
1240.459961	38.409313
1239.347656	185.719528
1238.234375	196.424957
1237.122070	-110.010712
1236.008789	89.968765
1234.896484	108.955963
1233.782227	-85.228424
1232.668945	172.620728
1231.555664	-224.425354
1230.441406	-178.410645
1229.327148	38.215153
1228.211914	-190.130997
1227.097656	-136.329208
1225.982422	-26.787971
1224.867188	3.697328
1223.751953	113.457016
1222.635742	81.351410
1221.520508	147.818848
1220.404297	-117.873436
1219.287109	-88.822853
1218.170898	-90.532372
1217.053711	-103.908661
1215.936523	-135.547760
1214.819336	-100.297043
1213.702148	1.609435
1212.583984	118.174454
1211.465820	162.257126
1210.347656	253.412491
1209.229492	340.904510
1208.110352	658.933167
1206.992188	938.904236
1205.873047	892.967285
1204.752930	1082.302246
1203.633789	1032.428345
1202.513672	1493.264648
1201.393555	1361.174316
1200.273438	1512.253540
1199.152344	1344.873901
1198.032227	1312.324707
1196.911133	1323.096558
1195.790039	1315.703735
1194.667969	1408.435547
1193.545898	1251.384033
1192.424805	1038.255127
1191.301758	825.031128
1190.179688	705.386841
1189.056641	631.136658
1187.933594	573.482544
1186.810547	256.381989
1185.687500	225.899933
1184.563477	220.907486
1183.440430	-5.675891
1182.316406	-42.975727
1181.191406	3.539603
1180.067383	39.362179
1178.942383	4.073191
1177.817383	46.921936
1176.692383	106.885567
1175.566406	207.160950
1174.440430	330.329651
1173.314453	388.398132
1172.188477	548.296753
1171.062500	705.045593
1169.935547	777.714417
1168.808594	857.144836
1167.681641	790.794556
1166.553711	677.420593
1165.426758	436.706299
1164.298828	289.463684
1163.170898	214.239975
1162.041992	32.981243
1160.914063	168.223206
1159.785156	214.730347
1158.656250	145.685013
1157.526367	297.386566
1156.397461	1.974878
1155.267578	-118.895515
1154.137695	10.631926
1153.006836	-121.137886
1151.876953	-161.874847
1150.746094	-115.071579
1149.615234	-408.722717
1148.484375	-214.444534
1147.352539	-303.407135
1146.220703	-377.431000
1145.088867	-240.034729
1143.957031	-204.719330
1142.825195	-132.290482
1141.692383	-77.014404
1140.559570	144.300690
1139.426758	30.476110
1138.292969	-26.578819
1137.159180	-200.197388
1136.025391	-205.263306
1134.891602	93.038902
1133.757813	263.665375
1132.623047	259.353149
1131.488281	517.146484
1130.353516	580.587402
1129.217773	601.311157
1128.083008	591.167908
1126.947266	847.782104
1125.811523	671.770996
1124.674805	360.548615
1123.539063	221.313660
1122.402344	247.326645
1121.265625	254.441483
1120.127930	224.933228
1118.990234	250.870895
1117.853516	363.823944
1116.714844	128.450333
1115.577148	267.979431
1114.439453	48.031841
1113.300781	67.965988
1112.162109	96.285233
1111.022461	-182.519379
1109.883789	-30.240450
1108.744141	77.446426
1107.604492	8.978724
1106.463867	175.917389
1105.324219	248.078232
1104.183594	146.646118
1103.042969	108.127388
1101.902344	46.990326
1100.760742	333.258240
1099.619141	273.217163
1098.477539	400.138184
1097.335938	416.534485
1096.193359	439.429016
1095.051758	422.243378
1093.909180	640.787292
1092.765625	453.870667
1091.623047	639.697083
1090.479492	604.143982
1089.335938	599.209595
1088.192383	741.126038
1087.047852	903.333313
1085.903320	808.818298
1084.758789	996.803406
1083.614258	888.278687
1082.469727	876.720337
1081.324219	1094.708496
1080.178711	1027.406616
1079.033203	1218.478394
1077.886719	1082.351318
1076.740234	1201.864990
1075.593750	1202.126831
1074.447266	1049.425415
1073.300781	1054.151611
1072.153320	1117.722168
1071.005859	1217.432739
1069.858398	1179.699097
1068.709961	1424.426147
1067.561523	1416.060425
1066.413086	1153.664063
1065.264648	1183.053589
1064.116211	1243.637207
1062.966797	1464.190430
1061.817383	1278.208984
1060.667969	1499.356934
1059.517578	1531.503296
1058.368164	1425.744141
1057.217773	1322.692139
1056.067383	1352.625244
1054.916016	1093.062012
1053.764648	752.157532
1052.613281	614.474365
1051.461914	503.356506
1050.310547	699.925110
1049.158203	814.200500
1048.005859	737.246460
1046.853516	429.334717
1045.700195	563.147278
1044.547852	484.828400
1043.394531	425.898102
1042.240234	455.928528
1041.086914	605.656494
1039.932617	744.675598
1038.778320	765.484314
1037.624023	582.315369
1036.469727	961.307739
1035.314453	1313.083862
1034.159180	928.631104
1033.003906	1066.483032
1031.847656	1260.273438
1030.692383	1570.208252
1029.536133	1452.640747
1028.378906	1395.248657
1027.222656	1136.553101
1026.065430	1006.619385
1024.908203	910.969238
1023.750977	932.089417
1022.593750	715.706909
1021.435547	1098.827637
1020.277344	772.170959
1019.119141	689.969788
1017.959961	588.784485
1016.800781	479.715607
1015.641602	479.402405
1014.482422	643.568054
1013.323242	453.463135
1012.163086	700.782043
1011.002930	475.520721
1009.842773	266.244141
1008.681641	409.607391
1007.520508	323.003235
1006.359375	150.986923
1005.198242	633.898926
1004.037109	556.318054
1002.875000	628.662415
1001.712891	618.634094
1000.550781	605.456238
999.387695	589.695374
998.224609	325.041962
997.061523	333.260406
995.898438	579.185364
994.734375	476.814484
993.571289	353.343933
992.407227	166.563049
991.242188	380.642120
990.078125	441.524231
988.913086	517.933533
987.748047	668.766846
986.583008	686.724060
985.416992	544.145752
984.250977	657.204407
983.084961	760.953552
981.918945	851.516907
980.751953	478.826538
979.584961	528.850220
978.417969	686.912964
977.250977	712.837830
976.083008	693.962646
974.915039	656.560364
973.747070	378.749054
972.579102	527.611450
971.410156	682.492920
970.242188	693.369324
969.072266	573.592896
967.903320	711.385315
966.733398	611.695679
965.563477	574.012512
964.393555	549.629700
963.223633	611.676941
962.052734	310.619965
960.881836	851.656738
959.710938	795.266602
958.540039	686.638000
957.368164	561.710754
956.196289	629.062195
955.024414	604.275269
953.851563	296.061005
952.679688	363.880646
951.506836	240.919159
950.333984	381.598022
949.160156	395.129974
947.986328	442.503082
946.812500	473.521027
945.638672	180.950287
944.464844	505.074982
943.290039	581.470703
942.115234	43.292015
940.940430	-125.946533
939.764648	-43.269161
938.588867	26.851950
937.413086	532.378662
936.237305	129.938736
935.060547	400.429626
933.883789	374.320801
932.707031	232.648361
931.530273	487.702209
930.352539	516.594299
929.175781	355.335846
927.998047	177.014908
926.819336	557.714233
925.641602	447.488342
924.462891	482.309784
923.284180	241.904480
922.104492	174.266708
920.924805	471.163635
919.746094	479.501373
919.551758	240.587509
918.386719	151.347855
917.220703	53.552765
916.054688	113.371979
914.887695	43.176243
913.721680	-12.164091
912.554688	-31.351824
911.387695	123.945152
910.220703	-84.811409
909.052734	112.856346
907.885742	33.819336
906.717773	29.192518
905.548828	41.521450
904.380859	36.763340
903.211914	106.345276
902.042969	50.449417
900.874023	-241.331650
899.704102	-95.444412
898.535156	-30.394018
897.365234	181.093719
896.194336	211.984238
895.024414	-7.664796
893.853516	235.346237
892.682617	87.809242
891.511719	-146.698853
890.340820	153.281662
889.168945	171.075302
887.997070	248.165558
886.825195	39.033619
885.653320	298.252472
884.480469	165.365128
883.307617	74.841599
882.134766	293.502869
880.961914	120.310593
879.788086	311.254852
878.614258	89.354591
877.440430	55.825336
876.266602	-79.291252
875.091797	98.654900
873.916992	213.036392
872.742188	-32.114887
871.567383	35.646992
870.391602	-34.035915
869.215820	-14.988124
868.040039	-230.494202
866.864258	-186.157074
865.687500	-21.510656
864.510742	-78.660599
863.333984	39.372181
862.157227	47.570644
860.979492	-60.321957
859.802734	8.988739
858.625000	-309.849243
857.446289	-84.544479
856.268555	-127.126663
855.089844	-268.795654
853.911133	-233.424423
852.731445	-61.147003
851.552734	-32.229168
850.373047	-102.343742
849.193359	-290.385132
848.013672	20.557299
846.833008	95.601250
845.652344	-161.915176
844.471680	26.674440
843.291016	-18.338501
842.110352	48.097157
840.928711	-158.871750
839.747070	-126.137497
838.564453	215.516983
837.382813	-186.888321
836.200195	45.322498
835.017578	103.063896
833.834961	17.943598
832.651367	29.410889
831.467773	246.563858
830.284180	43.842220
829.100586	124.445442
827.916992	53.936272
826.732422	130.250137
825.547852	45.030121
824.363281	364.456116
823.177734	553.762268
821.992188	474.703064
820.806641	360.026672
819.621094	421.336823
818.434570	390.437775
817.249023	37.041637
816.062500	200.875992
814.875000	548.813904
813.688477	482.216064
812.500977	292.176971
811.313477	250.705185
810.125977	366.076111
808.937500	498.101593
807.749023	408.444458
806.560547	440.020752
805.372070	337.814880
804.182617	452.904114
802.994141	319.344818
801.803711	196.259369
800.614258	125.388596
799.424805	405.221832
798.234375	-62.265331
797.043945	236.213074
795.852539	392.677460
794.662109	138.141434
793.470703	352.889984
792.279297	323.580261
791.087891	375.548065
789.895508	471.233551
788.703125	79.274391
787.510742	201.998535
786.318359	99.700752
785.125000	-29.653568
783.931641	80.432655
782.738281	132.160400
781.544922	-136.648270
780.350586	-49.590614
779.156250	-301.671448
777.961914	182.550415
776.767578	61.457527
775.572266	-1.408842
774.376953	-400.992889
773.181641	-66.902313
771.986328	-7.229201
770.790039	19.153500
769.593750	47.565342
768.397461	-191.911972
767.201172	31.592348
766.003906	-6.537010
764.806641	110.939507
763.609375	56.140694
762.412109	136.144302
761.213867	68.846611
760.015625	-41.999081
758.817383	-90.654877
757.618164	-29.488302
756.419922	-198.378815
755.220703	129.934967
754.021484	263.386169
752.821289	59.220360
751.621094	130.441040
750.420898	38.075108
749.220703	5.717806
748.020508	-198.394989
746.819336	-176.992508
745.618164	-254.912933
744.416992	6.253425
743.214844	325.148285
742.012695	410.316376
740.810547	371.419342
739.608398	419.261292
738.406250	661.195313
737.203125	587.024963
736.000000	766.787415
734.795898	1524.409180
733.592773	1468.531494
732.388672	1781.967163
731.184570	2014.768921
729.979492	2100.986084
728.775391	1820.069214
727.570313	1574.263916
726.365234	1478.976685
725.160156	990.068420
723.954102	657.898865
722.748047	519.442993
721.541992	430.416931
720.334961	118.996872
719.128906	266.719543
717.921875	91.191475
716.714844	96.758934
715.506836	-278.335815
714.298828	-106.201492
713.090820	-108.996880
711.882813	198.607559
710.674805	-90.099709
709.465820	-17.038740
708.256836	-57.079758
707.047852	54.850903
705.837891	162.563477
704.627930	-58.382408
703.417969	65.604492
702.208008	66.320488
700.998047	136.741592
699.787109	297.343811
698.576172	96.786659
697.364258	443.821411
696.153320	111.953583
694.941406	206.555389
693.729492	600.282654
692.516602	477.394287
691.304688	518.384521
690.091797	555.187622
688.878906	933.893250
687.665039	1068.725098
686.451172	837.016846
685.237305	992.131470
684.023438	946.587891
682.809570	682.100525
681.594727	718.300842
680.379883	617.407898
679.165039	669.809875
677.949219	384.858734
676.733398	821.316711
675.517578	554.687317
674.301758	757.905640
673.084961	867.016846
671.869141	528.847168
670.651367	590.847412
669.434570	783.364807
668.216797	526.802490
667.000000	427.358276
665.781250	686.851318
664.563477	395.561371
663.344727	187.902771
662.125977	544.876831
660.907227	542.940186
659.688477	477.758606
658.468750	510.298523
657.249023	306.491241
656.029297	353.139221
654.808594	314.175507
653.587891	468.504364
652.367188	602.334473
651.146484	569.191101
649.924805	438.341003
648.704102	370.503815
647.482422	550.656738
646.259766	742.842285
645.037109	430.838409
643.815430	543.552063
642.591797	331.087891
641.369141	539.057800
640.145508	547.848511
638.921875	670.238220
637.698242	794.517822
636.474609	802.986206
635.250000	811.358765
634.025391	931.205078
632.800781	754.820129
631.575195	477.036316
630.349609	450.652039
629.124023	339.069702
627.898438	478.709320
626.671875	429.789886
625.445313	234.971420
624.218750	-81.357285
622.992188	507.362549
621.764648	407.519623
620.537109	327.869995
619.309570	446.450989
618.081055	516.340637
616.852539	294.879211
615.624023	237.209625
614.395508	300.775452
613.166992	285.401245
611.937500	179.008560
610.708008	-68.847061
609.477539	-126.816452
608.248047	-61.655499
607.017578	118.472420
605.787109	-20.499849
604.555664	-207.938156
603.325195	218.019379
602.093750	46.581978
600.861328	155.476501
599.629883	157.373856
598.397461	183.377472
597.165039	134.709839
595.932617	370.119568
594.699219	141.955261
593.465820	179.695541
592.232422	11.923005
590.999023	41.464466
589.764648	127.271896
588.530273	251.205032
587.295898	97.327042
586.061523	329.695251
584.826172	151.572006
583.590820	108.180641
582.355469	378.363647
581.119141	389.057098
579.882813	439.865387
578.646484	271.578308
577.410156	679.802124
576.172852	396.912170
574.935547	606.007263
573.698242	965.500244
572.460938	1180.265137
571.222656	999.563599
569.984375	786.774170
568.746094	654.237427
567.506836	485.588196
566.267578	473.330048
565.028320	350.764557
563.789063	170.072296
562.548828	175.723877
561.309570	123.225945
560.068359	347.052917
558.828125	142.236038
557.586914	39.537697
556.345703	-177.260864
555.104492	-61.850185
553.863281	11.440525
552.621094	-89.379410
551.378906	-182.212189
550.136719	104.814125
548.893555	-279.974854
547.650391	-294.934387
546.407227	-297.950317
545.164063	-271.053131
543.919922	-284.169312
542.675781	42.119404
541.431641	-122.875633
540.186523	-56.333061
538.941406	75.985786
537.696289	10.689071
536.451172	-84.542824
535.205078	-18.257879
533.959961	-27.803442
532.712891	-166.969513
531.466797	-3.189446
530.219727	-56.712513
528.972656	-26.587090
527.725586	23.398279
526.478516	-175.580154
525.230469	-57.988804
523.982422	-36.024525
522.734375	-4.161563
521.485352	25.651028
520.236328	71.321823
518.987305	35.399887
517.737305	224.113663
516.488281	577.700073
515.238281	470.019989
513.988281	382.218201
512.737305	491.067749
511.486328	274.113770
510.235352	263.723236
508.984375	132.194778
507.732422	399.621338
506.480469	398.999054
505.228516	273.348969
503.976563	419.451721
502.723633	474.218323
501.470703	310.826263
500.217773	371.452484
498.963867	213.997803
497.709961	329.996979
496.456055	229.976303
495.202148	151.733398
493.947266	247.715424
492.692383	111.982246
491.437500	217.723785
490.181641	250.140640
488.926758	62.892982
487.670898	289.055237
486.414063	360.803070
485.158203	557.023010
483.901367	442.745911
482.644531	484.573883
481.386719	658.688782
480.128906	1012.417114
478.871094	862.296997
477.613281	881.973999
476.355469	1189.784668
475.096680	1201.312134
473.837891	987.790649
472.578125	831.472656
471.319336	971.000061
470.059570	893.435852
468.799805	768.482483
467.539063	1071.205811
466.278320	961.800354
465.017578	1082.850952
463.756836	918.090881
462.495117	899.000916
461.233398	779.364746
459.971680	1122.262573
458.709961	939.358276
457.447266	837.049255
456.184570	1055.298340
454.921875	948.747192
453.658203	965.944397
452.394531	896.447998
451.130859	875.932129
449.867188	994.758118
448.602539	1201.730591
447.337891	1117.676636
446.073242	948.985840
444.807617	901.861938
443.542969	768.151489
442.276367	901.146057
441.010742	861.157471
439.744141	856.214844
438.478516	735.282166
437.210938	972.936279
435.944336	949.443115
434.676758	710.018127
433.409180	725.125244
432.141602	769.271484
430.873047	728.798584
429.604492	760.433655
428.335938	501.887573
427.067383	340.935211
425.797852	610.192749
424.528320	657.796875
423.258789	669.720337
421.988281	677.250793
420.717773	827.045959
419.447266	841.385742
418.175781	857.141113
416.905273	757.081360
415.633789	838.192993
414.362305	727.275513
413.089844	727.110229
411.817383	823.957458
410.544922	519.960510
409.272461	699.445923
407.999023	706.450439
406.725586	507.919373
405.452148	560.349304
404.177734	688.035156
402.903320	668.677917
401.628906	812.254578
400.354492	742.542297
399.079102	999.288086
397.803711	620.055786
396.528320	580.874451
395.251953	575.795349
393.976563	515.273987
392.700195	444.025116
391.422852	686.955383
390.145508	115.591179
388.869141	216.334488
387.590820	494.731140
386.313477	493.885529
385.035156	361.587708
383.756836	216.455994
382.478516	287.704132
381.199219	246.865250
379.919922	127.016685
378.640625	31.074615
377.360352	176.335770
376.080078	87.186310
374.799805	-28.661598
373.519531	106.157570
372.238281	64.726936
370.957031	-20.992630
369.675781	-123.878883
368.394531	-61.787155
367.112305	-53.881966
365.830078	29.665480
364.546875	-68.898399
363.264648	-6.656528
361.981445	252.910660
360.698242	-52.945160
359.414063	-6.707059
358.129883	-219.982162
356.845703	278.363831
355.561523	186.300034
354.276367	-37.680168
352.991211	72.368393
351.706055	-11.440671
350.420898	-53.315342
349.134766	19.982758
347.848633	333.918213
346.561523	225.876785
345.275391	-91.427933
343.988281	70.955307
342.700195	290.031952
341.413086	4.447972
340.125000	-95.197174
338.836914	-37.942440
337.548828	-144.020203
336.259766	158.989059
334.970703	84.548645
333.681641	164.597092
332.391602	-165.568466
331.101563	-39.019249
329.811523	58.641026
328.521484	-211.472366
327.230469	290.050018
325.939453	273.498413
324.648438	460.537262
323.356445	269.947754
322.064453	-198.011673
320.772461	67.985664
319.480469	421.526337
318.187500	126.299721
316.894531	118.409286
315.601563	145.921799
314.307617	488.937073
313.013672	206.465195
311.719727	81.992348
310.425781	-43.997440
309.130859	-252.380219
307.835938	99.569679
306.541016	54.319733
305.245117	-190.674469
303.949219	-177.068542
302.653320	-115.997818
301.356445	1.757312
300.060547	222.380295
298.763672	382.459686
