2000.043945	-235.693924
1999.080078	-173.017517
1998.116211	-35.984879
1997.151367	75.571472
1996.186523	399.521362
1995.222656	-117.079475
1994.256836	-12.393594
1993.291992	316.989014
1992.327148	9.379318
1991.361328	191.470276
1990.395508	162.580780
1989.429688	323.711975
1988.463867	-30.322895
1987.497070	211.421692
1986.531250	254.737000
1985.564453	-132.653595
1984.597656	211.417709
1983.630859	60.581005
1982.664063	319.612549
1981.696289	237.181808
1980.728516	151.918198
1979.761719	19.368372
1978.792969	79.140038
1977.825195	-261.449615
1976.857422	66.717918
1975.888672	243.890244
1974.919922	161.584091
1973.951172	246.770432
1972.982422	371.097717
1972.013672	453.173126
1971.043945	46.731762
1970.075195	281.154816
1969.105469	165.240448
1968.135742	110.739990
1967.165039	233.441315
1966.195313	365.724701
1965.224609	-21.942736
1964.253906	18.821274
1963.283203	367.141235
1962.312500	190.817245
1961.341797	142.369797
1960.370117	167.601395
1959.399414	411.625824
1958.427734	131.474426
1957.455078	-77.388245
1956.483398	195.636276
1955.511719	355.343231
1954.539063	273.994019
1953.566406	413.741852
1952.593750	548.417969
1951.621094	206.363129
1950.647461	23.997614
1949.674805	33.156448
1948.701172	-129.629440
1947.727539	144.523209
1946.753906	-79.723503
1945.780273	108.304054
1944.805664	232.419266
1943.831055	10.569447
1942.856445	173.800781
1941.881836	219.231552
1940.907227	-159.516235
1939.932617	113.849205
1938.957031	205.737732
1937.981445	209.361572
1937.005859	193.367554
1936.030273	98.988243
1935.054688	200.540054
1934.078125	86.594147
1933.101563	-142.368317
1932.125000	79.093666
1931.148438	90.032280
1930.171875	-14.014091
1929.194336	-162.039398
1928.217773	-87.445015
1927.240234	341.697754
1926.262695	25.048801
1925.284180	1.857921
1924.306641	122.883255
1923.328125	131.496536
1922.350586	531.002441
1921.372070	444.339020
1920.392578	79.354050
1919.414063	158.902512
1918.434570	304.369537
1917.456055	20.262108
1916.476563	-22.116745
1915.497070	84.387482
1914.516602	-87.181343
1913.537109	-73.295494
1912.556641	-152.023071
1911.576172	10.678560
1910.595703	-9.441545
1909.615234	-131.860962
1908.633789	-210.323196
1907.653320	-252.168808
1906.671875	-293.944366
1905.690430	-226.068985
1904.708984	172.957855
1903.727539	165.363159
1902.745117	-229.151443
1901.762695	-119.755562
1900.780273	18.845934
1899.797852	-229.309692
1898.815430	145.273712
1897.832031	-71.090950
1896.849609	245.083862
1895.866211	233.062485
1894.882813	352.328735
1893.898438	114.439621
1892.915039	-133.032059
1891.930664	146.703598
1890.947266	190.830429
1889.962891	-27.218998
1888.977539	354.453400
1887.993164	29.771212
1887.007813	-39.948067
1886.023438	293.136810
1885.038086	24.591524
1884.051758	-214.695908
1883.066406	98.986450
1882.081055	242.898544
1881.094727	23.234037
1880.108398	-232.653656
1879.122070	56.755978
1878.135742	-392.752930
1877.148438	240.595352
1876.162109	43.146610
1875.174805	56.451359
1874.187500	-126.280045
1873.199219	-95.924217
1872.211914	101.414993
1871.223633	-73.850410
1870.236328	65.425529
1869.248047	-92.770897
1868.258789	-103.378418
1867.270508	-63.190811
1866.282227	-155.926529
1865.292969	94.559311
1864.303711	-68.177818
1863.314453	148.428986
1862.324219	229.731674
1861.334961	120.252426
1860.344727	-32.615910
1859.354492	220.119385
1858.364258	26.296635
1857.374023	242.763885
1856.383789	-52.285088
1855.392578	-130.119461
1854.401367	52.534595
1853.410156	83.230179
1852.418945	-93.397598
1851.426758	-7.233151
1850.435547	4.196471
1849.443359	90.317406
1848.451172	200.497147
1847.458984	257.650024
1846.466797	415.913116
1845.473633	58.911690
1844.480469	63.097195
1843.487305	-118.033981
1842.494141	179.717651
1841.500977	80.407089
1840.506836	228.868546
1839.513672	105.512535
1838.519531	-164.473251
1837.525391	219.483765
1836.530273	91.352516
1835.536133	256.406952
1834.541016	82.625595
1833.545898	158.700302
1832.550781	-24.653816
1831.555664	-13.469637
1830.560547	400.999237
1829.564453	-80.008881
1828.568359	70.279999
1827.572266	234.875977
1826.576172	80.320404
1825.580078	451.045258
1824.583008	-104.029617
1823.585938	252.131668
1822.588867	25.623234
1821.591797	376.748230
1820.594727	80.721863
1819.596680	141.731369
1818.599609	298.477753
1817.601563	62.364262
1816.603516	101.644020
1815.604492	-48.259598
1814.606445	239.841187
1813.607422	243.011398
1812.608398	171.951675
1811.609375	119.998459
1810.610352	290.429626
1809.610352	-134.675461
1808.611328	90.602234
1807.611328	203.389618
1806.611328	581.342834
1805.610352	337.843842
1804.610352	-211.426102
1803.609375	254.563782
1802.608398	163.887939
1801.607422	92.273613
1800.606445	180.553543
1799.605469	235.308502
1798.603516	108.615379
1797.601563	163.213089
1796.599609	415.694244
1795.597656	398.506866
1794.595703	107.032639
1793.592773	216.100098
1792.589844	-30.106041
1791.587891	124.052467
1790.583984	130.348068
1789.581055	208.017944
1788.577148	307.008789
1787.574219	-22.764652
1786.570313	-45.371593
1785.566406	-49.017181
1784.561523	297.097198
1783.557617	326.514038
1782.552734	324.899841
1781.547852	156.690491
1780.542969	330.898865
1779.538086	162.557312
1778.532227	279.452332
1777.527344	-224.137939
1776.521484	35.166786
1775.515625	101.824646
1774.508789	51.963608
1773.502930	37.641956
1772.496094	379.403381
1771.489258	134.534622
1770.482422	-62.873142
1769.475586	245.175598
1768.467773	170.993896
1767.460938	269.908966
1766.453125	245.348190
1765.445313	85.518967
1764.437500	-83.840889
1763.428711	277.741425
1762.420898	454.215393
1761.412109	218.208633
1760.403320	-13.080601
1759.393555	241.185425
1758.384766	234.738342
1757.375000	31.660122
1756.366211	15.565699
1755.356445	53.802299
1754.345703	25.654531
1753.335938	371.224335
1752.325195	167.752945
1751.315430	-0.278338
1750.304688	214.707245
1749.292969	107.972923
1748.282227	-53.200405
1747.270508	-23.002203
1746.259766	59.052013
1745.248047	-50.389698
1744.235352	416.400848
1743.223633	207.522156
1742.211914	-140.687225
1741.199219	-92.307098
1740.186523	116.425903
1739.173828	-21.902176
1738.160156	63.829781
1737.147461	267.354492
1736.133789	36.759705
1735.120117	126.805489
1734.106445	-198.197372
1733.091797	-32.948502
1732.078125	-124.731567
1731.063477	132.100739
1730.048828	-339.157623
1729.034180	105.804199
1728.019531	-370.202850
1727.003906	147.349579
1725.988281	203.248154
1724.972656	183.706192
1723.957031	-184.166504
1722.941406	66.683281
1721.924805	190.316711
1720.909180	-267.037567
1719.892578	-84.830025
1718.875977	-220.136429
1717.858398	250.844315
1716.841797	0.169845
1715.824219	64.287415
1714.806641	-134.800140
1713.789063	126.370728
1712.770508	100.879990
1711.752930	180.936798
1710.734375	0.331228
1709.715820	213.920242
1708.697266	-70.059082
1707.678711	-37.361862
1706.659180	-206.476929
1705.640625	-122.383354
1704.621094	226.483337
1703.600586	61.797501
1702.581055	-44.333351
1701.561523	151.726837
1700.541016	-24.856934
1699.520508	126.425758
1698.500000	197.937149
1697.478516	-11.622801
1696.458008	92.471748
1695.436523	-149.938858
1694.415039	300.248108
1693.393555	-42.886311
1692.372070	268.928467
1691.349609	363.046265
1690.327148	365.857300
1689.304688	200.270844
1688.282227	230.983292
1687.259766	359.739838
1686.236328	570.126404
1685.213867	362.245880
1684.190430	313.159576
1683.166016	490.491455
1682.142578	364.200287
1681.119141	688.344604
1680.094727	482.560760
1679.070313	486.759521
1678.045898	1013.397156
1677.020508	826.094238
1675.996094	1119.140625
1674.970703	983.031860
1673.945313	916.831665
1672.919922	743.388855
1671.893555	665.464417
1670.868164	680.690552
1669.841797	854.214844
1668.815430	713.243713
1667.789063	725.921021
1666.761719	1027.161865
1665.735352	888.380249
1664.708008	693.740845
1663.680664	980.675049
1662.653320	881.340454
1661.625000	747.097168
1660.597656	1149.939941
1659.569336	808.702820
1658.541016	876.590942
1657.512695	956.021729
1656.483398	979.607117
1655.455078	1172.705566
1654.425781	1177.566650
1653.396484	741.224060
1652.366211	1351.963379
1651.336914	1326.483154
1650.306641	1057.308228
1649.276367	1152.450928
1648.246094	1108.342285
1647.215820	1328.599121
1646.185547	1212.521484
1645.154297	1293.498413
1644.123047	1221.434937
1643.091797	1100.705444
1642.060547	1274.243164
1641.028320	1218.343262
1639.997070	1671.978271
1638.964844	1803.536011
1637.931641	1759.058838
1636.899414	1466.914185
1635.867188	1679.367798
1634.833984	1491.425659
1633.800781	1472.411133
1632.767578	1518.151611
1631.734375	1670.230835
1630.700195	1556.348022
1629.666016	1551.142822
1628.631836	1631.438965
1627.597656	1834.159790
1626.563477	1921.285522
1625.528320	1992.192993
1624.493164	1705.127441
1623.458008	1766.809082
1622.422852	2017.755005
1621.387695	1717.002075
1620.351563	1801.712280
1619.315430	1685.677612
1618.279297	1687.333374
1617.243164	1564.460205
1616.207031	1801.335083
1615.169922	1542.485352
1614.132813	1558.021484
1613.095703	1481.388306
1612.058594	1623.673218
1611.020508	1687.589355
1609.983398	1336.964966
1608.945313	1679.560669
1607.907227	1695.141113
1606.868164	2111.218262
1605.830078	1595.170776
1604.791016	1682.142700
1603.751953	2010.642212
1602.712891	1803.168945
1601.673828	1655.589722
1600.633789	1383.945923
1599.594727	1710.067139
1598.554688	2176.271240
1597.513672	1734.751343
1596.473633	1789.641357
1595.433594	1688.369629
1594.392578	1871.909424
1593.351563	1800.579468
1592.310547	1793.590210
1591.268555	1685.661133
1590.227539	1922.003906
1589.185547	1958.710571
1588.143555	2039.027222
1587.100586	1470.392334
1586.058594	1803.073975
1585.015625	1817.043213
1583.972656	1693.553833
1582.929688	1925.327881
1581.886719	1724.085571
1580.843750	1733.703247
1579.799805	1532.687988
1578.755859	1494.369385
1577.711914	1744.557495
1576.666992	1678.866943
1575.623047	1787.179565
1574.578125	1218.329224
1573.533203	1669.912720
1572.488281	1744.056274
1571.443359	1548.440918
1570.397461	1727.867310
1569.351563	1265.062744
1568.305664	1451.477783
1567.259766	1331.752197
1566.213867	1203.014282
1565.166992	1544.848145
1564.120117	1375.170288
1563.073242	1251.296387
1562.026367	1476.758789
1560.978516	1421.528687
1559.930664	1350.436157
1558.883789	1197.344360
1557.834961	1199.467651
1556.787109	1172.041138
1555.739258	1160.674683
1554.690430	1108.367432
1553.641602	1069.847290
1552.592773	951.691650
1551.542969	829.114441
1550.494141	897.991638
1549.444336	914.562866
1548.394531	1017.733398
1547.344727	515.514038
1546.293945	470.994232
1545.244141	829.314514
1544.193359	577.947937
1543.142578	690.677979
1542.090820	569.250854
1541.040039	598.026855
1539.988281	788.276733
1538.936523	585.408508
1537.884766	803.061768
1536.833008	764.046021
1535.780273	870.504517
1534.727539	595.547913
1533.674805	702.222046
1532.622070	441.250458
1531.569336	845.428894
1530.515625	686.857971
1529.461914	911.841248
1528.408203	565.305359
1527.354492	577.301819
1526.299805	675.560608
1525.246094	699.102783
1524.191406	804.336731
1523.136719	662.674622
1522.081055	276.528534
1521.026367	327.789551
1519.970703	390.472473
1518.915039	217.795624
1517.859375	405.218628
1516.802734	823.530945
1515.747070	375.198700
1514.690430	576.429199
1513.633789	458.795471
1512.577148	676.014954
1511.519531	438.836700
1510.461914	742.126343
1509.405273	586.649414
1508.346680	379.392731
1507.289063	312.413544
1506.231445	475.976624
1505.172852	420.558258
1504.114258	342.720490
1503.055664	366.623993
1501.996094	388.395691
1500.937500	256.857422
1499.877930	475.180664
1498.818359	346.204163
1497.757813	-294.481781
1496.698242	86.560791
1495.637695	309.799225
1494.577148	113.895943
1493.516602	116.495827
1492.456055	227.368729
1491.394531	158.146637
1490.333008	134.130081
1489.271484	53.977539
1488.209961	376.931488
1487.148438	148.503860
1486.085938	-25.686426
1485.023438	268.267853
1483.960938	299.087616
1482.898438	190.610962
1481.834961	-236.943176
1480.772461	-162.900696
1479.708984	34.851997
1478.644531	-250.409149
1477.581055	66.619965
1476.517578	325.250275
1475.453125	-161.466507
1474.388672	21.060934
1473.323242	185.652115
1472.258789	-102.835556
1471.193359	169.797516
1470.127930	94.810036
1469.062500	66.721550
1467.997070	9.996915
1466.930664	86.212204
1465.865234	222.098145
1464.798828	181.726929
1463.731445	114.096970
1462.665039	548.404907
1461.597656	273.325348
1460.530273	363.094116
1459.462891	506.508026
1458.395508	579.361816
1457.327148	402.672180
1456.259766	710.249268
1455.191406	569.734070
1454.123047	546.742371
1453.053711	548.045166
1451.985352	365.687988
1450.916016	416.373199
1449.846680	335.782562
1448.776367	592.791016
1447.707031	294.116760
1446.636719	431.574554
1445.566406	219.683426
1444.496094	499.402039
1443.425781	531.487915
1442.354492	198.080460
1441.283203	397.727325
1440.211914	140.113785
1439.140625	524.633972
1438.069336	264.326599
1436.997070	240.077698
1435.924805	89.881569
1434.852539	374.911621
1433.780273	164.630356
1432.707031	-9.315996
1431.633789	53.599522
1430.560547	98.770988
1429.487305	-298.915344
1428.413086	-35.838165
1427.339844	105.838646
1426.265625	-135.670975
1425.191406	-217.518661
1424.116211	-188.272064
1423.041992	12.800348
1421.966797	-141.420517
1420.891602	113.456139
1419.816406	-85.392509
1418.740234	-254.822647
1417.665039	-22.947758
1416.588867	9.954073
1415.512695	-97.021935
1414.435547	17.129801
1413.359375	-9.834113
1412.282227	-117.659599
1411.205078	-119.707031
1410.127930	-4.480987
1409.049805	89.721924
1407.972656	136.496933
1406.894531	110.173439
1405.816406	111.066231
1404.737305	-17.642389
1403.659180	220.915298
1402.580078	24.212141
1401.500977	171.701111
1400.421875	326.529877
1399.341797	421.219177
1398.262695	463.658966
1397.182617	416.793915
1396.102539	557.853699
1395.021484	247.160172
1393.941406	243.342728
1392.860352	342.295990
1391.779297	211.051941
1390.698242	338.369537
1389.616211	377.049622
1388.535156	287.419678
1387.453125	297.205475
1386.371094	607.707947
1385.288086	266.472473
1384.206055	468.136169
1383.123047	478.398315
1382.040039	2.576935
1380.957031	367.036377
1379.873047	593.170166
1378.789063	286.661285
1377.705078	194.682648
1376.621094	391.817322
1375.537109	354.154205
1374.452148	420.140045
1373.367188	331.324463
1372.282227	530.741699
1371.197266	13.789188
1370.112305	290.514832
1369.026367	365.578674
1367.940430	185.971268
1366.854492	274.633026
1365.767578	365.864868
1364.681641	183.357071
1363.594727	349.896057
1362.507813	499.477783
1361.419922	261.423004
1360.333008	335.858795
1359.245117	394.632782
1358.157227	414.650757
1357.069336	233.997604
1355.981445	231.859818
1354.892578	389.501953
1353.803711	683.755188
1352.714844	408.624390
1351.625000	55.747368
1350.536133	398.570038
1349.446289	716.835938
1348.356445	397.690338
1347.266602	449.227875
1346.175781	688.147278
1345.085938	305.338989
1343.995117	389.785614
1342.903320	503.304596
1341.812500	567.026306
1340.720703	636.003906
1339.629883	773.679993
1338.538086	805.043579
1337.445313	446.812561
1336.353516	378.497437
1335.260742	544.458679
1334.167969	587.000793
1333.075195	572.452820
1331.981445	583.535767
1330.888672	732.792603
1329.794922	718.256470
1328.701172	893.051697
1327.606445	648.325378
1326.512695	543.553772
1325.417969	492.467499
1324.323242	668.757263
1323.227539	568.951111
1322.132813	653.183044
1321.037109	382.299408
1319.941406	391.172302
1318.845703	616.404175
1317.750000	480.792694
1316.653320	427.795959
1315.556641	394.174530
1314.459961	332.394135
1313.363281	487.957581
1312.265625	359.760559
1311.167969	458.965790
1310.070313	162.179688
1308.972656	115.451904
1307.874023	163.373596
1306.776367	212.315903
1305.677734	261.255219
1304.579102	345.303284
1303.479492	162.162735
1302.380859	150.356796
1301.281250	38.580849
1300.181641	271.540314
1299.081055	203.051178
1297.981445	126.144257
1296.880859	-117.818779
1295.780273	-86.187355
1294.679688	-95.126572
1293.578125	-95.109337
1292.476563	-50.039814
1291.375000	-47.848743
1290.273438	124.757744
1289.171875	12.264931
1288.069336	-92.249161
1286.966797	-194.214203
1285.864258	30.648073
1284.761719	142.233109
1283.658203	-187.800903
1282.554688	165.555756
1281.451172	-92.445999
1280.347656	87.397919
1279.244141	247.281799
1278.139648	-43.716183
1277.035156	226.497635
1275.930664	64.107811
1274.825195	146.637878
1273.720703	122.721359
1272.615234	259.015747
1271.508789	71.746620
1270.403320	116.027977
1269.297852	-70.599045
1268.191406	-8.479969
1267.084961	167.998352
1265.977539	115.211082
1264.871094	115.903061
1263.763672	202.581467
1262.656250	149.615311
1261.548828	-19.304922
1260.440430	33.795567
1259.333008	96.358894
1258.224609	128.234070
1257.115234	77.004158
1256.006836	2.017546
1254.897461	186.420105
1253.788086	104.244987
1252.678711	162.094803
1251.569336	254.060471
1250.458984	114.610947
1249.349609	251.678726
1248.239258	316.845184
1247.127930	266.572296
1246.017578	145.798553
1244.906250	195.566177
1243.794922	243.228745
1242.683594	351.873322
1241.571289	248.800873
1240.459961	-0.264882
1239.347656	161.759247
1238.234375	195.276703
1237.122070	87.763313
1236.008789	-28.397049
1234.896484	108.466850
1233.782227	265.767029
1232.668945	195.121140
1231.555664	287.316467
1230.441406	106.366684
1229.327148	170.250687
1228.211914	-7.090122
1227.097656	187.461166
1225.982422	39.100590
1224.867188	-154.208466
1223.751953	-7.247951
1222.635742	-88.420303
1221.520508	33.772522
1220.404297	-112.272469
1219.287109	65.844353
1218.170898	-46.609249
1217.053711	-293.441498
1215.936523	-270.885986
1214.819336	-107.773483
1213.702148	136.594635
1212.583984	-7.572945
1211.465820	-204.820236
1210.347656	-28.347055
1209.229492	-82.759499
1208.110352	-81.475899
1206.992188	34.258530
1205.873047	-144.146225
1204.752930	6.016172
1203.633789	51.936310
1202.513672	-24.802197
1201.393555	-117.123840
1200.273438	-127.970566
1199.152344	-54.614471
1198.032227	-110.891907
1196.911133	-324.450043
1195.790039	-335.236633
1194.667969	-229.976944
1193.545898	-109.032684
1192.424805	-154.064194
1191.301758	-171.650970
1190.179688	-203.066025
1189.056641	-317.345673
1187.933594	-300.497864
1186.810547	-172.232025
1185.687500	-286.706757
1184.563477	-74.417259
1183.440430	-131.602997
1182.316406	-109.542992
1181.191406	-86.536591
1180.067383	-258.797607
1178.942383	-121.304504
1177.817383	-45.336205
1176.692383	-95.916527
1175.566406	-155.578018
1174.440430	-27.728394
1173.314453	1.378126
1172.188477	144.700180
1171.062500	103.022614
1169.935547	213.785309
1168.808594	248.858215
1167.681641	192.852341
1166.553711	44.070759
1165.426758	62.037300
1164.298828	65.473572
1163.170898	-9.808809
1162.041992	-106.491318
1160.914063	24.622171
1159.785156	-8.737323
1158.656250	-1.500140
1157.526367	-124.877228
1156.397461	-48.140766
1155.267578	42.291447
1154.137695	-12.065380
1153.006836	-53.896973
1151.876953	19.905777
1150.746094	3.418845
1149.615234	-42.635296
1148.484375	-47.530247
1147.352539	59.964066
1146.220703	-13.986347
1145.088867	77.796112
1143.957031	-14.018773
1142.825195	-61.001431
1141.692383	87.286980
1140.559570	126.969780
1139.426758	49.585949
1138.292969	61.810509
1137.159180	252.366592
1136.025391	449.631042
1134.891602	316.568695
1133.757813	216.993881
1132.623047	309.415405
1131.488281	404.222717
1130.353516	351.687256
1129.217773	513.565735
1128.083008	438.395355
1126.947266	475.289154
1125.811523	189.900497
1124.674805	97.446869
1123.539063	102.163216
1122.402344	146.501984
1121.265625	82.761360
1120.127930	53.988678
1118.990234	184.115051
1117.853516	188.257370
1116.714844	219.166672
1115.577148	377.351776
1114.439453	90.690010
1113.300781	347.648376
1112.162109	169.947372
1111.022461	147.598831
1109.883789	234.241409
1108.744141	36.045094
1107.604492	85.466980
1106.463867	-13.174655
1105.324219	153.937012
1104.183594	98.471565
1103.042969	207.093384
1101.902344	251.927582
1100.760742	33.401566
1099.619141	254.461105
1098.477539	-69.044037
1097.335938	125.130409
1096.193359	127.815956
1095.051758	299.287445
1093.909180	256.219482
1092.765625	327.401062
1091.623047	87.128914
1090.479492	206.944458
1089.335938	233.372116
1088.192383	101.328102
1087.047852	180.586899
1085.903320	136.282471
1084.758789	72.479477
1083.614258	289.281616
1082.469727	210.245712
1081.324219	73.849190
1080.178711	-60.000290
1079.033203	176.537323
1077.886719	141.743988
1076.740234	165.351746
1075.593750	-124.426292
1074.447266	65.982376
1073.300781	74.173668
1072.153320	148.064087
1071.005859	128.059753
1069.858398	332.338654
1068.709961	212.760529
1067.561523	76.721863
1066.413086	191.947525
1065.264648	240.640915
1064.116211	170.552261
1062.966797	82.759796
1061.817383	246.377121
1060.667969	281.730652
1059.517578	-40.638580
1058.368164	25.826797
1057.217773	34.681152
1056.067383	78.343002
1054.916016	108.132469
1053.764648	91.140030
1052.613281	156.358154
1051.461914	-24.585941
1050.310547	205.235764
1049.158203	-124.880257
1048.005859	-28.271030
1046.853516	163.317642
1045.700195	102.785599
1044.547852	133.488235
1043.394531	18.105816
1042.240234	79.753716
1041.086914	36.023914
1039.932617	26.006563
1038.778320	317.681396
1037.624023	107.675697
1036.469727	185.786591
1035.314453	357.263184
1034.159180	429.700592
1033.003906	797.487854
1031.847656	552.559387
1030.692383	643.218994
1029.536133	653.848938
1028.378906	523.998230
1027.222656	574.794983
1026.065430	530.914368
1024.908203	479.889374
1023.750977	385.374512
1022.593750	12.707980
1021.435547	122.663795
1020.277344	173.991882
1019.119141	46.389801
1017.959961	-80.749443
1016.800781	131.826172
1015.641602	-37.691696
1014.482422	255.857407
1013.323242	9.762831
1012.163086	115.919350
1011.002930	17.776407
1009.842773	253.078430
1008.681641	17.061865
1007.520508	83.420425
1006.359375	-20.271410
1005.198242	78.535454
1004.037109	67.929184
1002.875000	95.601128
1001.712891	261.981476
1000.550781	235.605652
999.387695	256.953949
998.224609	276.263336
997.061523	22.610199
995.898438	-83.153641
994.734375	9.442227
993.571289	-147.800110
992.407227	35.552040
991.242188	-91.895699
990.078125	46.506607
988.913086	-149.736282
987.748047	-37.400826
986.583008	-128.266098
985.416992	-149.246750
984.250977	-147.672852
983.084961	-181.595963
981.918945	-140.993393
980.751953	-242.053375
979.584961	-223.135193
978.417969	-59.822598
977.250977	-156.450363
976.083008	-111.919754
974.915039	-106.544006
973.747070	-107.795609
972.579102	-6.163621
971.410156	-7.785766
970.242188	-13.607771
969.072266	-119.114548
967.903320	-75.917519
966.733398	-46.130356
965.563477	-220.996780
964.393555	108.174774
963.223633	56.773136
962.052734	-83.133629
960.881836	-127.948303
959.710938	44.632950
958.540039	59.555592
957.368164	98.953957
956.196289	-83.836365
955.024414	36.820499
953.851563	-27.079885
952.679688	-105.152359
951.506836	-48.947929
950.333984	-58.917992
949.160156	-163.562241
947.986328	-139.456024
946.812500	153.605804
945.638672	-92.987976
944.464844	-44.696289
943.290039	-103.010178
942.115234	-297.583008
940.940430	-22.252645
939.764648	88.133354
938.588867	133.241974
937.413086	204.371124
936.237305	31.774759
935.060547	67.645187
933.883789	108.855560
932.707031	62.712551
931.530273	55.587280
930.352539	137.767639
929.175781	195.493332
927.998047	173.501190
926.819336	259.118286
925.641602	327.985870
924.462891	170.273178
923.284180	148.101624
922.104492	213.176865
920.924805	287.476746
919.746094	296.355255
919.551758	16.165672
918.386719	337.057526
917.220703	195.924255
916.054688	218.017273
914.887695	49.100620
913.721680	-225.450592
912.554688	158.043076
911.387695	-99.794807
910.220703	12.970269
909.052734	184.939102
907.885742	-98.765877
906.717773	167.520798
905.548828	-25.407085
904.380859	90.783035
903.211914	143.988846
902.042969	228.591934
900.874023	298.331482
899.704102	-92.445908
898.535156	14.245905
897.365234	-1.132200
896.194336	-73.820648
895.024414	16.082874
893.853516	-41.864265
892.682617	127.359360
891.511719	-19.289345
890.340820	0.251025
889.168945	88.053360
887.997070	-1.378398
886.825195	23.589405
885.653320	288.328705
884.480469	-70.458832
883.307617	-82.465454
882.134766	-41.036037
880.961914	118.308769
879.788086	100.647453
878.614258	276.417755
877.440430	41.295280
876.266602	124.852158
875.091797	31.576889
873.916992	225.495209
872.742188	119.283722
871.567383	-143.338028
870.391602	-133.586746
869.215820	21.442335
868.040039	9.015636
866.864258	-146.861160
865.687500	-69.236938
864.510742	-83.578880
863.333984	-72.226036
862.157227	52.992298
860.979492	113.837662
859.802734	31.373280
858.625000	-63.942062
857.446289	-23.409443
856.268555	-168.304321
855.089844	-48.941532
853.911133	-70.927658
852.731445	90.481041
851.552734	44.558182
850.373047	84.791389
849.193359	-182.985336
848.013672	-142.801514
846.833008	-22.047367
845.652344	23.507681
844.471680	-128.803558
843.291016	-138.261581
842.110352	-41.570686
840.928711	-87.727730
839.747070	109.487305
838.564453	6.519860
837.382813	-111.087036
836.200195	56.628967
835.017578	-274.957672
833.834961	170.517120
832.651367	-67.820732
831.467773	24.658216
830.284180	56.762371
829.100586	-29.922533
827.916992	-10.690631
826.732422	-115.668114
825.547852	124.378174
824.363281	63.131630
823.177734	-136.813324
821.992188	93.837112
820.806641	10.615982
819.621094	144.397125
818.434570	168.685913
817.249023	5.156576
816.062500	-1.610639
814.875000	197.484573
813.688477	-177.407761
812.500977	27.013111
811.313477	218.555054
810.125977	-39.725456
808.937500	206.269470
807.749023	-50.172665
806.560547	-29.991467
805.372070	-159.034729
804.182617	46.582409
802.994141	-53.425808
801.803711	42.912693
800.614258	60.999630
799.424805	-95.424706
798.234375	46.137646
797.043945	62.254845
795.852539	-90.579124
794.662109	108.850586
793.470703	168.369888
792.279297	33.611595
791.087891	24.066843
789.895508	157.805603
788.703125	262.417877
787.510742	62.270771
786.318359	193.956070
785.125000	147.892227
783.931641	90.923317
782.738281	-103.782684
781.544922	63.864029
780.350586	81.061104
779.156250	-68.396996
777.961914	-248.621582
776.767578	50.855137
775.572266	104.038277
774.376953	95.631691
773.181641	193.906906
771.986328	84.102272
770.790039	59.282330
769.593750	-68.624252
768.397461	31.213661
767.201172	-116.613014
766.003906	116.793152
764.806641	160.386429
763.609375	39.568298
762.412109	-5.414038
761.213867	27.199039
760.015625	-39.516914
758.817383	-75.579308
757.618164	21.829971
756.419922	70.447250
755.220703	-18.057245
754.021484	-95.755157
752.821289	44.646122
751.621094	204.764511
750.420898	81.879547
749.220703	213.003204
748.020508	156.711899
746.819336	76.990517
745.618164	184.488464
744.416992	99.298820
743.214844	273.241333
742.012695	56.635464
740.810547	171.058731
739.608398	506.599365
738.406250	406.818268
737.203125	485.008728
736.000000	658.379150
734.795898	607.015625
733.592773	623.897522
732.388672	592.232788
731.184570	785.017212
729.979492	643.724609
728.775391	357.045410
727.570313	345.036102
726.365234	135.613525
725.160156	84.105339
723.954102	158.129745
722.748047	244.635956
721.541992	248.596161
720.334961	-12.765956
719.128906	-55.425316
717.921875	111.525734
716.714844	-169.461441
715.506836	17.071123
714.298828	13.688143
713.090820	148.116837
711.882813	24.720186
710.674805	-121.923012
709.465820	-132.566788
708.256836	-236.250687
707.047852	-161.092133
705.837891	-10.900862
704.627930	-246.919418
703.417969	-118.280830
702.208008	-29.036060
700.998047	-64.906982
699.787109	-324.050018
698.576172	-190.257370
697.364258	-436.819244
696.153320	-8.594068
694.941406	164.234314
693.729492	-18.089012
692.516602	27.971861
691.304688	129.277481
690.091797	102.140015
688.878906	-113.972687
687.665039	87.050491
686.451172	-39.906502
685.237305	-166.828033
684.023438	-224.245346
682.809570	-112.474815
681.594727	-0.764706
680.379883	-67.122536
679.165039	105.015251
677.949219	6.613275
676.733398	-81.083946
675.517578	37.562366
674.301758	86.800377
673.084961	18.675804
671.869141	-47.649460
670.651367	88.637276
669.434570	80.949234
668.216797	57.276188
667.000000	131.289856
665.781250	-37.981201
664.563477	107.030571
663.344727	95.800362
662.125977	-75.123444
660.907227	44.980118
659.688477	-148.907272
658.468750	244.269058
657.249023	107.173729
656.029297	145.631241
654.808594	-95.923798
653.587891	293.408600
652.367188	36.007614
651.146484	30.224174
649.924805	-21.577368
648.704102	142.640854
647.482422	174.062363
646.259766	-15.707005
645.037109	152.007126
643.815430	171.090988
642.591797	167.201752
641.369141	-2.861012
640.145508	102.939980
638.921875	219.328827
637.698242	123.662323
636.474609	164.095139
635.250000	326.413818
634.025391	52.532806
632.800781	-62.303398
631.575195	32.993591
630.349609	225.348892
629.124023	4.802883
627.898438	41.932121
626.671875	-107.852615
625.445313	36.929298
624.218750	44.192284
622.992188	49.735516
621.764648	27.132019
620.537109	-28.885780
619.309570	-17.896654
618.081055	-117.802086
616.852539	-101.411774
615.624023	-97.294762
614.395508	-100.163620
613.166992	-55.468273
611.937500	-17.767250
610.708008	18.217369
609.477539	12.050165
608.248047	-99.534935
607.017578	-196.946106
605.787109	-109.739647
604.555664	-73.451424
603.325195	17.337561
602.093750	-46.380119
600.861328	-73.128578
599.629883	58.186573
598.397461	-154.461349
597.165039	138.389389
595.932617	1.395084
594.699219	-102.139008
593.465820	213.536682
592.232422	166.255127
590.999023	82.263359
589.764648	68.485893
588.530273	203.714920
587.295898	-83.179581
586.061523	-24.868702
584.826172	194.585892
583.590820	-4.346265
582.355469	-96.350029
581.119141	144.232758
579.882813	-210.001740
578.646484	-56.777557
577.410156	278.328705
576.172852	319.670593
574.935547	167.063568
573.698242	381.594971
572.460938	258.918427
571.222656	-26.065493
569.984375	277.708191
568.746094	127.468193
567.506836	216.544785
566.267578	284.729156
565.028320	546.662903
563.789063	440.472046
562.548828	514.071777
561.309570	770.827637
560.068359	605.659546
558.828125	487.709503
557.586914	364.675507
556.345703	382.912109
555.104492	357.681488
553.863281	417.886444
552.621094	615.714661
551.378906	458.413788
550.136719	532.749573
548.893555	450.534698
547.650391	599.822998
546.407227	712.604492
545.164063	521.099915
543.919922	668.791626
542.675781	819.977051
541.431641	745.254272
540.186523	879.144897
538.941406	957.467102
537.696289	806.579651
536.451172	676.666199
535.205078	692.708008
533.959961	771.288574
532.712891	782.239258
531.466797	715.174500
530.219727	878.895447
528.972656	1011.391968
527.725586	947.973022
526.478516	853.435608
525.230469	630.751709
523.982422	1044.096069
522.734375	916.837524
521.485352	860.689941
520.236328	910.229980
518.987305	978.827026
517.737305	928.009033
516.488281	1268.308716
515.238281	1143.111572
513.988281	1099.282104
512.737305	1157.523682
511.486328	1016.924255
510.235352	1407.061279
508.984375	1088.474976
507.732422	1233.085693
506.480469	1469.180786
505.228516	1494.458374
503.976563	1619.856201
502.723633	1729.645630
501.470703	1585.642578
500.217773	1647.010132
498.963867	1780.776611
497.709961	1645.360107
496.456055	1927.270752
495.202148	2015.900146
493.947266	1878.618530
492.692383	2182.501465
491.437500	2098.498047
490.181641	1993.774780
488.926758	1926.882080
487.670898	2118.199219
486.414063	2269.728516
485.158203	2462.373291
483.901367	2276.239258
482.644531	2361.864746
481.386719	2406.030518
480.128906	2499.884521
478.871094	2598.688232
477.613281	2497.873291
476.355469	2754.370850
475.096680	2838.742920
473.837891	2696.117188
472.578125	2743.968994
471.319336	2947.815918
470.059570	2845.759766
468.799805	2992.357178
467.539063	2917.266846
466.278320	2877.953369
465.017578	2930.982422
463.756836	3036.838867
462.495117	3186.906250
461.233398	3146.306641
459.971680	2911.721924
458.709961	2988.705811
457.447266	3270.834717
456.184570	3314.393066
454.921875	3117.806641
453.658203	3364.255615
452.394531	3654.652832
451.130859	3514.970459
449.867188	3479.226807
448.602539	3732.061523
447.337891	3575.577637
446.073242	3553.694092
444.807617	3367.175781
443.542969	3498.032471
442.276367	3633.364746
441.010742	3332.449951
439.744141	3623.643066
438.478516	3710.880371
437.210938	3718.875732
435.944336	3618.660889
434.676758	3473.405762
433.409180	3492.957275
432.141602	3615.781494
430.873047	3574.064209
429.604492	3693.519775
428.335938	3708.118896
427.067383	3801.952637
425.797852	3710.851074
424.528320	3484.317871
423.258789	3682.702637
421.988281	3798.302490
420.717773	3638.801514
419.447266	3772.786133
418.175781	3820.578613
416.905273	3828.167480
415.633789	3970.699463
414.362305	3897.787842
413.089844	3743.825439
411.817383	3882.783936
410.544922	3719.677246
409.272461	3798.337402
407.999023	3938.499268
406.725586	3807.260254
405.452148	3790.177246
404.177734	3703.784668
402.903320	3466.658203
401.628906	3691.379883
400.354492	3788.975098
399.079102	3932.447754
397.803711	3643.594238
396.528320	3668.572021
395.251953	3673.209961
393.976563	3613.489502
392.700195	3208.112549
391.422852	3681.872803
390.145508	3601.550537
388.869141	3434.793701
387.590820	3543.722900
386.313477	3357.929932
385.035156	3391.827881
383.756836	3506.558105
382.478516	3316.429199
381.199219	3592.564209
379.919922	3374.471436
378.640625	3188.045410
377.360352	3249.450684
376.080078	3267.952148
374.799805	2947.953369
373.519531	2966.766113
372.238281	2981.334961
370.957031	2914.026855
369.675781	2866.091309
368.394531	2874.579102
367.112305	2826.308350
365.830078	2652.187500
364.546875	2704.550049
363.264648	2856.909180
361.981445	2675.859619
360.698242	2630.054443
359.414063	2582.805908
358.129883	2269.708252
356.845703	2628.784668
355.561523	2422.158447
354.276367	2356.959717
352.991211	2251.375488
351.706055	2266.877441
350.420898	2299.032471
349.134766	2147.537109
347.848633	2168.976074
346.561523	2139.489502
345.275391	1909.686768
343.988281	1754.954224
342.700195	1861.621216
341.413086	1724.155151
340.125000	1617.772949
338.836914	1567.674316
337.548828	1417.653809
336.259766	1486.386719
334.970703	1374.494263
333.681641	1316.834595
332.391602	1110.234985
331.101563	1033.153442
329.811523	1155.815430
328.521484	893.148621
327.230469	833.236755
325.939453	567.289307
324.648438	438.667633
323.356445	597.709961
322.064453	522.014099
320.772461	606.611572
319.480469	590.274902
318.187500	648.440063
316.894531	155.614197
315.601563	21.708458
314.307617	144.208359
313.013672	113.533882
311.719727	-132.145966
310.425781	-198.513092
309.130859	70.997696
307.835938	-116.962341
306.541016	-57.635883
305.245117	-143.796936
303.949219	-58.159252
302.653320	340.873962
301.356445	-26.549622
300.060547	326.429291
298.763672	236.535538
