1999.946289	148.437576
1998.981445	-122.725037
1998.017578	-3.104663
1997.052734	274.913788
1996.088867	-98.950569
1995.124023	-71.520981
1994.159180	54.821239
1993.193359	128.973724
1992.228516	351.509949
1991.262695	195.099258
1990.296875	224.235596
1989.331055	203.747299
1988.365234	-46.933823
1987.398438	46.178406
1986.432617	99.572540
1985.465820	-82.058678
1984.499023	-38.766010
1983.532227	58.788166
1982.565430	175.974594
1981.597656	-122.069298
1980.629883	190.072632
1979.662109	-38.887302
1978.694336	63.050243
1977.726563	-173.377182
1976.758789	-56.805141
1975.790039	126.281723
1974.821289	-55.971817
1973.852539	13.415626
1972.883789	-11.025783
1971.915039	-30.588219
1970.945313	144.580902
1969.975586	26.259167
1969.005859	-20.595804
1968.036133	151.836838
1967.066406	220.668869
1966.096680	346.082336
1965.125977	244.806107
1964.155273	59.793465
1963.184570	47.150112
1962.213867	32.009018
1961.242188	16.829096
1960.271484	-146.020172
1959.299805	-112.031349
1958.328125	81.797600
1957.356445	243.548584
1956.384766	137.194092
1955.412109	136.557739
1954.439453	278.455963
1953.467773	-108.081894
1952.495117	-86.637054
1951.521484	116.561432
1950.548828	194.402649
1949.575195	255.004288
1948.601563	-131.284195
1947.627930	37.327610
1946.654297	166.590973
1945.680664	138.745407
1944.706055	128.068878
1943.732422	38.891766
1942.757813	-153.270325
1941.783203	22.429913
1940.807617	-15.231695
1939.833008	-92.102600
1938.857422	-78.282669
1937.881836	60.485443
1936.906250	15.466279
1935.930664	61.082527
1934.955078	-99.022446
1933.978516	186.524536
1933.001953	85.195488
1932.025391	62.221577
1931.048828	-17.027424
1930.072266	-115.820435
1929.094727	-202.348907
1928.118164	126.912384
1927.140625	42.818169
1926.163086	137.219162
1925.184570	163.144516
1924.207031	66.875145
1923.228516	-146.638580
1922.250000	116.291779
1921.271484	-182.630295
1920.292969	133.939255
1919.314453	303.904999
1918.334961	227.258774
1917.355469	-169.072784
1916.375977	115.551132
1915.396484	-56.152515
1914.416992	116.148468
1913.436523	-82.309998
1912.457031	-39.290409
1911.476563	6.151569
1910.496094	27.209890
1909.515625	40.952953
1908.534180	3.526754
1907.552734	53.818527
1906.572266	4.238904
1905.590820	161.667709
1904.608398	-36.424408
1903.626953	-88.380302
1902.644531	163.908356
1901.663086	-38.922848
1900.680664	-234.376923
1899.698242	127.269096
1898.714844	55.893517
1897.732422	203.387665
1896.749023	207.395020
1895.765625	-38.947498
1894.782227	62.316933
1893.798828	-96.429115
1892.814453	63.112522
1891.831055	293.036163
1890.846680	97.914909
1889.862305	131.090698
1888.877930	173.965576
1887.892578	-139.941650
1886.908203	300.918335
1885.922852	166.636169
1884.937500	27.553740
1883.952148	9.782002
1882.965820	149.617096
1881.980469	-113.018738
1880.994141	143.127289
1880.007813	72.027802
1879.021484	-88.692581
1878.035156	169.723541
1877.047852	-109.638695
1876.061523	-180.646133
1875.074219	-200.792145
1874.086914	33.231792
1873.098633	172.774490
1872.111328	203.375305
1871.123047	112.995926
1870.135742	58.927673
1869.147461	-106.371704
1868.158203	195.034821
1867.169922	24.924911
1866.180664	-162.052322
1865.192383	-37.230511
1864.203125	60.955425
1863.213867	-94.545357
1862.223633	66.387314
1861.234375	-125.295013
1860.244141	52.464886
1859.253906	24.971636
1858.263672	4.716938
1857.273438	269.180756
1856.282227	10.030090
1855.291992	11.460717
1854.300781	155.156693
1853.309570	-89.401535
1852.317383	186.814316
1851.326172	31.488401
1850.333984	25.607407
1849.342773	270.281342
1848.350586	165.563232
1847.357422	277.618561
1846.365234	189.758606
1845.372070	48.948410
1844.379883	348.657501
1843.386719	323.347015
1842.393555	-91.762238
1841.399414	147.600052
1840.406250	223.300049
1839.412109	106.568237
1838.417969	-5.333422
1837.423828	75.094597
1836.429688	59.332298
1835.434570	223.770950
1834.440430	140.669540
1833.445313	271.356018
1832.450195	-25.513000
1831.454102	-5.349049
1830.458984	120.413696
1829.462891	-10.723161
1828.466797	38.145149
1827.470703	-35.395870
1826.474609	80.573273
1825.478516	196.472076
1824.481445	144.437698
1823.484375	44.445366
1822.487305	47.535690
1821.490234	-184.274155
1820.493164	257.294739
1819.495117	135.672348
1818.498047	145.808029
1817.500000	-164.996429
1816.500977	-47.132095
1815.502930	-56.215900
1814.504883	-74.901825
1813.505859	4.493916
1812.506836	38.368793
1811.507813	210.939270
1810.508789	144.247955
1809.508789	106.238319
1808.508789	77.770866
1807.508789	-10.476976
1806.508789	-160.862961
1805.508789	35.233723
1804.508789	90.271744
1803.507813	393.651459
1802.506836	-29.076973
1801.505859	352.926056
1800.504883	235.841888
1799.502930	94.893036
1798.501953	54.186420
1797.500000	-0.862007
1796.498047	-79.781891
1795.496094	24.924578
1794.493164	-25.436245
1793.491211	-13.831270
1792.488281	33.477402
1791.485352	-59.869740
1790.482422	-10.265457
1789.478516	27.365984
1788.475586	-13.648961
1787.471680	-116.603958
1786.467773	-29.098534
1785.463867	-5.935569
1784.459961	69.535179
1783.455078	-66.837280
1782.450195	-193.683548
1781.445313	-4.177564
1780.440430	144.789932
1779.435547	63.025482
1778.429688	123.877937
1777.424805	101.485214
1776.418945	-189.464676
1775.413086	-26.562925
1774.406250	145.730591
1773.400391	42.431095
1772.393555	295.294678
1771.386719	-81.097801
1770.379883	-25.396761
1769.373047	108.552071
1768.365234	180.714447
1767.358398	-110.140022
1766.350586	-28.562271
1765.342773	171.509293
1764.334961	-74.263191
1763.326172	45.056572
1762.318359	169.031586
1761.309570	67.809799
1760.300781	-35.787197
1759.291016	178.002960
1758.282227	71.972107
1757.272461	219.279648
1756.262695	143.966125
1755.252930	-40.234013
1754.243164	-30.365572
1753.233398	-6.346409
1752.222656	-263.873352
1751.211914	-62.532616
1750.201172	-182.890457
1749.190430	-78.653755
1748.179688	228.775299
1747.167969	-35.854984
1746.156250	195.752258
1745.144531	-160.982864
1744.132813	146.058945
1743.121094	65.670860
1742.108398	-40.703609
1741.095703	-24.331858
1740.083008	-81.166794
1739.070313	34.229313
1738.057617	-65.141365
1737.043945	71.352051
1736.030273	-202.583008
1735.016602	-148.719742
1734.002930	27.668709
1732.989258	79.033752
1731.974609	-27.546595
1730.959961	2.522027
1729.945313	-245.412430
1728.930664	13.056562
1727.916016	59.470345
1726.900391	2.236859
1725.885742	-215.058502
1724.870117	35.993603
1723.853516	9.268392
1722.837891	130.726471
1721.822266	132.152740
1720.805664	-82.802834
1719.789063	-55.551304
1718.772461	119.743637
1717.754883	257.325653
1716.738281	126.964371
1715.720703	116.422119
1714.703125	115.247009
1713.685547	-118.447281
1712.667969	-9.291204
1711.649414	43.445114
1710.630859	-150.305313
1709.612305	-137.516693
1708.593750	184.922745
1707.575195	211.656021
1706.555664	-5.559762
1705.536133	23.476151
1704.516602	-29.577589
1703.497070	86.117371
1702.477539	157.213821
1701.457031	19.726627
1700.437500	-141.153778
1699.416992	65.695564
1698.395508	244.333679
1697.375000	137.261688
1696.354492	-61.081749
1695.333008	-41.736565
1694.311523	-146.433350
1693.290039	289.277649
1692.267578	69.895462
1691.246094	-18.465179
1690.223633	166.726563
1689.201172	64.304657
1688.178711	230.668091
1687.155273	102.519012
1686.132813	81.872688
1685.109375	234.052780
1684.085938	299.748871
1683.062500	272.006409
1682.039063	153.212692
1681.014648	137.134262
1679.990234	123.378700
1678.965820	158.606735
1677.941406	436.395142
1676.916992	478.513977
1675.891602	336.386017
1674.866211	399.450989
1673.840820	-1.354976
1672.815430	201.546814
1671.790039	271.551483
1670.763672	222.704834
1669.737305	290.317688
1668.710938	560.480530
1667.684570	325.324829
1666.658203	218.271088
1665.630859	8.845540
1664.603516	27.515352
1663.576172	236.927628
1662.548828	336.936493
1661.520508	511.306458
1660.493164	127.615837
1659.464844	399.576599
1658.436523	383.241943
1657.408203	260.022583
1656.378906	476.022919
1655.350586	369.084900
1654.321289	387.582703
1653.291992	371.243286
1652.261719	582.395630
1651.232422	141.291855
1650.202148	231.743637
1649.171875	732.806030
1648.141602	563.315674
1647.111328	500.573975
1646.080078	521.322021
1645.049805	502.665466
1644.018555	481.693329
1642.987305	729.546631
1641.955078	750.245911
1640.923828	608.798950
1639.891602	717.533203
1638.859375	830.863098
1637.827148	816.828369
1636.794922	925.482361
1635.761719	434.718658
1634.729492	874.291138
1633.696289	1026.845703
1632.662109	665.890747
1631.628906	813.824768
1630.594727	811.430359
1629.561523	917.697571
1628.527344	1176.459961
1627.493164	970.702209
1626.458008	776.583557
1625.423828	963.666199
1624.388672	924.377563
1623.353516	875.885803
1622.318359	908.224731
1621.282227	947.483521
1620.247070	1187.505371
1619.210938	1000.645569
1618.174805	915.369202
1617.137695	830.140320
1616.101563	920.204346
1615.064453	899.596558
1614.027344	989.650879
1612.990234	1125.778076
1611.953125	1084.480713
1610.916016	1520.030884
1609.877930	1025.027832
1608.839844	1124.297607
1607.801758	797.668701
1606.763672	961.442749
1605.724609	1161.994385
1604.685547	1325.684570
1603.646484	1107.492310
1602.607422	1186.094238
1601.568359	1237.102173
1600.528320	973.162537
1599.489258	1003.570313
1598.449219	1116.721191
1597.408203	1144.844360
1596.368164	1161.512085
1595.327148	1258.583130
1594.287109	1236.254639
1593.246094	961.426270
1592.204102	1203.188721
1591.163086	1265.898926
1590.121094	1220.775513
1589.079102	1265.172852
1588.037109	1259.136475
1586.995117	1331.104614
1585.953125	1169.233887
1584.910156	1268.774658
1583.867188	1301.854980
1582.824219	1114.998657
1581.781250	1166.506958
1580.737305	1215.743896
1579.693359	1065.774536
1578.649414	1009.780884
1577.605469	1244.566406
1576.561523	1387.758545
1575.516602	1311.272217
1574.472656	1054.134644
1573.427734	1350.663452
1572.381836	1573.937500
1571.336914	1278.169312
1570.291016	1179.151245
1569.246094	1267.635010
1568.200195	1244.163086
1567.153320	1026.554321
1566.107422	1366.419556
1565.060547	1260.875610
1564.013672	929.383545
1562.966797	1159.642944
1561.919922	1065.771362
1560.872070	967.422729
1559.825195	1332.304565
1558.777344	948.923279
1557.729492	1183.780273
1556.680664	1192.863403
1555.632813	878.292236
1554.583984	969.596680
1553.535156	1006.231201
1552.486328	1184.164917
1551.436523	1068.237671
1550.387695	849.933472
1549.337891	1009.749695
1548.288086	1108.095459
1547.238281	1049.412720
1546.187500	1236.576538
1545.136719	920.913818
1544.086914	953.473999
1543.035156	724.532471
1541.984375	786.797058
1540.933594	819.547302
1539.881836	986.447693
1538.830078	751.113953
1537.778320	724.964294
1536.725586	669.354980
1535.673828	852.307251
1534.621094	594.732239
1533.568359	707.376099
1532.515625	681.583008
1531.461914	851.027649
1530.409180	723.248291
1529.355469	817.893066
1528.301758	919.369812
1527.247070	721.554749
1526.193359	791.407410
1525.138672	550.765869
1524.083984	421.332733
1523.029297	468.750793
1521.974609	500.360168
1520.918945	418.781616
1519.863281	160.680237
1518.807617	264.989899
1517.751953	215.406204
1516.696289	-46.814777
1515.639648	5.643294
1514.583008	6.122931
1513.526367	-81.535789
1512.469727	5.034561
1511.412109	243.115387
1510.355469	-40.972588
1509.297852	-44.643265
1508.240234	-77.615120
1507.181641	-164.715866
1506.124023	204.528931
1505.065430	-151.165176
1504.006836	-138.640030
1502.948242	-117.014580
1501.888672	-113.379898
1500.830078	113.712334
1499.770508	-103.629089
1498.710938	35.556355
1497.650391	-21.427603
1496.590820	-141.437927
1495.530273	27.203077
1494.469727	71.900932
1493.409180	3.995614
1492.348633	-88.586990
1491.287109	-16.636497
1490.225586	107.158554
1489.164063	44.108810
1488.102539	172.497559
1487.041016	78.110054
1485.978516	-99.417221
1484.916016	89.904541
1483.853516	283.712128
1482.791016	54.763409
1481.727539	77.796715
1480.664063	107.644272
1479.600586	79.124496
1478.537109	-43.655174
1477.473633	-69.653679
1476.409180	220.990692
1475.344727	230.914459
1474.280273	344.281708
1473.215820	246.740845
1472.151367	418.500885
1471.085938	430.863342
1470.020508	165.485809
1468.955078	388.919037
1467.888672	361.410065
1466.823242	618.255859
1465.756836	640.046204
1464.690430	538.602478
1463.624023	623.059265
1462.556641	584.996094
1461.490234	519.761780
1460.422852	899.597290
1459.355469	925.930969
1458.287109	694.283813
1457.219727	782.994385
1456.151367	872.974182
1455.083008	772.016357
1454.014648	1029.728149
1452.945313	1046.818604
1451.876953	978.385254
1450.807617	739.996399
1449.738281	942.355042
1448.668945	840.656372
1447.598633	714.402588
1446.528320	501.409729
1445.458008	616.296753
1444.387695	823.049866
1443.317383	775.608398
1442.246094	1034.929810
1441.174805	933.062378
1440.103516	893.009644
1439.032227	872.123108
1437.960938	636.175964
1436.888672	757.446472
1435.816406	714.415894
1434.744141	659.650452
1433.670898	499.426605
1432.598633	579.438904
1431.525391	696.365601
1430.452148	436.318359
1429.378906	380.076324
1428.304688	536.334290
1427.231445	298.639465
1426.157227	272.200165
1425.083008	470.739014
1424.007813	533.246033
1422.933594	463.041351
1421.858398	16.529022
1420.783203	283.411926
1419.708008	80.646835
1418.631836	158.495499
1417.555664	212.584396
1416.479492	129.077286
1415.403320	452.854767
1414.327148	89.561012
1413.250000	281.501129
1412.173828	430.607086
1411.096680	-38.557476
1410.018555	25.966259
1408.941406	36.617733
1407.863281	480.476532
1406.785156	240.668411
1405.707031	153.638336
1404.628906	467.700439
1403.549805	227.838043
1402.470703	328.901215
1401.391602	240.653320
1400.312500	448.328308
1399.233398	314.500092
1398.153320	367.361267
1397.073242	412.954895
1395.993164	373.901764
1394.913086	463.580353
1393.832031	393.247986
1392.750977	258.951355
1391.669922	331.725281
1390.588867	248.561539
1389.506836	356.332886
1388.425781	359.763367
1387.343750	435.257141
1386.261719	134.639862
1385.178711	262.233734
1384.096680	363.871704
1383.013672	280.790436
1381.930664	326.627777
1380.846680	408.577271
1379.763672	417.237000
1378.679688	109.308907
1377.595703	312.336884
1376.511719	395.041229
1375.427734	236.009384
1374.342773	427.835510
1373.257813	233.315277
1372.172852	261.631805
1371.087891	276.294434
1370.001953	362.719788
1368.916992	83.166985
1367.831055	398.643677
1366.744141	382.065552
1365.658203	342.044952
1364.571289	270.439362
1363.484375	389.481506
1362.397461	407.633759
1361.310547	436.268646
1360.222656	391.297455
1359.135742	437.634613
1358.047852	442.202637
1356.958984	492.649689
1355.871094	306.649628
1354.782227	355.246399
1353.693359	422.344086
1352.604492	454.153137
1351.515625	598.784363
1350.425781	525.760681
1349.335938	449.265259
1348.246094	290.653107
1347.156250	517.876831
1346.066406	326.558899
1344.975586	562.531128
1343.884766	521.445129
1342.793945	481.556366
1341.702148	573.954407
1340.611328	416.151764
1339.519531	490.986572
1338.427734	226.659103
1337.334961	395.341248
1336.243164	215.037308
1335.150391	384.521301
1334.057617	574.958191
1332.964844	191.958740
1331.871094	436.071991
1330.778320	163.337021
1329.684570	313.926636
1328.590820	262.630646
1327.496094	399.949280
1326.402344	521.030823
1325.307617	610.964294
1324.212891	345.945557
1323.117188	357.875519
1322.022461	131.702835
1320.926758	227.733658
1319.831055	277.515259
1318.735352	296.982697
1317.638672	531.505676
1316.542969	208.095108
1315.446289	184.532028
1314.349609	447.648743
1313.251953	421.227203
1312.155273	297.233154
1311.057617	214.594360
1309.959961	187.603958
1308.862305	387.628571
1307.763672	347.280396
1306.665039	498.164948
1305.566406	343.076599
1304.467773	207.786316
1303.369141	311.080658
1302.269531	493.441071
1301.169922	413.588196
1300.070313	339.712860
1298.970703	422.629028
1297.870117	321.003754
1296.769531	286.852539
1295.668945	414.934540
1294.568359	388.149689
1293.466797	224.635803
1292.366211	188.504227
1291.264648	297.621094
1290.162109	408.068024
1289.060547	229.885818
1287.958008	332.479858
1286.855469	388.232635
1285.752930	137.206085
1284.650391	11.464140
1283.546875	284.730774
1282.444336	80.109200
1281.339844	31.090822
1280.236328	-49.187939
1279.132813	290.424652
1278.028320	153.543320
1276.923828	95.601143
1275.819336	292.503876
1274.713867	267.813477
1273.608398	-10.757648
1272.503906	361.420776
1271.397461	184.942169
1270.291992	213.120270
1269.185547	208.138306
1268.080078	395.831543
1266.972656	268.135315
1265.866211	-36.285149
1264.759766	206.882217
1263.652344	318.615570
1262.544922	165.338089
1261.436523	109.830696
1260.329102	47.694183
1259.220703	64.836525
1258.112305	-123.051491
1257.003906	145.004242
1255.895508	64.993469
1254.786133	11.845561
1253.676758	29.823545
1252.567383	124.702324
1251.458008	69.967751
1250.347656	-10.700790
1249.237305	-53.815666
1248.126953	-133.904694
1247.016602	32.787498
1245.905273	-155.487396
1244.793945	-25.364803
1243.682617	-8.806126
1242.571289	6.067081
1241.459961	-59.116734
1240.347656	-7.877371
1239.235352	-209.199844
1238.123047	-51.233051
1237.009766	64.257133
1235.897461	-132.462540
1234.784180	62.820751
1233.670898	-82.903389
1232.556641	33.442909
1231.443359	41.403782
1230.329102	-131.649765
1229.214844	38.836353
1228.099609	-83.022896
1226.985352	-9.972393
1225.870117	-42.939980
1224.754883	-54.820763
1223.639648	120.117279
1222.523438	-142.423035
1221.408203	-67.243118
1220.291992	-175.725967
1219.174805	-32.416908
1218.058594	73.507660
1216.941406	-61.604794
1215.824219	30.071402
1214.707031	119.082741
1213.589844	17.688612
1212.471680	20.798832
1211.353516	-61.702267
1210.235352	-12.266232
1209.117188	40.633915
1207.998047	-13.515861
1206.878906	-147.674927
1205.759766	-216.910049
1204.640625	-35.711811
1203.520508	-98.588425
1202.401367	-14.887811
1201.281250	120.225525
1200.160156	23.661346
1199.040039	147.095276
1197.918945	-80.188057
1196.797852	-34.270924
1195.676758	57.287762
1194.555664	2.356815
1193.433594	88.687706
1192.311523	-131.026382
1191.189453	-41.682236
1190.066406	140.272354
1188.944336	-190.381241
1187.821289	-9.059800
1186.698242	-45.847363
1185.574219	-33.234749
1184.451172	-65.791992
1183.327148	78.800339
1182.203125	-116.371803
1181.078125	157.161652
1179.954102	-88.721916
1178.829102	4.029226
1177.704102	-79.651222
1176.579102	125.666153
1175.453125	-8.363086
1174.327148	-18.529800
1173.201172	-124.730721
1172.075195	8.705791
1170.949219	-161.925583
1169.822266	-59.938129
1168.695313	-127.743675
1167.568359	-41.707680
1166.440430	-31.215744
1165.313477	-121.714142
1164.185547	-21.218012
1163.057617	-40.916397
1161.928711	13.863620
1160.800781	-16.831860
1159.671875	-69.238831
1158.541992	138.480347
1157.413086	13.086741
1156.283203	195.109879
1155.154297	85.324600
1154.023438	152.036835
1152.893555	222.266495
1151.763672	237.735214
1150.632813	247.021988
1149.501953	265.963470
1148.370117	291.138611
1147.239258	204.484741
1146.107422	296.810272
1144.975586	314.508606
1143.843750	184.081558
1142.710938	330.529846
1141.578125	183.709885
1140.445313	48.080490
1139.312500	11.549754
1138.178711	-165.381683
1137.045898	153.456390
1135.912109	33.262615
1134.777344	-77.172165
1133.643555	84.724754
1132.508789	59.040569
1131.374023	140.424881
1130.239258	147.453751
1129.104492	452.115387
1127.968750	258.638763
1126.833008	176.206772
1125.697266	179.594757
1124.560547	315.064819
1123.424805	167.094421
1122.288086	157.180527
1121.151367	129.885086
1120.013672	136.290436
1118.876953	163.774689
1117.739258	289.486908
1116.601563	50.938431
1115.462891	391.488800
1114.324219	229.250992
1113.186523	273.593872
1112.046875	305.367645
1110.908203	480.956421
1109.769531	233.002960
1108.629883	194.388199
1107.490234	125.481094
1106.349609	5.560989
1105.209961	303.123840
1104.069336	420.011475
1102.928711	29.919193
1101.787109	222.544174
1100.646484	212.324005
1099.504883	36.920673
1098.363281	157.045166
1097.221680	172.168198
1096.079102	210.670456
1094.936523	332.794281
1093.793945	279.625610
1092.651367	-4.542535
1091.507813	169.080566
1090.364258	149.977631
1089.220703	-123.700943
1088.077148	3.142550
1086.933594	275.818695
1085.789063	87.579041
1084.644531	113.265816
1083.499023	209.972351
1082.354492	159.859756
1081.208984	-133.297501
1080.063477	153.008926
1078.917969	62.609188
1077.771484	-73.106651
1076.625977	206.997421
1075.479492	104.092110
1074.332031	432.027008
1073.185547	159.932465
1072.038086	1.119621
1070.890625	127.124413
1069.743164	-143.253281
1068.594727	45.451633
1067.447266	49.218372
1066.298828	253.048294
1065.149414	217.335968
1064.000977	356.239441
1062.851563	259.165253
1061.702148	90.671005
1060.552734	274.942322
1059.402344	286.230286
1058.252930	313.161987
1057.102539	135.506927
1055.951172	297.021027
1054.800781	93.763176
1053.649414	113.836761
1052.498047	-15.120315
1051.346680	-24.374529
1050.194336	121.115013
1049.042969	218.441635
1047.890625	11.545407
1046.738281	83.030190
1045.584961	191.053986
1044.431641	136.314453
1043.278320	77.734573
1042.125000	-14.770489
1040.971680	-54.100994
1039.817383	82.885323
1038.663086	112.466324
1037.508789	170.067932
1036.353516	86.897766
1035.198242	238.784561
1034.042969	281.135681
1032.887695	140.974670
1031.732422	87.860298
1030.576172	240.298904
1029.419922	384.341003
1028.263672	253.679123
1027.106445	176.125214
1025.949219	127.609764
1024.792969	17.567230
1023.634766	287.638123
1022.477539	-41.813839
1021.319336	46.571243
1020.161133	220.570648
1019.002930	-87.635773
1017.843750	-31.088791
1016.684570	-96.149742
1015.525391	-4.667096
1014.366211	98.717682
1013.207031	61.583851
1012.046875	51.081959
1010.886719	60.569523
1009.726563	-8.335136
1008.565430	66.863197
1007.404297	-122.049187
1006.243164	168.255020
1005.082031	-79.034584
1003.920898	214.528442
1002.758789	230.193115
1001.596680	-109.163322
1000.433594	-180.609299
999.271484	-100.845459
998.108398	224.274429
996.945313	-11.091084
995.782227	-169.678192
994.618164	-173.586609
993.454102	-297.486877
992.290039	-20.123920
991.125977	180.184021
989.960938	156.554916
988.796875	197.175140
987.630859	378.212677
986.465820	21.840660
985.300781	343.408478
984.134766	-166.865417
982.968750	125.749023
981.801758	86.830559
980.635742	-232.574799
979.468750	23.311398
978.301758	-31.386187
977.133789	19.459961
975.966797	80.882309
974.798828	50.168945
973.630859	259.963135
972.461914	72.574951
971.293945	11.408077
970.125000	-38.544453
968.956055	-49.618813
967.786133	99.000862
966.617188	269.054321
965.447266	82.401665
964.276367	-169.889664
963.106445	147.467041
961.935547	-96.042221
960.764648	8.938837
959.593750	39.077343
958.422852	-311.032837
957.250977	107.103683
956.079102	81.418488
954.907227	371.229065
953.734375	199.847153
952.562500	59.114441
951.389648	-156.863297
950.215820	114.518517
949.042969	146.493195
947.869141	132.363739
946.695313	60.573521
945.521484	144.661697
944.346680	-60.913605
943.172852	-67.958961
941.998047	140.595047
940.822266	-7.584538
939.647461	-31.445795
938.471680	165.533722
937.295898	122.377586
936.119141	-71.440598
934.943359	108.338234
933.766602	187.441498
932.589844	247.660355
931.413086	91.952911
930.235352	27.456762
929.057617	180.907471
927.879883	-77.647057
926.702148	166.607712
925.523438	-211.534439
924.344727	78.124992
923.166016	-67.809464
921.987305	85.358551
920.807617	85.367104
919.627930	90.931320
919.497070	406.441254
918.331055	-45.614132
917.165039	198.149307
915.999023	-57.723465
914.833008	-131.898438
913.666016	85.416069
912.499023	-84.326454
911.332031	3.904285
910.165039	123.122971
908.997070	192.154419
907.830078	63.046318
906.661133	-23.062899
905.493164	7.742080
904.325195	-54.501057
903.156250	-92.881615
901.987305	64.246346
900.818359	180.772491
899.648438	-48.331028
898.478516	49.084713
897.308594	-98.927551
896.138672	-18.241861
894.968750	-28.092587
893.797852	66.806808
892.626953	-193.016785
891.456055	-76.732315
890.284180	-179.405838
889.113281	84.291931
887.941406	12.517000
886.768555	-66.371323
885.596680	73.476822
884.423828	46.872635
883.250977	-55.781933
882.078125	186.105865
880.905273	-135.108521
879.731445	-140.327255
878.557617	46.776524
877.383789	207.675400
876.209961	26.704296
875.035156	239.722748
873.860352	-211.679703
872.685547	-72.262863
871.510742	-108.417419
870.334961	38.009060
869.159180	-78.780540
867.983398	-69.919098
866.807617	66.884331
865.630859	-78.310654
864.454102	-52.916359
863.277344	24.553465
862.100586	-28.249897
860.922852	226.697952
859.745117	114.679054
858.567383	26.352518
857.389648	58.701653
856.210938	-79.275589
855.032227	87.846458
853.853516	252.519836
852.674805	53.079430
851.495117	-44.668297
850.315430	25.370342
849.135742	147.335861
847.956055	4.702776
846.775391	-123.715675
845.595703	90.230042
844.415039	-90.117668
843.233398	-39.130058
842.052734	-56.609665
840.871094	62.725277
839.689453	90.012505
838.506836	46.533901
837.325195	-58.244408
836.142578	-146.494888
834.959961	-67.411766
833.777344	105.863213
832.593750	45.848171
831.410156	49.427044
830.226563	410.887787
829.042969	145.981216
827.858398	92.996880
826.673828	61.192799
825.489258	-52.961452
824.304688	-127.100784
823.120117	-135.381577
821.934570	79.690674
820.749023	-144.933548
819.562500	-35.747066
818.376953	-8.871155
817.190430	-85.390923
816.003906	37.746689
814.817383	-45.839325
813.629883	-122.363556
812.442383	52.286686
811.254883	-57.126060
810.067383	100.971291
808.878906	-125.740410
807.690430	65.099632
806.501953	23.693413
805.313477	179.213623
804.124023	-26.317165
802.934570	82.237305
801.745117	97.005775
800.555664	-99.079277
799.365234	21.067116
798.175781	-11.061438
796.985352	66.831146
795.793945	18.281750
794.603516	-67.715897
793.412109	136.408569
792.220703	237.504501
791.028320	-5.238791
789.836914	147.233139
788.644531	110.272720
787.452148	145.752808
786.258789	-110.887329
785.066406	-105.796242
783.873047	-243.207581
782.679688	109.808235
781.485352	63.414001
780.291992	110.381287
779.097656	159.638382
777.903320	15.187206
776.708008	52.729549
775.512695	101.891411
774.318359	206.966843
773.122070	188.415878
771.926758	85.932487
770.730469	-44.498695
769.534180	48.767002
768.337891	-46.715870
767.141602	-69.990425
765.944336	123.263107
764.747070	-0.192353
763.549805	183.600113
762.351563	243.960175
761.154297	267.040039
759.956055	171.456757
758.757813	171.231201
757.558594	77.977875
756.359375	184.645462
755.160156	-229.354050
753.960938	137.517319
752.761719	104.630547
751.561523	-244.146042
750.361328	89.901993
749.160156	212.511078
747.959961	286.292969
746.758789	69.930595
745.557617	201.657059
744.356445	-21.617596
743.154297	33.479713
741.952148	-127.120590
740.750000	-162.497681
739.547852	332.881592
738.344727	93.439964
737.142578	55.629524
735.939453	54.866199
734.735352	213.867630
733.532227	164.385834
732.328125	307.030945
731.124023	435.698486
729.918945	113.068932
728.714844	105.167946
727.509766	76.423828
726.303711	-91.086372
725.098633	270.882935
723.892578	131.076279
722.686523	127.645309
721.480469	140.358551
720.274414	-114.930481
719.067383	-157.663589
717.860352	83.604904
716.653320	10.772465
715.445313	-128.995346
714.238281	47.405930
713.030273	-60.074451
711.821289	238.430649
710.613281	-23.622555
709.404297	-119.587700
708.195313	-44.958321
706.986328	-134.027313
705.776367	-170.092194
704.566406	17.290138
703.356445	41.029915
702.146484	-167.853256
700.935547	-289.192078
699.724609	-159.612717
698.513672	-186.610138
697.302734	-8.851270
696.090820	37.680721
694.878906	8.266082
693.666992	-57.957363
692.455078	39.038837
691.242188	-162.832092
690.029297	-10.764380
688.816406	56.203064
687.602539	86.360359
686.389648	20.020315
685.175781	194.761047
683.960938	11.295557
682.747070	261.641876
681.532227	137.838989
680.317383	46.175282
679.102539	353.609009
677.886719	273.347107
676.670898	385.671356
675.455078	307.669800
674.239258	204.464783
673.022461	208.962448
671.805664	142.417267
670.588867	73.582443
669.372070	137.553940
668.154297	75.562057
666.936523	-18.473562
665.718750	38.532326
664.500977	321.979431
663.282227	74.622452
662.063477	3.429933
660.844727	151.733261
659.625000	293.091736
658.405273	198.969162
657.185547	136.850250
655.965820	-12.075202
654.745117	129.100723
653.525391	25.861120
652.303711	105.282486
651.083008	-18.496073
649.861328	206.904327
648.640625	261.072449
647.417969	36.906826
646.196289	91.043915
644.973633	85.855637
643.750977	94.326584
642.528320	118.727699
641.305664	29.166842
640.082031	78.592834
638.858398	-120.288948
637.634766	120.395004
636.410156	44.495831
635.185547	-195.278091
633.960938	-20.780766
632.736328	10.285162
631.510742	-167.959656
630.285156	-157.376099
629.059570	116.951385
627.833984	-68.067520
626.607422	122.000328
625.380859	-12.976403
624.154297	-79.752052
622.927734	-60.198158
621.700195	356.749268
620.472656	-107.426781
619.245117	59.635574
618.016602	167.608719
616.788086	-55.747959
615.559570	88.482140
614.331055	-230.038300
613.101563	288.297668
611.872070	67.339310
610.642578	-35.669590
609.413086	99.301826
608.182617	0.848772
606.952148	29.281521
605.721680	28.257902
604.491211	147.231644
603.259766	-25.866077
602.028320	11.586539
600.796875	35.445583
599.564453	-187.294296
598.332031	-25.437065
597.099609	-46.814121
595.867188	76.510704
594.633789	-21.728678
593.400391	-74.727821
592.166992	77.900627
590.933594	280.164124
589.699219	32.919643
588.464844	25.125923
587.230469	-57.155865
585.995117	296.198853
584.760742	-32.051334
583.525391	102.327454
582.289063	-65.585060
581.053711	34.932587
579.817383	99.343781
578.581055	75.826920
577.343750	54.582790
576.107422	121.231194
574.870117	-102.729263
573.631836	245.467651
572.394531	140.938766
571.156250	171.541107
569.917969	177.384628
568.679688	257.498230
567.440430	274.599304
566.202148	316.449066
564.961914	419.016083
563.722656	332.695129
562.482422	75.593422
561.243164	-1.592465
560.001953	76.306343
558.761719	-83.926842
557.520508	-235.089081
556.279297	103.337524
555.038086	-79.190498
553.795898	70.563850
552.554688	51.973614
551.311523	98.475502
550.069336	196.569168
548.826172	135.421585
547.583984	188.668259
546.339844	58.104469
545.096680	102.426857
543.852539	207.251663
542.608398	137.322021
541.364258	24.894060
540.119141	40.172588
538.875000	-36.317623
537.628906	-67.985146
536.383789	-54.859482
535.137695	-70.797882
533.892578	-203.017044
532.645508	24.893948
531.399414	109.638641
530.152344	-22.456556
528.905273	-154.468353
527.658203	-103.177986
526.410156	-80.922714
525.163086	-118.954865
523.914063	39.556614
522.666016	66.309753
521.416992	-145.747894
520.167969	-239.417007
518.918945	-156.769135
517.669922	-56.285957
516.419922	-80.706223
515.169922	-93.943169
513.919922	-31.359476
512.668945	-4.437113
511.417969	104.939796
510.166992	296.717041
508.916016	25.172350
507.664063	-188.336472
506.412109	-203.596146
505.160156	-45.218719
503.907227	246.630051
502.655273	209.096802
501.402344	35.914127
500.148438	169.717896
498.895508	-96.731277
497.641602	-38.504555
496.387695	-49.184147
495.132813	-113.172447
493.878906	-54.940590
492.624023	78.790672
491.368164	145.859879
490.113281	-57.937752
488.857422	146.758911
487.601563	267.046814
486.344727	-103.024651
485.088867	39.451679
483.832031	11.109148
482.575195	-79.305191
481.317383	49.770405
480.059570	121.161926
478.801758	52.923958
477.543945	365.730164
476.285156	27.244436
475.027344	260.179108
473.767578	262.760590
472.508789	101.532967
471.249023	205.898148
469.989258	137.627792
468.729492	241.888077
467.469727	215.598038
466.208984	-78.239464
464.948242	74.531685
463.686523	227.197296
462.425781	211.829468
461.164063	-37.736538
459.901367	426.126556
458.639648	267.050323
457.376953	556.134033
456.114258	321.938660
454.851563	191.492386
453.587891	277.239960
452.324219	131.278137
451.060547	380.038147
449.796875	229.547760
448.532227	438.333008
447.267578	397.906372
446.002930	454.347931
444.737305	356.463348
443.471680	505.179901
442.206055	215.542191
440.940430	251.722504
439.673828	292.166199
438.407227	281.852051
437.140625	390.206848
435.873047	500.572571
434.605469	404.032349
433.337891	492.060333
432.070313	335.901947
430.801758	324.684235
429.533203	363.831879
428.264648	705.919922
426.996094	546.941101
425.726563	495.423615
424.457031	272.494995
423.186523	330.378967
421.916992	477.984558
420.646484	535.350220
419.375977	620.966736
418.104492	557.185181
416.833008	339.709198
415.561523	567.020020
414.290039	443.331268
413.017578	220.817535
411.746094	379.254486
410.472656	390.581940
409.200195	530.778809
407.926758	394.766998
406.653320	490.469788
405.379883	185.362793
404.105469	512.252075
402.831055	477.751373
401.556641	377.285767
400.282227	453.555481
399.006836	402.610565
397.731445	554.499329
396.456055	620.687866
395.179688	393.701965
393.903320	391.293182
392.626953	281.432709
391.350586	430.899963
390.073242	372.468109
388.795898	245.910507
387.518555	299.942322
386.240234	257.435150
384.961914	600.340393
383.683594	297.233551
382.405273	340.220154
381.125977	295.407104
379.846680	358.922974
378.567383	136.435745
377.287109	209.537262
376.006836	99.049797
374.726563	144.640366
373.446289	137.270554
372.165039	7.316730
370.883789	26.764952
369.602539	32.387257
368.320313	228.544479
367.039063	126.003845
365.755859	174.780396
364.473633	257.468933
363.190430	228.434647
361.907227	-99.042908
360.624023	-181.915070
359.340820	129.438675
358.056641	181.374619
356.772461	121.625465
355.487305	221.420105
354.202148	53.329742
352.916992	118.467880
351.631836	2.531615
350.346680	212.860168
349.060547	-61.365837
347.774414	131.386459
346.487305	-210.080078
345.200195	21.327749
343.913086	32.682167
342.625977	125.019775
341.338867	187.872803
340.050781	30.768360
338.762695	164.433640
337.473633	80.303741
336.184570	-22.521101
334.895508	-137.574738
333.606445	-228.134689
332.317383	21.272959
331.027344	-40.004055
329.736328	-107.216209
328.446289	-22.648525
327.155273	88.239914
325.864258	-208.472488
324.573242	-94.563293
323.281250	200.883286
321.989258	-21.221313
320.697266	-5.670122
319.405273	-78.276276
318.112305	-187.335205
316.819336	-104.330963
315.526367	-327.232880
314.232422	-116.940544
312.938477	15.763642
311.644531	73.045067
310.349609	108.669228
309.054688	185.094559
307.759766	-76.529266
306.464844	72.759247
305.168945	45.290157
303.873047	318.668304
302.577148	438.937012
301.281250	578.133057
299.984375	540.525330
