1999.946289	15.783412
1998.981445	70.611572
1998.017578	121.879936
1997.052734	-77.100639
1996.088867	-189.228073
1995.124023	67.843529
1994.159180	82.155136
1993.193359	44.511490
1992.228516	-54.960213
1991.262695	-35.530659
1990.296875	-60.608135
1989.331055	-85.631020
1988.365234	50.208431
1987.398438	45.047520
1986.432617	30.038523
1985.465820	59.579037
1984.499023	-49.293453
1983.532227	-71.581551
1982.565430	59.389439
1981.597656	2.564405
1980.629883	108.831902
1979.662109	-22.015606
1978.694336	62.050732
1977.726563	12.790738
1976.758789	5.538014
1975.790039	69.884315
1974.821289	-95.253944
1973.852539	92.486702
1972.883789	45.847229
1971.915039	73.229744
1970.945313	-2.941209
1969.975586	-2.643707
1969.005859	-192.120071
1968.036133	131.073441
1967.066406	-41.081787
1966.096680	-43.182980
1965.125977	129.598969
1964.155273	14.212333
1963.184570	49.064854
1962.213867	29.758160
1961.242188	84.300217
1960.271484	-38.339241
1959.299805	77.715050
1958.328125	31.386547
1957.356445	-110.832870
1956.384766	88.786026
1955.412109	111.328522
1954.439453	-6.237916
1953.467773	38.436993
1952.495117	186.290756
1951.521484	-7.374043
1950.548828	115.872917
1949.575195	-62.973652
1948.601563	45.504509
1947.627930	1.745794
1946.654297	-54.269875
1945.680664	-68.552788
1944.706055	17.754543
1943.732422	-3.902266
1942.757813	21.041428
1941.783203	193.090942
1940.807617	9.596001
1939.833008	112.942268
1938.857422	-107.240631
1937.881836	0.976513
1936.906250	65.051346
1935.930664	67.863388
1934.955078	114.745796
1933.978516	-56.301727
1933.001953	12.600337
1932.025391	-50.693325
1931.048828	-28.328020
1930.072266	40.504574
1929.094727	9.012192
1928.118164	151.161896
1927.140625	-49.075405
1926.163086	12.336229
1925.184570	98.156296
1924.207031	-40.894604
1923.228516	30.222290
1922.250000	52.443867
1921.271484	94.185982
1920.292969	94.387924
1919.314453	-15.290289
1918.334961	99.637909
1917.355469	-17.345581
1916.375977	31.632666
1915.396484	19.589148
1914.416992	-63.200356
1913.436523	75.957741
1912.457031	132.149628
1911.476563	-4.284780
1910.496094	120.123367
1909.515625	-8.971683
1908.534180	-174.579498
1907.552734	-57.555847
1906.572266	27.750359
1905.590820	117.881561
1904.608398	-3.852725
1903.626953	-20.881159
1902.644531	13.192649
1901.663086	27.776035
1900.680664	5.846899
1899.698242	-3.924523
1898.714844	-16.138174
1897.732422	161.299423
1896.749023	-106.226166
1895.765625	-11.504623
1894.782227	158.503159
1893.798828	56.309433
1892.814453	19.730228
1891.831055	-26.561707
1890.846680	48.566135
1889.862305	-99.710480
1888.877930	6.934685
1887.892578	-22.383060
1886.908203	-12.876575
1885.922852	42.707645
1884.937500	61.875519
1883.952148	-86.310860
1882.965820	-67.151268
1881.980469	133.808563
1880.994141	189.252701
1880.007813	-65.521347
1879.021484	33.527988
1878.035156	-78.221252
1877.047852	25.613234
1876.061523	119.712898
1875.074219	-69.499519
1874.086914	92.336037
1873.098633	91.948036
1872.111328	115.748009
1871.123047	137.107330
1870.135742	13.322326
1869.147461	-100.755669
1868.158203	5.224978
1867.169922	-162.013077
1866.180664	-77.834366
1865.192383	47.385159
1864.203125	145.969391
1863.213867	29.516323
1862.223633	-67.583076
1861.234375	79.231361
1860.244141	40.081806
1859.253906	-47.339001
1858.263672	-81.642761
1857.273438	-67.684830
1856.282227	-39.268127
1855.291992	131.437637
1854.300781	-93.423988
1853.309570	-38.523979
1852.317383	88.663818
1851.326172	-75.834930
1850.333984	0.690646
1849.342773	-67.375854
1848.350586	-19.803564
1847.357422	-39.693962
1846.365234	68.036789
1845.372070	101.085335
1844.379883	45.056534
1843.386719	54.015644
1842.393555	197.705338
1841.399414	-58.006516
1840.406250	-3.357299
1839.412109	56.071712
1838.417969	72.193138
1837.423828	148.397705
1836.429688	-37.403366
1835.434570	19.553265
1834.440430	90.897964
1833.445313	51.713921
1832.450195	70.175499
1831.454102	-45.841690
1830.458984	42.237095
1829.462891	34.265995
1828.466797	50.288528
1827.470703	-92.056053
1826.474609	48.712311
1825.478516	55.110802
1824.481445	42.314785
1823.484375	113.430298
1822.487305	38.292381
1821.490234	-34.426517
1820.493164	-1.693120
1819.495117	57.372982
1818.498047	111.622520
1817.500000	96.394844
1816.500977	-14.608814
1815.502930	13.272350
1814.504883	65.071075
1813.505859	88.127701
1812.506836	39.393513
1811.507813	-9.327223
1810.508789	123.729225
1809.508789	0.872409
1808.508789	62.142494
1807.508789	171.189926
1806.508789	-18.537474
1805.508789	-60.056271
1804.508789	111.049614
1803.507813	-33.194492
1802.506836	140.217911
1801.505859	-23.087156
1800.504883	-0.140414
1799.502930	-10.622107
1798.501953	60.028576
1797.500000	116.331467
1796.498047	58.113373
1795.496094	35.685364
1794.493164	-196.567886
1793.491211	86.198158
1792.488281	6.558451
1791.485352	77.076141
1790.482422	204.745895
1789.478516	-60.694633
1788.475586	-2.125482
1787.471680	-67.409721
1786.467773	45.885437
1785.463867	11.552487
1784.459961	-3.732765
1783.455078	9.534905
1782.450195	72.752159
1781.445313	-68.613716
1780.440430	4.097956
1779.435547	-27.837923
1778.429688	-9.847786
1777.424805	-1.373165
1776.418945	-142.613632
1775.413086	-22.463528
1774.406250	-63.891304
1773.400391	-140.929779
1772.393555	-113.467522
1771.386719	56.421444
1770.379883	60.091125
1769.373047	-16.931141
1768.365234	-46.477104
1767.358398	111.392120
1766.350586	131.632172
1765.342773	33.294025
1764.334961	-41.302502
1763.326172	-30.541912
1762.318359	91.601128
1761.309570	92.845398
1760.300781	41.966019
1759.291016	66.894867
1758.282227	219.692947
1757.272461	100.139061
1756.262695	-17.006304
1755.252930	187.775391
1754.243164	-35.837666
1753.233398	62.394768
1752.222656	-109.079842
1751.211914	142.843719
1750.201172	-54.600185
1749.190430	-22.654745
1748.179688	99.093590
1747.167969	147.528809
1746.156250	-82.864456
1745.144531	-79.305977
1744.132813	87.214981
1743.121094	-10.810400
1742.108398	-45.059185
1741.095703	-10.845085
1740.083008	-101.732086
1739.070313	-22.696779
1738.057617	42.148022
1737.043945	-202.029556
1736.030273	-75.872314
1735.016602	54.947857
1734.002930	27.769791
1732.989258	-11.187298
1731.974609	79.468330
1730.959961	97.048004
1729.945313	124.038513
1728.930664	92.135620
1727.916016	1.373486
1726.900391	-127.028526
1725.885742	-109.451614
1724.870117	44.602543
1723.853516	-15.519412
1722.837891	-73.268959
1721.822266	-32.219231
1720.805664	91.109375
1719.789063	38.056530
1718.772461	55.536766
1717.754883	23.649292
1716.738281	5.868944
1715.720703	89.106079
1714.703125	14.935266
1713.685547	32.373566
1712.667969	-91.075134
1711.649414	-216.831680
1710.630859	11.852364
1709.612305	-85.728119
1708.593750	-129.316803
1707.575195	-149.437637
1706.555664	29.783932
1705.536133	129.208664
1704.516602	-15.217683
1703.497070	-9.588376
1702.477539	-18.026976
1701.457031	62.561764
1700.437500	4.908189
1699.416992	-99.573074
1698.395508	2.039338
1697.375000	-11.107703
1696.354492	76.394524
1695.333008	198.959106
1694.311523	19.634834
1693.290039	13.486144
1692.267578	70.482277
1691.246094	106.406387
1690.223633	130.618362
1689.201172	0.535639
1688.178711	22.409204
1687.155273	37.255634
1686.132813	-1.639900
1685.109375	50.565826
1684.085938	-137.792221
1683.062500	80.182442
1682.039063	17.937082
1681.014648	-76.967804
1679.990234	89.510796
1678.965820	-21.715513
1677.941406	0.053965
1676.916992	94.106339
1675.891602	69.195953
1674.866211	109.564552
1673.840820	128.933838
1672.815430	208.879486
1671.790039	281.798492
1670.763672	226.559418
1669.737305	273.812256
1668.710938	211.598053
1667.684570	261.151672
1666.658203	33.686516
1665.630859	111.167328
1664.603516	193.265625
1663.576172	42.693317
1662.548828	187.559814
1661.520508	34.706825
1660.493164	153.931961
1659.464844	168.498672
1658.436523	138.895889
1657.408203	162.742264
1656.378906	30.917603
1655.350586	68.700516
1654.321289	-16.621170
1653.291992	120.981056
1652.261719	239.949921
1651.232422	196.404465
1650.202148	273.532349
1649.171875	55.980282
1648.141602	237.475845
1647.111328	-10.145487
1646.080078	92.443314
1645.049805	204.262665
1644.018555	158.420166
1642.987305	367.498077
1641.955078	275.290680
1640.923828	62.660709
1639.891602	128.024841
1638.859375	378.602539
1637.827148	348.950531
1636.794922	289.214874
1635.761719	333.633148
1634.729492	322.501801
1633.696289	96.230125
1632.662109	92.072540
1631.628906	71.727821
1630.594727	134.613556
1629.561523	246.014923
1628.527344	311.143951
1627.493164	159.046356
1626.458008	226.465607
1625.423828	346.980408
1624.388672	308.102051
1623.353516	130.705368
1622.318359	311.170349
1621.282227	235.379593
1620.247070	291.142822
1619.210938	381.482513
1618.174805	319.549927
1617.137695	384.471344
1616.101563	322.554504
1615.064453	232.992798
1614.027344	203.386719
1612.990234	339.699738
1611.953125	252.480759
1610.916016	285.070709
1609.877930	356.792664
1608.839844	345.592316
1607.801758	223.893585
1606.763672	371.530548
1605.724609	491.490387
1604.685547	220.275375
1603.646484	450.626892
1602.607422	604.990784
1601.568359	501.760803
1600.528320	451.441620
1599.489258	426.426483
1598.449219	493.338013
1597.408203	470.612366
1596.368164	312.364960
1595.327148	358.581665
1594.287109	531.074768
1593.246094	409.634247
1592.204102	481.046417
1591.163086	387.199707
1590.121094	444.819702
1589.079102	465.712494
1588.037109	562.283508
1586.995117	457.022583
1585.953125	445.801483
1584.910156	535.439392
1583.867188	482.952301
1582.824219	448.816498
1581.781250	384.912964
1580.737305	357.678558
1579.693359	479.303162
1578.649414	555.090637
1577.605469	429.410248
1576.561523	502.890594
1575.516602	448.202454
1574.472656	306.605774
1573.427734	352.620178
1572.381836	325.436798
1571.336914	472.033783
1570.291016	396.836121
1569.246094	328.529480
1568.200195	248.823532
1567.153320	463.860992
1566.107422	592.021423
1565.060547	299.931458
1564.013672	501.140808
1562.966797	321.046112
1561.919922	319.048431
1560.872070	337.589600
1559.825195	335.596497
1558.777344	310.794952
1557.729492	447.926514
1556.680664	299.991669
1555.632813	222.791260
1554.583984	327.959869
1553.535156	378.401154
1552.486328	403.765686
1551.436523	506.570099
1550.387695	413.483307
1549.337891	368.252258
1548.288086	250.195679
1547.238281	266.479218
1546.187500	271.381287
1545.136719	192.105774
1544.086914	301.673035
1543.035156	149.655640
1541.984375	272.841217
1540.933594	316.415863
1539.881836	230.420227
1538.830078	260.362854
1537.778320	515.232727
1536.725586	431.539703
1535.673828	347.889099
1534.621094	318.774139
1533.568359	453.135986
1532.515625	333.235535
1531.461914	338.202393
1530.409180	238.808762
1529.355469	314.131897
1528.301758	316.857605
1527.247070	317.321503
1526.193359	322.330902
1525.138672	216.279068
1524.083984	205.459656
1523.029297	289.817169
1521.974609	249.558365
1520.918945	111.933479
1519.863281	112.503685
1518.807617	169.683716
1517.751953	97.830704
1516.696289	89.383781
1515.639648	101.312531
1514.583008	163.015945
1513.526367	118.404839
1512.469727	-21.150955
1511.412109	92.573059
1510.355469	136.193878
1509.297852	87.149582
1508.240234	139.815170
1507.181641	-26.658045
1506.124023	-19.137058
1505.065430	-7.092373
1504.006836	-78.573853
1502.948242	-41.664810
1501.888672	-38.610836
1500.830078	-121.284439
1499.770508	-233.239471
1498.710938	-160.187500
1497.650391	-120.977577
1496.590820	19.689558
1495.530273	-92.148529
1494.469727	-208.433929
1493.409180	-74.549759
1492.348633	-325.928467
1491.287109	-174.025940
1490.225586	-202.318985
1489.164063	-77.486649
1488.102539	49.563061
1487.041016	-55.226814
1485.978516	-9.204181
1484.916016	-113.887932
1483.853516	-11.628975
1482.791016	-62.284550
1481.727539	-54.445667
1480.664063	-84.800720
1479.600586	-94.907166
1478.537109	18.584791
1477.473633	37.754410
1476.409180	-1.509738
1475.344727	67.110207
1474.280273	122.152496
1473.215820	-22.449598
1472.151367	104.451546
1471.085938	22.753380
1470.020508	127.302467
1468.955078	126.378273
1467.888672	342.692749
1466.823242	288.237030
1465.756836	359.109192
1464.690430	351.570770
1463.624023	277.117981
1462.556641	224.934082
1461.490234	248.903549
1460.422852	308.509460
1459.355469	365.707977
1458.287109	208.608749
1457.219727	300.139526
1456.151367	295.481720
1455.083008	292.859100
1454.014648	328.243469
1452.945313	69.063362
1451.876953	271.828369
1450.807617	262.419800
1449.738281	214.785950
1448.668945	187.912231
1447.598633	149.696075
1446.528320	168.230621
1445.458008	183.821655
1444.387695	266.711517
1443.317383	68.355400
1442.246094	47.230865
1441.174805	116.789841
1440.103516	22.466055
1439.032227	73.396820
1437.960938	65.803947
1436.888672	-48.813419
1435.816406	57.240181
1434.744141	185.682144
1433.670898	-154.175308
1432.598633	16.764444
1431.525391	87.782478
1430.452148	68.256744
1429.378906	2.699059
1428.304688	-58.712051
1427.231445	95.926460
1426.157227	105.515015
1425.083008	-86.782921
1424.007813	-44.003086
1422.933594	60.647499
1421.858398	-47.388565
1420.783203	12.042320
1419.708008	16.882624
1418.631836	-103.228973
1417.555664	36.892311
1416.479492	80.227501
1415.403320	160.378723
1414.327148	60.052605
1413.250000	130.046631
1412.173828	56.857365
1411.096680	79.350250
1410.018555	96.174843
1408.941406	-1.572361
1407.863281	94.330193
1406.785156	-83.003815
1405.707031	26.350496
1404.628906	-21.475975
1403.549805	24.006372
1402.470703	-27.217783
1401.391602	97.308144
1400.312500	101.432838
1399.233398	97.810150
1398.153320	-49.959858
1397.073242	-43.493237
1395.993164	20.952726
1394.913086	102.442520
1393.832031	33.306770
1392.750977	-94.387581
1391.669922	69.629517
1390.588867	117.933769
1389.506836	56.734310
1388.425781	4.938635
1387.343750	-15.804018
1386.261719	-9.130490
1385.178711	172.876465
1384.096680	-7.074625
1383.013672	85.943520
1381.930664	137.780273
1380.846680	-35.085506
1379.763672	92.706360
1378.679688	97.963219
1377.595703	158.931793
1376.511719	117.513435
1375.427734	46.456680
1374.342773	45.614544
1373.257813	128.773682
1372.172852	127.984352
1371.087891	167.160126
1370.001953	267.304993
1368.916992	182.594971
1367.831055	348.778381
1366.744141	367.854248
1365.658203	388.701599
1364.571289	251.062973
1363.484375	268.666199
1362.397461	334.179169
1361.310547	504.698517
1360.222656	423.295410
1359.135742	425.602325
1358.047852	388.879303
1356.958984	412.390472
1355.871094	280.995331
1354.782227	348.012085
1353.693359	392.652588
1352.604492	455.683929
1351.515625	343.643616
1350.425781	455.010681
1349.335938	377.717621
1348.246094	474.881561
1347.156250	323.061493
1346.066406	411.493164
1344.975586	442.662079
1343.884766	257.681274
1342.793945	474.428070
1341.702148	268.261627
1340.611328	266.628967
1339.519531	298.253296
1338.427734	323.072205
1337.334961	218.512268
1336.243164	213.682983
1335.150391	128.536194
1334.057617	298.410767
1332.964844	365.971649
1331.871094	301.872559
1330.778320	252.114822
1329.684570	283.800903
1328.590820	241.807175
1327.496094	262.472473
1326.402344	194.524460
1325.307617	304.326111
1324.212891	141.376190
1323.117188	83.979942
1322.022461	219.150513
1320.926758	244.598663
1319.831055	52.732243
1318.735352	34.406094
1317.638672	178.997360
1316.542969	47.992561
1315.446289	119.773582
1314.349609	3.296483
1313.251953	45.051773
1312.155273	77.634666
1311.057617	19.407696
1309.959961	77.042152
1308.862305	7.952910
1307.763672	-44.675087
1306.665039	-42.422565
1305.566406	99.257179
1304.467773	141.782928
1303.369141	39.770226
1302.269531	115.742004
1301.169922	155.643784
1300.070313	145.893356
1298.970703	61.392395
1297.870117	131.713211
1296.769531	147.132797
1295.668945	192.420975
1294.568359	201.503326
1293.466797	149.291611
1292.366211	181.879288
1291.264648	238.909851
1290.162109	235.976913
1289.060547	195.601547
1287.958008	150.058716
1286.855469	206.585175
1285.752930	210.476608
1284.650391	70.881729
1283.546875	127.256393
1282.444336	135.764999
1281.339844	167.902435
1280.236328	98.558159
1279.132813	30.534689
1278.028320	121.311867
1276.923828	28.372837
1275.819336	97.412704
1274.713867	161.944550
1273.608398	95.810356
1272.503906	-17.473166
1271.397461	51.310055
1270.291992	-124.646828
1269.185547	-30.128828
1268.080078	-11.328946
1266.972656	21.077946
1265.866211	130.186188
1264.759766	37.831223
1263.652344	67.288483
1262.544922	37.681995
1261.436523	39.167114
1260.329102	-51.444489
1259.220703	25.794352
1258.112305	92.019318
1257.003906	0.024132
1255.895508	-28.415575
1254.786133	54.568020
1253.676758	-52.472946
1252.567383	-51.572403
1251.458008	41.670773
1250.347656	-6.565006
1249.237305	175.668823
1248.126953	109.114708
1247.016602	100.188400
1245.905273	142.824722
1244.793945	326.444336
1243.682617	110.522095
1242.571289	126.791168
1241.459961	78.283035
1240.347656	-12.398999
1239.235352	124.416183
1238.123047	41.088200
1237.009766	51.332199
1235.897461	40.297207
1234.784180	11.915258
1233.670898	-0.028816
1232.556641	-17.159185
1231.443359	10.059337
1230.329102	-42.672108
1229.214844	61.176876
1228.099609	-36.287369
1226.985352	-121.910110
1225.870117	-39.638565
1224.754883	-30.008783
1223.639648	20.396463
1222.523438	60.014107
1221.408203	-13.416213
1220.291992	33.062145
1219.174805	-56.053497
1218.058594	19.598530
1216.941406	-41.234566
1215.824219	4.419911
1214.707031	55.437195
1213.589844	-39.346542
1212.471680	-16.341974
1211.353516	-75.045181
1210.235352	-58.074081
1209.117188	-23.048079
1207.998047	-110.060936
1206.878906	-73.264496
1205.759766	-115.536469
1204.640625	-64.420547
1203.520508	-69.178947
1202.401367	-117.159592
1201.281250	-105.023834
1200.160156	-141.622025
1199.040039	-111.371910
1197.918945	-140.305466
1196.797852	-79.929527
1195.676758	-26.050013
1194.555664	-202.251648
1193.433594	-263.610077
1192.311523	-99.776230
1191.189453	-108.220543
1190.066406	-40.537724
1188.944336	-101.723671
1187.821289	-64.056892
1186.698242	-87.475899
1185.574219	18.888004
1184.451172	6.499853
1183.327148	-8.047278
1182.203125	-25.228504
1181.078125	-62.764992
1179.954102	-4.078397
1178.829102	-116.328590
1177.704102	26.295952
1176.579102	-101.934013
1175.453125	43.195412
1174.327148	-12.186383
1173.201172	-8.604036
1172.075195	-40.827305
1170.949219	30.647003
1169.822266	-30.748964
1168.695313	-2.070853
1167.568359	-36.089878
1166.440430	19.552368
1165.313477	-7.040789
1164.185547	84.655792
1163.057617	-119.844170
1161.928711	-19.521154
1160.800781	-20.063286
1159.671875	29.577486
1158.541992	-47.437923
1157.413086	-49.889904
1156.283203	-12.600053
1155.154297	-46.396580
1154.023438	-32.626316
1152.893555	-88.154259
1151.763672	-28.370073
1150.632813	56.130989
1149.501953	76.578056
1148.370117	32.670788
1147.239258	31.297869
1146.107422	62.040440
1144.975586	94.842506
1143.843750	76.824501
1142.710938	122.421883
1141.578125	52.609947
1140.445313	153.841644
1139.312500	213.471771
1138.178711	93.595940
1137.045898	74.671837
1135.912109	61.819538
1134.777344	191.348923
1133.643555	234.543900
1132.508789	145.793060
1131.374023	203.546387
1130.239258	318.568390
1129.104492	284.534698
1127.968750	311.528656
1126.833008	427.636475
1125.697266	304.754547
1124.560547	297.339722
1123.424805	266.238098
1122.288086	257.742889
1121.151367	358.419464
1120.013672	243.485352
1118.876953	266.432770
1117.739258	380.565125
1116.601563	347.845276
1115.462891	248.715836
1114.324219	315.826691
1113.186523	263.819458
1112.046875	197.613510
1110.908203	178.310257
1109.769531	157.530533
1108.629883	237.458603
1107.490234	135.831345
1106.349609	205.053223
1105.209961	169.842346
1104.069336	205.164963
1102.928711	146.458694
1101.787109	188.028351
1100.646484	253.049667
1099.504883	128.044464
1098.363281	176.420166
1097.221680	305.183502
1096.079102	318.521118
1094.936523	290.863403
1093.793945	279.477844
1092.651367	202.594849
1091.507813	267.276489
1090.364258	276.813568
1089.220703	242.086868
1088.077148	175.421066
1086.933594	299.033875
1085.789063	189.895020
1084.644531	166.068329
1083.499023	164.885330
1082.354492	39.505096
1081.208984	135.264542
1080.063477	184.074738
1078.917969	96.717384
1077.771484	204.081573
1076.625977	84.195648
1075.479492	225.715759
1074.332031	142.060791
1073.185547	230.877350
1072.038086	252.326859
1070.890625	275.438690
1069.743164	131.672287
1068.594727	193.517746
1067.447266	194.029053
1066.298828	224.719070
1065.149414	257.047760
1064.000977	288.280060
1062.851563	149.306778
1061.702148	333.963531
1060.552734	310.123840
1059.402344	133.088287
1058.252930	321.045837
1057.102539	98.828522
1055.951172	120.949997
1054.800781	123.145226
1053.649414	12.274003
1052.498047	188.905975
1051.346680	395.834656
1050.194336	258.207184
1049.042969	274.371918
1047.890625	175.219833
1046.738281	151.689270
1045.584961	120.317513
1044.431641	274.555176
1043.278320	9.275824
1042.125000	176.253464
1040.971680	92.043327
1039.817383	148.944321
1038.663086	96.612732
1037.508789	182.778580
1036.353516	204.407761
1035.198242	241.975922
1034.042969	140.444565
1032.887695	75.090134
1031.732422	97.180290
1030.576172	0.258980
1029.419922	164.661316
1028.263672	214.706696
1027.106445	124.700317
1025.949219	81.525635
1024.792969	89.087662
1023.634766	93.310913
1022.477539	13.238368
1021.319336	43.106644
1020.161133	88.026833
1019.002930	-10.178207
1017.843750	93.884995
1016.684570	158.014572
1015.525391	63.004120
1014.366211	42.140354
1013.207031	-46.297302
1012.046875	118.073837
1010.886719	185.395233
1009.726563	154.744659
1008.565430	-14.015260
1007.404297	108.655434
1006.243164	-6.734834
1005.082031	76.121208
1003.920898	81.066460
1002.758789	-2.459813
1001.596680	144.886108
1000.433594	46.298332
999.271484	25.518932
998.108398	219.082977
996.945313	111.919670
995.782227	203.292358
994.618164	-32.883698
993.454102	100.187469
992.290039	103.123672
991.125977	102.784950
989.960938	142.242294
988.796875	58.026527
987.630859	-18.146730
986.465820	-52.318466
985.300781	-52.758488
984.134766	96.878593
982.968750	50.584625
981.801758	-100.481064
980.635742	-4.996511
979.468750	-118.963524
978.301758	-71.264244
977.133789	-2.655375
975.966797	-171.183060
974.798828	-52.145550
973.630859	44.184425
972.461914	-17.967918
971.293945	-2.435302
970.125000	-43.237202
968.956055	-64.986168
967.786133	-75.620583
966.617188	19.945831
965.447266	48.663284
964.276367	162.021683
963.106445	161.190857
961.935547	74.512550
960.764648	-7.593978
959.593750	-108.034317
958.422852	-65.074883
957.250977	-57.301556
956.079102	-0.820958
954.907227	-88.666107
953.734375	-136.461960
952.562500	-173.100143
951.389648	81.714653
950.215820	33.674015
949.042969	215.392212
947.869141	97.913528
946.695313	112.358452
945.521484	-57.503315
944.346680	87.419556
943.172852	87.639793
941.998047	-52.269020
940.822266	7.591730
939.647461	92.928627
938.471680	74.729301
937.295898	68.072243
936.119141	-5.300855
934.943359	206.327347
933.766602	45.635399
932.589844	303.121704
931.413086	236.674591
930.235352	186.440598
929.057617	234.858521
927.879883	56.074074
926.702148	278.845245
925.523438	263.008423
924.344727	157.716843
923.166016	192.348587
921.987305	139.849625
920.807617	160.732651
919.627930	162.276352
919.497070	12.169956
918.331055	172.845901
917.165039	72.268791
915.999023	102.301575
914.833008	125.452705
913.666016	208.130371
912.499023	167.155716
911.332031	36.936119
910.165039	105.856499
908.997070	211.358246
907.830078	-126.938530
906.661133	-103.755852
905.493164	42.887890
904.325195	-13.980473
903.156250	50.312866
901.987305	0.328761
900.818359	-134.162628
899.648438	-1.349302
898.478516	-7.891128
897.308594	51.786251
896.138672	122.856789
894.968750	-9.221367
893.797852	-15.740234
892.626953	46.188648
891.456055	-8.229525
890.284180	67.364616
889.113281	60.852798
887.941406	93.100113
886.768555	43.296139
885.596680	45.922180
884.423828	94.115807
883.250977	130.906052
882.078125	58.382862
880.905273	145.263123
879.731445	-97.938499
878.557617	-42.910297
877.383789	96.286789
876.209961	35.247078
875.035156	58.391479
873.860352	51.971142
872.685547	-115.855171
871.510742	-17.668438
870.334961	41.852642
869.159180	17.289753
867.983398	26.816786
866.807617	95.395226
865.630859	-38.134571
864.454102	-53.553749
863.277344	62.683147
862.100586	-0.391604
860.922852	-6.713033
859.745117	-65.197083
858.567383	-23.864719
857.389648	-93.644615
856.210938	45.169323
855.032227	-10.982445
853.853516	-44.444622
852.674805	-105.072655
851.495117	20.067579
850.315430	-11.093747
849.135742	-51.292465
847.956055	-91.467529
846.775391	65.280998
845.595703	-35.982018
844.415039	-46.703758
843.233398	-132.052673
842.052734	103.749420
840.871094	-135.321289
839.689453	-10.360584
838.506836	78.397697
837.325195	-18.152592
836.142578	-31.071369
834.959961	-111.734245
833.777344	35.708828
832.593750	86.022079
831.410156	-8.136927
830.226563	46.690739
829.042969	51.865368
827.858398	-114.391785
826.673828	-79.852875
825.489258	49.380955
824.304688	88.393112
823.120117	-25.870178
821.934570	-4.872239
820.749023	-80.754898
819.562500	-25.953634
818.376953	-45.487911
817.190430	-71.761299
816.003906	-111.525551
814.817383	-29.732414
813.629883	-22.222164
812.442383	64.030296
811.254883	-25.189503
810.067383	0.320449
808.878906	-147.294266
807.690430	-128.501266
806.501953	-134.432999
805.313477	-106.654083
804.124023	-114.823624
802.934570	-33.146084
801.745117	70.957489
800.555664	-4.584367
799.365234	-10.506446
798.175781	23.970417
796.985352	-35.796074
795.793945	-52.912540
794.603516	-54.321026
793.412109	-6.394301
792.220703	-27.980930
791.028320	-116.795227
789.836914	-75.600555
788.644531	14.870446
787.452148	31.386868
786.258789	121.803230
785.066406	59.927433
783.873047	9.273417
782.679688	-25.692490
781.485352	-27.076223
780.291992	-32.935143
779.097656	3.708059
777.903320	-2.152472
776.708008	65.771355
775.512695	-7.158156
774.318359	-13.014254
773.122070	-117.178291
771.926758	-109.605850
770.730469	-14.930981
769.534180	-145.830460
768.337891	13.552395
767.141602	-19.091297
765.944336	-29.406588
764.747070	109.766167
763.549805	159.651291
762.351563	180.521194
761.154297	31.916164
759.956055	110.757240
758.757813	124.926239
757.558594	147.999252
756.359375	157.691086
755.160156	309.928680
753.960938	237.174164
752.761719	375.961884
751.561523	474.618378
750.361328	519.813538
749.160156	471.530670
747.959961	236.389648
746.758789	346.087799
745.557617	280.059692
744.356445	160.693161
743.154297	132.503677
741.952148	86.538589
740.750000	56.137432
739.547852	105.709045
738.344727	90.845497
737.142578	13.803061
735.939453	143.244705
734.735352	270.403442
733.532227	306.514160
732.328125	335.944305
731.124023	152.408310
729.918945	272.760864
728.714844	251.147537
727.509766	149.728195
726.303711	161.371140
725.098633	144.188278
723.892578	268.783295
722.686523	189.541061
721.480469	12.882644
720.274414	210.444412
719.067383	164.423706
717.860352	167.093658
716.653320	74.605278
715.445313	13.110477
714.238281	150.672089
713.030273	151.066879
711.821289	100.598175
710.613281	120.860641
709.404297	-0.329970
708.195313	28.746853
706.986328	33.494572
705.776367	115.517609
704.566406	16.433969
703.356445	85.141762
702.146484	-133.113266
700.935547	43.678539
699.724609	63.742168
698.513672	-68.412437
697.302734	77.317894
696.090820	-39.393688
694.878906	-74.521790
693.666992	7.142236
692.455078	68.919373
691.242188	-56.594463
690.029297	38.160385
688.816406	57.985363
687.602539	35.950470
686.389648	62.321499
685.175781	31.443340
683.960938	266.762878
682.747070	229.205261
681.532227	222.425781
680.317383	184.841690
679.102539	200.003967
677.886719	171.178802
676.670898	177.495392
675.455078	192.568741
674.239258	58.255001
673.022461	93.055618
671.805664	156.353836
670.588867	127.407234
669.372070	122.584206
668.154297	91.405640
666.936523	147.954620
665.718750	171.553177
664.500977	78.900307
663.282227	-18.127707
662.063477	101.837982
660.844727	92.436317
659.625000	190.358963
658.405273	148.026123
657.185547	261.162201
655.965820	172.790970
654.745117	130.394531
653.525391	125.188286
652.303711	12.738503
651.083008	11.870690
649.861328	188.127289
648.640625	-27.134970
647.417969	87.777359
646.196289	1.520200
644.973633	114.126045
643.750977	58.421246
642.528320	57.315369
641.305664	115.141335
640.082031	214.394226
638.858398	141.117813
637.634766	128.948761
636.410156	33.833256
635.185547	95.797607
633.960938	-82.220230
632.736328	25.468189
631.510742	-34.797451
630.285156	90.204605
629.059570	-44.212158
627.833984	19.664181
626.607422	29.021381
625.380859	105.854301
624.154297	143.426651
622.927734	109.110054
621.700195	-12.286201
620.472656	-81.440460
619.245117	66.957916
618.016602	367.515991
616.788086	285.175201
615.559570	224.577698
614.331055	233.531250
613.101563	170.729309
611.872070	-2.892450
610.642578	66.828743
609.413086	-52.466824
608.182617	-34.945614
606.952148	23.783281
605.721680	-84.673485
604.491211	-110.655556
603.259766	-17.332865
602.028320	-17.353912
600.796875	-93.309265
599.564453	136.449432
598.332031	79.939362
597.099609	-117.449585
595.867188	-48.269337
594.633789	-135.125977
593.400391	74.749260
592.166992	-1.330324
590.933594	167.233276
589.699219	88.942337
588.464844	149.153641
587.230469	259.073151
585.995117	74.733353
584.760742	316.486877
583.525391	97.562920
582.289063	354.284119
581.053711	148.358688
579.817383	-51.023781
578.581055	62.903419
577.343750	137.876846
576.107422	178.244095
574.870117	194.819641
573.631836	142.290924
572.394531	225.718567
571.156250	337.135223
569.917969	204.726761
568.679688	320.368713
567.440430	457.500732
566.202148	381.136292
564.961914	546.172241
563.722656	508.566437
562.482422	389.090546
561.243164	487.191833
560.001953	507.706512
558.761719	295.674591
557.520508	417.355530
556.279297	293.633209
555.038086	243.102554
553.795898	158.158676
552.554688	124.854523
551.311523	181.857147
550.069336	174.330917
548.826172	85.120628
547.583984	124.868675
546.339844	57.166843
545.096680	10.963792
543.852539	140.861130
542.608398	45.259037
541.364258	39.844265
540.119141	58.029030
538.875000	247.850388
537.628906	90.065552
536.383789	166.116501
535.137695	79.165817
533.892578	101.583122
532.645508	59.684681
531.399414	-12.196871
530.152344	48.777809
528.905273	-160.159485
527.658203	-131.302933
526.410156	17.436899
525.163086	-69.346237
523.914063	40.795761
522.666016	-18.137501
521.416992	-143.358444
520.167969	-5.458526
518.918945	-60.057671
517.669922	-3.461826
516.419922	3.955084
515.169922	-46.320816
513.919922	-88.022263
512.668945	28.362562
511.417969	148.976959
510.166992	-110.490456
508.916016	-0.552241
507.664063	19.714535
506.412109	48.518036
505.160156	-63.471733
503.907227	-151.942200
502.655273	53.896748
501.402344	-96.358170
500.148438	7.098267
498.895508	-96.173447
497.641602	-126.951569
496.387695	27.609020
495.132813	-130.925735
493.878906	-74.336868
492.624023	-81.616493
491.368164	-99.518127
490.113281	-36.540745
488.857422	-101.209663
487.601563	-208.369003
486.344727	-17.777637
485.088867	-69.599808
483.832031	-108.629913
482.575195	81.871239
481.317383	-84.609711
480.059570	54.863079
478.801758	-58.413521
477.543945	117.123421
476.285156	-21.553732
475.027344	-7.351964
473.767578	68.390129
472.508789	69.873009
471.249023	-68.603638
469.989258	36.840858
468.729492	-105.774872
467.469727	52.652229
466.208984	128.384262
464.948242	115.119446
463.686523	-16.739573
462.425781	-84.997124
461.164063	94.497292
459.901367	45.319027
458.639648	-5.941499
457.376953	253.853851
456.114258	52.398849
454.851563	45.609810
453.587891	129.750656
452.324219	103.933838
451.060547	54.883514
449.796875	130.528381
448.532227	45.582203
447.267578	226.804031
446.002930	114.419113
444.737305	132.974442
443.471680	-13.125245
442.206055	199.585724
440.940430	116.812187
439.673828	36.170506
438.407227	94.739784
437.140625	-9.088963
435.873047	-5.383359
434.605469	82.600891
433.337891	-8.585396
432.070313	-21.813910
430.801758	-60.344776
429.533203	4.287539
428.264648	60.432129
426.996094	116.509239
425.726563	235.646240
424.457031	184.262299
423.186523	139.155273
421.916992	125.555511
420.646484	71.948647
419.375977	58.237728
418.104492	147.440002
416.833008	253.335678
415.561523	214.151672
414.290039	-18.330608
413.017578	169.160934
411.746094	94.051453
410.472656	31.458967
409.200195	235.291290
407.926758	15.116364
406.653320	25.645075
405.379883	88.466507
404.105469	146.927872
402.831055	161.199600
401.556641	244.472168
400.282227	61.448048
399.006836	98.290405
397.731445	63.732189
396.456055	72.977554
395.179688	136.453171
393.903320	28.073244
392.626953	91.118797
391.350586	3.285624
390.073242	72.130501
388.795898	105.155533
387.518555	52.195324
386.240234	42.889183
384.961914	-25.200090
383.683594	-24.593775
382.405273	0.784697
381.125977	-9.663326
379.846680	-64.273918
378.567383	-41.952435
377.287109	82.276878
376.006836	24.556168
374.726563	158.418961
373.446289	4.006380
372.165039	70.294533
370.883789	31.897852
369.602539	-19.417690
368.320313	-25.317757
367.039063	5.834266
365.755859	40.644108
364.473633	-124.972618
363.190430	-12.035703
361.907227	14.975045
360.624023	-181.261749
359.340820	81.866692
358.056641	-59.292797
356.772461	-9.649398
355.487305	10.223884
354.202148	-1.740423
352.916992	-128.682388
351.631836	-17.283096
350.346680	12.333514
349.060547	84.810081
347.774414	56.819832
346.487305	-17.629639
345.200195	39.999161
343.913086	63.569363
342.625977	-193.829407
341.338867	-8.070940
340.050781	106.168114
338.762695	43.176960
337.473633	-8.329645
336.184570	-149.925171
334.895508	45.283089
333.606445	75.695023
332.317383	-85.537636
331.027344	-140.151566
329.736328	-127.586815
328.446289	-95.476845
327.155273	-87.377075
325.864258	-55.693443
324.573242	-2.544439
323.281250	63.718060
321.989258	-5.790818
320.697266	49.444942
319.405273	-0.099431
318.112305	-42.850430
316.819336	-138.726624
315.526367	-70.870384
314.232422	-118.231178
312.938477	-18.551910
311.644531	5.114846
310.349609	76.547211
309.054688	115.248413
307.759766	84.066086
306.464844	230.465683
305.168945	189.305161
303.873047	222.490250
302.577148	331.983582
301.281250	396.121918
299.984375	334.492615
