1999.980469	-402.792389
1999.016602	-156.308273
1998.052734	-160.484543
1997.087891	0.637139
1996.123047	89.114388
1995.158203	35.653408
1994.193359	-186.891708
1993.228516	60.481037
1992.262695	101.645775
1991.297852	152.066498
1990.332031	115.265747
1989.366211	-85.406494
1988.399414	161.245789
1987.433594	65.913994
1986.466797	155.596588
1985.500977	-249.779495
1984.534180	-274.759766
1983.567383	-161.771072
1982.599609	116.320282
1981.632813	38.083874
1980.665039	50.882816
1979.697266	117.626358
1978.729492	40.747009
1977.761719	-4.360266
1976.792969	78.574020
1975.825195	146.338348
1974.856445	268.060394
1973.887695	-25.034338
1972.918945	14.695159
1971.949219	68.942696
1970.980469	179.620880
1970.010742	161.825302
1969.041016	42.747814
1968.071289	110.787392
1967.101563	-151.567520
1966.130859	93.451523
1965.161133	143.617081
1964.190430	122.178291
1963.219727	56.267681
1962.249023	384.086853
1961.277344	253.868652
1960.306641	66.963753
1959.334961	-6.821294
1958.363281	66.891373
1957.391602	96.202217
1956.419922	250.805161
1955.447266	262.674683
1954.474609	264.623505
1953.501953	286.155273
1952.529297	435.376801
1951.556641	397.779480
1950.583984	21.196190
1949.610352	219.333786
1948.636719	122.728447
1947.663086	163.587296
1946.689453	165.134781
1945.715820	-49.285721
1944.741211	-52.652325
1943.767578	191.713623
1942.792969	190.729126
1941.818359	-48.106205
1940.842773	-110.339767
1939.868164	-135.783966
1938.892578	-28.874241
1937.916992	-49.404804
1936.941406	25.625877
1935.965820	-163.878525
1934.990234	-142.692245
1934.013672	-251.252686
1933.037109	-83.134369
1932.060547	43.344902
1931.083984	-67.554695
1930.107422	151.905334
1929.129883	-169.265869
1928.153320	86.886070
1927.175781	-26.238081
1926.198242	-100.165459
1925.219727	-66.475273
1924.242188	270.276093
1923.263672	-108.958145
1922.285156	83.633965
1921.306641	41.725033
1920.328125	-36.752682
1919.349609	-78.531128
1918.370117	-29.926552
1917.391602	116.331177
1916.412109	-86.363625
1915.431641	-1.046008
1914.452148	-269.407471
1913.472656	33.059486
1912.492188	-76.622025
1911.511719	-315.423218
1910.531250	-73.915047
1909.550781	4.268960
1908.569336	-61.285797
1907.588867	65.675056
1906.607422	-29.009018
1905.625977	275.750397
1904.644531	-35.545982
1903.662109	-91.088394
1902.680664	-51.656536
1901.698242	-41.403206
1900.715820	-206.287491
1899.733398	-220.268051
1898.750000	181.659912
1897.767578	-48.733253
1896.784180	-145.301559
1895.800781	108.200447
1894.817383	65.149673
1893.833984	112.036247
1892.850586	-71.852890
1891.866211	225.244568
1890.881836	228.419373
1889.897461	-147.147217
1888.913086	-143.883301
1887.927734	-123.622452
1886.943359	-52.407887
1885.958008	72.158058
1884.972656	-70.140907
1883.987305	277.493408
1883.001953	-155.761887
1882.015625	162.657776
1881.029297	182.821121
1880.042969	333.823059
1879.056641	-60.397751
1878.070313	80.868790
1877.083984	-209.052017
1876.096680	-164.713043
1875.109375	36.950409
1874.122070	25.492086
1873.134766	-48.919052
1872.146484	-26.545095
1871.159180	-221.956650
1870.170898	143.828857
1869.182617	-177.381592
1868.194336	-10.102748
1867.205078	62.785828
1866.216797	-86.776329
1865.227539	169.643997
1864.238281	39.332462
1863.249023	-199.696396
1862.259766	230.302414
1861.269531	-32.955364
1860.279297	145.624710
1859.290039	210.612015
1858.298828	101.735466
1857.308594	113.463196
1856.318359	-22.059561
1855.327148	102.878540
1854.335938	208.386108
1853.344727	-43.084789
1852.353516	165.876892
1851.362305	119.176361
1850.370117	291.678802
1849.377930	220.671097
1848.385742	265.204956
1847.393555	88.039124
1846.401367	38.442196
1845.408203	29.673403
1844.415039	-162.147766
1843.421875	151.358612
1842.428711	493.492432
1841.435547	82.393440
1840.441406	142.736359
1839.448242	77.874138
1838.454102	190.815186
1837.459961	164.146835
1836.464844	-21.280890
1835.470703	127.224052
1834.475586	44.881958
1833.480469	289.095245
1832.485352	216.050751
1831.490234	46.829895
1830.495117	-55.271042
1829.499023	255.343231
1828.502930	371.288910
1827.506836	331.067413
1826.510742	170.744766
1825.513672	379.663696
1824.517578	-188.616699
1823.520508	113.439110
1822.523438	55.637966
1821.526367	326.010834
1820.529297	32.996895
1819.531250	60.926395
1818.533203	282.671478
1817.535156	176.048386
1816.537109	-45.655849
1815.539063	386.060669
1814.540039	518.228577
1813.541992	114.116409
1812.542969	190.851837
1811.543945	348.683533
1810.543945	-113.194366
1809.544922	242.687637
1808.544922	175.055313
1807.544922	-9.888491
1806.544922	421.600647
1805.544922	568.372742
1804.544922	108.080475
1803.543945	142.151169
1802.542969	293.001801
1801.541992	357.619202
1800.541016	30.496130
1799.539063	27.850235
1798.538086	134.753799
1797.536133	7.571014
1796.534180	168.831726
1795.532227	174.780869
1794.529297	68.418388
1793.527344	88.221375
1792.524414	267.468018
1791.521484	-51.654217
1790.518555	231.910355
1789.514648	381.717438
1788.511719	221.613800
1787.507813	225.627533
1786.503906	138.924026
1785.500000	80.576797
1784.496094	45.807865
1783.491211	253.499939
1782.486328	256.272614
1781.481445	-124.148071
1780.476563	158.819489
1779.471680	244.086975
1778.465820	305.290070
1777.460938	21.605392
1776.455078	25.298634
1775.449219	133.278473
1774.442383	162.566528
1773.436523	-64.885071
1772.429688	-176.165833
1771.422852	146.794205
1770.416016	151.321198
1769.409180	-195.629684
1768.402344	-46.806404
1767.394531	-24.034328
1766.386719	-96.392494
1765.378906	-178.458786
1764.371094	-203.844238
1763.362305	308.601563
1762.354492	-15.985835
1761.345703	284.842346
1760.336914	312.860321
1759.328125	25.592072
1758.318359	-145.793427
1757.308594	-161.093353
1756.299805	-32.213352
1755.290039	-29.087992
1754.279297	-120.885208
1753.269531	-18.869165
1752.258789	-222.303848
1751.249023	-177.559830
1750.238281	-123.636307
1749.226563	-58.177525
1748.215820	111.037262
1747.204102	116.861153
1746.193359	-239.042709
1745.181641	38.033436
1744.168945	300.572510
1743.157227	-32.286282
1742.144531	-91.402786
1741.132813	-18.521608
1740.120117	-148.890106
1739.106445	147.627197
1738.093750	-263.929657
1737.080078	-184.969406
1736.067383	-129.829941
1735.053711	-204.643417
1734.040039	-152.355225
1733.025391	-53.197323
1732.011719	-107.451157
1730.997070	57.183228
1729.982422	214.464554
1728.967773	-90.136673
1727.952148	-215.907944
1726.937500	63.101978
1725.921875	-58.375179
1724.906250	-100.005287
1723.890625	178.160828
1722.875000	18.459131
1721.858398	110.249611
1720.841797	88.923943
1719.825195	323.671692
1718.808594	377.127777
1717.791992	317.556000
1716.774414	281.282440
1715.756836	524.387390
1714.739258	203.490189
1713.721680	152.587265
1712.704102	251.780518
1711.685547	510.350342
1710.667969	259.357910
1709.649414	369.625336
1708.630859	355.326111
1707.611328	-276.086060
1706.592773	480.967010
1705.573242	562.232117
1704.553711	694.871643
1703.534180	396.019135
1702.513672	652.477234
1701.494141	479.937103
1700.473633	653.966370
1699.453125	865.244019
1698.432617	1165.265015
1697.412109	992.100281
1696.390625	924.153442
1695.369141	970.756531
1694.347656	904.884888
1693.326172	457.576538
1692.304688	672.215027
1691.282227	400.201569
1690.260742	549.031189
1689.238281	433.493561
1688.214844	172.940826
1687.192383	393.745758
1686.168945	186.781357
1685.146484	241.411133
1684.123047	249.165909
1683.099609	86.355927
1682.075195	23.846388
1681.051758	3.292661
1680.027344	108.619408
1679.002930	260.463501
1677.978516	358.495911
1676.953125	185.829575
1675.928711	402.564148
1674.903320	369.644989
1673.877930	509.131348
1672.852539	758.006775
1671.826172	943.762817
1670.800781	845.199158
1669.774414	686.012451
1668.748047	1048.414673
1667.721680	1368.701904
1666.694336	1428.064819
1665.667969	1522.278198
1664.640625	1558.194458
1663.613281	1763.859863
1662.585938	1753.084473
1661.557617	1700.369019
1660.530273	2001.057129
1659.501953	1748.309692
1658.473633	1879.093018
1657.444336	1814.568115
1656.416016	1789.557495
1655.386719	1532.217773
1654.358398	1614.035400
1653.328125	1296.371704
1652.298828	1324.729370
1651.269531	1397.154175
1650.239258	1450.937744
1649.208984	1277.320435
1648.178711	1224.381470
1647.148438	1704.860352
1646.117188	1366.615601
1645.086914	1686.916870
1644.055664	1756.741089
1643.024414	1671.281372
1641.992188	2023.728271
1640.960938	2315.855225
1639.928711	2230.340576
1638.896484	2225.926270
1637.864258	2258.574463
1636.832031	2423.173096
1635.798828	2606.217529
1634.766602	2618.035400
1633.733398	2988.418945
1632.699219	3143.566650
1631.666016	3370.411621
1630.632813	3386.826172
1629.598633	3719.926758
1628.564453	3447.449219
1627.530273	3554.076172
1626.495117	3776.194092
1625.460938	3961.364014
1624.425781	4088.763672
1623.390625	4156.149902
1622.355469	4055.068848
1621.319336	4304.875977
1620.284180	4508.543457
1619.248047	4721.408203
1618.211914	5213.375000
1617.174805	4697.420410
1616.138672	5064.865723
1615.101563	4733.740234
1614.065430	4838.477539
1613.027344	5374.124023
1611.990234	5105.636230
1610.953125	5298.048828
1609.915039	4804.167969
1608.876953	5190.166992
1607.838867	5256.134766
1606.800781	5105.843262
1605.761719	4944.193359
1604.723633	4819.568848
1603.684570	5164.353516
1602.644531	5419.413574
1601.605469	5416.996094
1600.566406	4973.318359
1599.526367	5237.866211
1598.486328	5137.057617
1597.446289	5144.418945
1596.405273	5324.187012
1595.365234	5189.408691
1594.324219	5086.960938
1593.283203	4957.155273
1592.242188	5151.209473
1591.200195	5053.865234
1590.159180	4979.694336
1589.117188	4779.520996
1588.075195	4682.808105
1587.032227	4483.087402
1585.990234	4169.015137
1584.947266	4215.096191
1583.904297	4240.711426
1582.861328	4025.913818
1581.818359	3628.112061
1580.775391	3647.515869
1579.731445	4102.176758
1578.687500	3547.166016
1577.643555	3812.063721
1576.598633	3855.035400
1575.554688	3470.323730
1574.509766	3390.210938
1573.464844	3145.651367
1572.419922	3495.977295
1571.374023	3347.919678
1570.329102	3437.896729
1569.283203	3379.473633
1568.237305	3597.785400
1567.191406	3256.501953
1566.144531	3440.908203
1565.098633	3321.761719
1564.051758	2965.403076
1563.004883	3225.778564
1561.957031	3212.376953
1560.910156	3327.024170
1559.862305	3350.585938
1558.814453	3267.167725
1557.766602	3031.224365
1556.718750	3308.645020
1555.669922	2911.399414
1554.621094	2892.908691
1553.573242	3173.217041
1552.523438	3341.987305
1551.474609	3226.228271
1550.424805	3292.946777
1549.375000	2667.691162
1548.325195	2748.669922
1547.275391	2791.185791
1546.225586	2720.161865
1545.174805	2626.662842
1544.124023	2751.842773
1543.073242	2711.220703
1542.022461	2534.450684
1540.970703	2653.547119
1539.919922	2450.130371
1538.868164	2626.560059
1537.815430	2514.629150
1536.763672	2250.839600
1535.710938	2457.550293
1534.659180	2789.364990
1533.606445	2431.154053
1532.552734	2620.382324
1531.500000	2281.073486
1530.446289	2529.820068
1529.393555	2297.857666
1528.338867	2608.307861
1527.285156	2277.215332
1526.231445	2263.944824
1525.176758	2341.627686
1524.122070	2299.465576
1523.067383	2486.458984
1522.012695	2492.451172
1520.957031	2217.882568
1519.901367	2079.588379
1518.845703	2215.594971
1517.790039	2426.545166
1516.734375	1884.104492
1515.677734	1977.976563
1514.621094	2162.605957
1513.564453	1922.257202
1512.507813	1845.126221
1511.450195	1435.978638
1510.393555	1553.986572
1509.335938	1369.415161
1508.278320	986.388672
1507.219727	811.652344
1506.162109	745.717590
1505.103516	546.883118
1504.044922	501.967194
1502.986328	432.554199
1501.926758	275.458954
1500.868164	-136.222260
1499.808594	616.630371
1498.749023	275.591309
1497.688477	52.261627
1496.628906	59.311283
1495.568359	123.024414
1494.507813	144.210526
1493.447266	-34.831432
1492.386719	-461.290833
1491.325195	0.161567
1490.263672	470.757751
1489.202148	403.388367
1488.140625	367.881531
1487.079102	193.172668
1486.016602	79.606064
1484.954102	148.628860
1483.891602	366.391327
1482.829102	-47.518856
1481.765625	-36.016136
1480.702148	470.319946
1479.638672	46.354393
1478.575195	-35.604538
1477.511719	8.647917
1476.447266	324.882233
1475.382813	252.929337
1474.318359	632.318115
1473.253906	179.567703
1472.189453	409.308441
1471.124023	641.237915
1470.058594	757.017517
1468.993164	668.773560
1467.927734	254.153976
1466.861328	745.009705
1465.794922	597.610229
1464.728516	844.456787
1463.662109	1118.624878
1462.594727	1117.857178
1461.528320	1254.982910
1460.460938	961.980347
1459.393555	1120.904297
1458.326172	1217.490234
1457.257813	1715.564209
1456.189453	1397.658203
1455.121094	1250.634888
1454.052734	1689.827026
1452.984375	1272.370483
1451.915039	1193.602417
1450.845703	1299.930298
1449.776367	1630.040649
1448.707031	1441.779907
1447.636719	1251.892578
1446.567383	1312.957275
1445.497070	1703.301880
1444.425781	1483.687500
1443.355469	1698.736328
1442.285156	1918.335571
1441.213867	1774.049194
1440.142578	1582.354370
1439.070313	1750.590942
1437.999023	1950.758789
1436.926758	1916.549316
1435.854492	2058.039795
1434.782227	2226.883057
1433.709961	2056.427246
1432.636719	1968.873535
1431.563477	2284.330811
1430.490234	2071.959961
1429.416992	2195.812256
1428.343750	1901.522583
1427.269531	2181.791260
1426.195313	2430.913818
1425.121094	1816.382568
1424.046875	2318.981201
1422.971680	2230.111572
1421.896484	1809.921997
1420.821289	1773.336304
1419.746094	1681.063721
1418.669922	2059.856934
1417.594727	1847.506470
1416.518555	1728.773682
1415.442383	1094.671753
1414.365234	1514.987671
1413.289063	1260.927612
1412.211914	1391.555664
1411.134766	1264.530396
1410.057617	1304.795532
1408.979492	1009.412231
1407.902344	974.803284
1406.824219	1172.651978
1405.746094	1196.166626
1404.666992	1161.018799
1403.588867	1101.687866
1402.509766	1060.983887
1401.430664	1242.704102
1400.351563	1246.176636
1399.271484	1095.886353
1398.192383	1306.828125
1397.112305	1625.827881
1396.031250	1687.768677
1394.951172	1442.812134
1393.871094	1558.045166
1392.790039	1320.989136
1391.708984	1234.167603
1390.626953	1473.409058
1389.545898	1470.284912
1388.463867	1231.301758
1387.381836	1533.501953
1386.299805	1664.561157
1385.217773	1513.812988
1384.134766	1789.087036
1383.051758	1905.284058
1381.968750	1691.145874
1380.885742	1702.926392
1379.802734	1756.109375
1378.718750	1936.742188
1377.634766	1788.884644
1376.550781	1688.243652
1375.465820	1969.144043
1374.381836	1710.114746
1373.296875	1496.716431
1372.211914	1540.769775
1371.126953	1155.583008
1370.041016	1178.171387
1368.955078	1437.689209
1367.869141	1435.397827
1366.783203	1677.482178
1365.697266	1437.645142
1364.610352	1570.500366
1363.523438	1533.199219
1362.436523	1759.255005
1361.349609	1800.038208
1360.261719	1802.395630
1359.174805	1889.326294
1358.086914	1897.392822
1356.998047	1650.396240
1355.910156	1532.389160
1354.821289	1506.355347
1353.732422	1616.884277
1352.643555	1675.696167
1351.554688	1841.673462
1350.464844	1633.995850
1349.375000	1770.066772
1348.285156	1973.483521
1347.195313	1892.548340
1346.105469	2151.985107
1345.014648	1839.576050
1343.923828	2377.034424
1342.833008	2218.640869
1341.741211	1882.695435
1340.650391	1990.725952
1339.558594	1887.314941
1338.466797	1937.767090
1337.374023	2212.482178
1336.282227	1981.180908
1335.189453	1743.741333
1334.096680	1924.126099
1333.003906	1568.613770
1331.910156	1845.597168
1330.817383	1798.947754
1329.723633	1726.025635
1328.629883	1700.759277
1327.535156	1784.356201
1326.441406	1912.816406
1325.346680	1800.865601
1324.251953	1485.148926
1323.156250	2173.625977
1322.061523	1917.841187
1320.965820	1947.575439
1319.870117	1859.794189
1318.774414	2019.393188
1317.678711	1976.087158
1316.582031	1611.134521
1315.485352	1753.434204
1314.388672	1702.975708
1313.291016	1702.219482
1312.194336	2197.042480
1311.096680	1977.100220
1309.999023	1912.607300
1308.901367	1674.365967
1307.802734	1683.362061
1306.705078	1609.714722
1305.606445	1770.958252
1304.506836	1723.094604
1303.408203	1333.681885
1302.308594	1469.569336
1301.208984	1334.334839
1300.109375	1524.384155
1299.009766	1437.146851
1297.909180	1361.663452
1296.808594	1459.726563
1295.708008	1542.652466
1294.607422	1348.372437
1293.506836	1297.811768
1292.405273	1204.441284
1291.303711	1181.879517
1290.202148	858.262939
1289.099609	1207.919800
1287.998047	1003.876526
1286.895508	901.641296
1285.792969	1047.727295
1284.689453	782.888428
1283.586914	679.842773
1282.483398	933.272217
1281.379883	1001.551392
1280.276367	954.957520
1279.171875	1158.054932
1278.067383	929.898071
1276.962891	553.521973
1275.858398	972.850281
1274.753906	884.144714
1273.648438	688.274292
1272.542969	640.942017
1271.437500	698.477844
1270.331055	566.643494
1269.225586	558.177124
1268.119141	613.344421
1267.012695	516.451904
1265.906250	688.950745
1264.798828	515.206177
1263.691406	846.753357
1262.583984	571.025940
1261.476563	727.721313
1260.368164	575.872437
1259.260742	508.800232
1258.152344	426.584320
1257.043945	636.801208
1255.934570	643.483887
1254.825195	604.947266
1253.716797	537.832764
1252.606445	827.447388
1251.497070	910.455200
1250.387695	853.172302
1249.277344	681.350037
1248.166992	791.163269
1247.055664	1010.056519
1245.945313	814.129639
1244.833984	571.365417
1243.722656	637.878296
1242.611328	722.240906
1241.499023	688.411438
1240.387695	452.410156
1239.275391	475.645142
1238.162109	219.927155
1237.049805	447.648071
1235.936523	247.375717
1234.823242	-81.360634
1233.709961	228.132843
1232.596680	388.610596
1231.482422	137.233307
1230.369141	60.343193
1229.253906	-1.604215
1228.139648	-71.151215
1227.025391	69.339493
1225.910156	-26.684574
1224.794922	112.640709
1223.679688	-103.037521
1222.563477	-196.035614
1221.447266	-64.338753
1220.331055	-153.719650
1219.214844	20.216953
1218.098633	-23.641462
1216.981445	-122.820595
1215.864258	-108.652740
1214.747070	306.724243
1213.629883	13.215516
1212.511719	176.388794
1211.393555	84.142715
1210.275391	80.550438
1209.157227	45.134377
1208.038086	169.860382
1206.918945	-120.268929
1205.799805	-112.949829
1204.680664	-102.466499
1203.560547	29.652460
1202.441406	-38.397999
1201.321289	-110.262131
1200.200195	-281.087616
1199.080078	40.989197
1197.958984	-6.143357
1196.837891	-50.903397
1195.716797	-387.104218
1194.594727	-100.077881
1193.473633	-166.229095
1192.351563	-86.797440
1191.229492	288.852325
1190.106445	178.508896
1188.984375	91.469681
1187.861328	-94.849464
1186.738281	-73.801025
1185.614258	170.594681
1184.491211	3.270852
1183.367188	206.484299
1182.243164	41.449474
1181.119141	80.327942
1179.994141	95.895790
1178.869141	107.682335
1177.744141	-12.906650
1176.619141	152.118607
1175.493164	231.709595
1174.368164	94.428749
1173.242188	134.259445
1172.115234	228.052505
1170.989258	146.822357
1169.862305	260.286072
1168.735352	96.386292
1167.608398	45.614952
1166.481445	-21.680584
1165.353516	41.751011
1164.225586	-44.590374
1163.097656	97.566521
1161.968750	130.992249
1160.840820	134.348129
1159.711914	45.341396
1158.583008	28.185532
1157.453125	-47.542694
1156.324219	-162.774643
1155.194336	-151.848907
1154.064453	-213.844437
1152.933594	-182.430939
1151.803711	-111.579735
1150.672852	-91.675285
1149.541992	-54.872093
1148.411133	18.656036
1147.279297	-196.354919
1146.147461	-146.891098
1145.015625	162.940186
1143.883789	-6.831692
1142.750977	-72.180161
1141.619141	83.179779
1140.486328	47.054958
1139.352539	164.913910
1138.219727	72.878395
1137.085938	-66.819687
1135.952148	303.502777
1134.818359	93.738647
1133.683594	406.640137
1132.549805	432.074493
1131.415039	665.008789
1130.279297	671.118713
1129.144531	804.567261
1128.008789	639.488708
1126.873047	775.157166
1125.737305	622.567139
1124.601563	610.262024
1123.464844	648.014587
1122.328125	671.070190
1121.191406	436.411621
1120.054688	480.826508
1118.916992	299.171143
1117.779297	442.871185
1116.641602	441.602814
1115.503906	474.724030
1114.365234	450.307495
1113.226563	423.043060
1112.087891	173.202728
1110.949219	272.341736
1109.809570	239.803894
1108.669922	372.959198
1107.530273	471.347321
1106.390625	484.164185
1105.250000	641.680908
1104.109375	559.914490
1102.968750	701.017944
1101.828125	739.868835
1100.686523	772.388367
1099.544922	744.611511
1098.403320	622.707031
1097.261719	753.802551
1096.120117	866.072571
1094.977539	1038.744385
1093.834961	906.691711
1092.691406	693.676575
1091.548828	740.926758
1090.405273	1000.260864
1089.261719	917.111450
1088.118164	846.977356
1086.973633	811.850891
1085.829102	608.374023
1084.684570	764.709595
1083.540039	738.993286
1082.395508	598.143921
1081.250000	894.530090
1080.104492	795.788574
1078.958984	921.209290
1077.812500	660.330627
1076.666016	871.965332
1075.519531	861.588867
1074.373047	649.600647
1073.226563	1006.144104
1072.079102	854.231812
1070.931641	830.393799
1069.784180	839.799011
1068.635742	802.039795
1067.487305	957.818420
1066.338867	859.784302
1065.190430	893.202087
1064.041992	969.982727
1062.892578	1113.616821
1061.743164	666.806885
1060.593750	732.954468
1059.443359	725.764465
1058.292969	635.549255
1057.142578	907.208374
1055.992188	460.139221
1054.841797	758.936523
1053.690430	609.449341
1052.539063	728.545349
1051.387695	703.594604
1050.235352	475.209625
1049.083984	810.879211
1047.931641	778.936768
1046.778320	659.457275
1045.625977	514.334290
1044.472656	673.205322
1043.319336	710.145752
1042.166016	503.172180
1041.012695	739.851990
1039.858398	650.502197
1038.704102	693.147461
1037.549805	755.628723
1036.394531	607.709961
1035.239258	582.179871
1034.083984	585.937866
1032.928711	334.688110
1031.773438	311.433533
1030.617188	431.564758
1029.460938	345.165741
1028.304688	437.622253
1027.147461	502.078583
1025.991211	293.987305
1024.833984	368.831360
1023.675781	560.463135
1022.518555	339.083527
1021.360352	125.575516
1020.202148	476.503998
1019.043945	409.317169
1017.884766	66.151108
1016.726563	217.494446
1015.567383	425.836914
1014.407227	124.359039
1013.248047	7.182590
1012.087891	286.939545
1010.927734	279.181549
1009.767578	173.089264
1008.606445	275.624359
1007.446289	-127.520493
1006.285156	221.856415
1005.123047	82.388687
1003.961914	167.523117
1002.799805	176.095917
1001.637695	189.864151
1000.475586	219.543564
999.312500	132.769302
998.149414	39.183315
996.986328	65.770866
995.823242	227.681259
994.659180	215.717407
993.496094	319.453766
992.332031	-48.633636
991.166992	-340.327332
990.002930	-1.529137
988.837891	150.928040
987.672852	139.469650
986.506836	221.163940
985.341797	-50.810654
984.175781	71.921661
983.009766	-40.268223
981.843750	-124.440086
980.676758	-38.607983
979.509766	83.140076
978.342773	-96.683456
977.175781	155.976852
976.007813	75.962227
974.839844	183.977737
973.671875	334.402954
972.503906	-150.573898
971.334961	-133.146896
970.166016	134.074615
968.997070	-292.219269
967.828125	175.136185
966.658203	67.583450
965.488281	417.825775
964.318359	210.744614
963.148438	182.545639
961.977539	-17.590508
960.806641	-72.730080
959.635742	326.420441
958.463867	251.354095
957.292969	305.965332
956.121094	186.362625
954.948242	62.355061
953.776367	200.678940
952.603516	-39.864014
951.430664	58.222515
950.257813	-60.084454
949.084961	193.524109
947.911133	247.761627
946.737305	16.997501
945.563477	151.355179
944.388672	-12.616065
943.213867	155.043015
942.039063	205.022232
940.864258	297.075836
939.688477	246.145554
938.513672	319.202393
937.337891	1.525909
936.161133	233.928833
934.985352	625.442810
933.808594	473.970245
932.631836	547.159912
931.454102	266.892822
930.277344	339.833374
929.099609	323.950317
927.921875	284.640411
926.743164	282.749359
925.565430	348.625305
924.386719	349.023865
923.208008	487.316437
922.028320	424.547760
920.849609	256.624725
919.669922	265.730408
919.474609	183.712509
918.309570	32.108608
917.143555	95.416763
915.977539	-81.813896
914.810547	189.232697
913.644531	-184.028702
912.477539	-99.780487
911.310547	42.743298
910.143555	-230.002335
908.975586	-201.804947
907.807617	-185.293167
906.639648	-304.008087
905.471680	-285.184204
904.303711	101.787773
903.134766	-194.012741
901.965820	55.332558
900.796875	-233.385498
899.626953	11.183953
898.457031	-230.874802
897.287109	-142.372513
896.117188	-28.326973
894.947266	13.536965
893.776367	194.927429
892.605469	85.545891
891.434570	45.940926
890.262695	-49.448986
889.091797	-44.892349
887.919922	185.032990
886.748047	-35.828903
885.575195	135.903717
884.403320	-145.273895
883.230469	-22.385107
882.057617	-175.786987
880.883789	60.737995
879.710938	-60.178085
878.537109	-55.795124
877.362305	39.023090
876.188477	47.977081
875.013672	73.136856
873.839844	-87.170052
872.664063	32.976856
871.489258	44.150230
870.313477	368.015564
869.138672	-211.503754
867.962891	140.015427
866.786133	67.722908
865.610352	-180.479340
864.433594	-204.137039
863.256836	19.738575
862.079102	164.850815
860.902344	-85.589584
859.724609	-113.987984
858.546875	-116.976639
857.368164	-406.580902
856.190430	-0.574258
855.011719	56.389637
853.833008	-46.081165
852.654297	-74.645538
851.474609	-149.407181
850.294922	-104.136864
849.115234	84.164696
847.935547	-64.530540
846.754883	-58.633091
845.575195	-290.351471
844.393555	49.884903
843.212891	2.607483
842.032227	-270.588440
840.850586	143.054398
839.668945	-146.265839
838.486328	-2.424788
837.304688	-181.134430
836.122070	31.643702
834.939453	32.484875
833.756836	-15.058968
832.573242	54.739799
831.389648	175.075684
830.206055	106.688126
829.022461	38.277466
827.838867	-23.258678
826.654297	-66.427292
825.469727	-65.961403
824.284180	40.161190
823.099609	311.596649
821.914063	160.222198
820.728516	-80.710648
819.542969	116.941795
818.356445	-117.107117
817.169922	252.488007
815.983398	-192.717026
814.796875	-4.617622
813.609375	4.438829
812.422852	-25.558607
811.235352	228.692154
810.046875	19.744795
808.859375	-51.680840
807.670898	-13.157984
806.482422	215.420944
805.293945	-11.944921
804.104492	227.853622
802.915039	323.250488
801.725586	40.862003
800.536133	12.535000
799.345703	286.167480
798.155273	179.883087
796.964844	119.309868
795.774414	88.409889
794.583008	142.034058
793.392578	197.841309
792.200195	187.284256
791.008789	311.445740
789.816406	-105.878105
788.625000	333.282684
787.432617	137.440781
786.239258	-154.277878
785.046875	302.632294
783.853516	305.189423
782.660156	-84.735863
781.465820	129.853119
780.272461	143.585617
779.078125	332.783905
777.883789	116.068878
776.688477	-0.367654
775.494141	-59.886074
774.298828	206.292343
773.103516	19.033018
771.907227	107.289177
770.711914	136.218658
769.515625	-48.912060
768.318359	-234.058945
767.122070	126.823059
765.924805	-176.761734
764.727539	58.681633
763.530273	55.181839
762.333008	-100.726524
761.134766	331.999023
759.936523	80.461212
758.738281	44.759113
757.540039	74.841438
756.340820	-104.114845
755.141602	159.641830
753.942383	225.696930
752.742188	234.885422
751.541992	-212.115036
750.341797	26.079899
749.141602	-10.371972
747.941406	368.064117
746.740234	-49.534958
745.539063	-34.129757
744.337891	105.804794
743.135742	39.392223
741.933594	-8.976123
740.731445	141.869415
739.529297	177.063370
738.326172	-93.485855
737.124023	-51.683678
735.919922	28.460957
734.716797	327.921509
733.513672	75.227478
732.309570	127.829918
731.105469	295.615295
729.900391	214.557999
728.696289	-74.499947
727.491211	158.419510
726.286133	266.881042
725.080078	262.253265
723.874023	381.716309
722.668945	408.454559
721.461914	392.182831
720.255859	635.335022
719.048828	501.476013
717.841797	505.167358
716.634766	1009.434692
715.427734	794.075073
714.219727	907.839539
713.011719	728.434509
711.803711	305.622131
710.594727	369.524170
709.385742	325.167847
708.176758	384.317261
706.967773	105.599823
705.758789	151.049225
704.548828	97.343658
703.338867	43.553864
702.127930	45.920433
700.917969	-68.774414
699.707031	-64.346970
698.496094	-44.286587
697.285156	443.202362
696.073242	355.067261
694.861328	233.164780
693.649414	162.878555
692.436523	150.911652
691.224609	-85.690422
690.011719	185.065536
688.798828	139.136414
687.584961	234.500488
686.372070	114.350494
685.158203	18.823706
683.943359	107.135796
682.729492	298.456604
681.514648	480.633972
680.299805	301.813049
679.084961	378.418854
677.869141	728.208679
676.653320	567.095520
675.437500	461.944031
674.221680	206.753510
673.004883	135.124893
671.789063	361.086945
670.571289	262.439606
669.354492	204.022552
668.136719	132.127869
666.919922	66.898270
665.701172	397.301025
664.483398	121.793892
663.264648	286.539734
662.045898	343.907776
660.827148	-61.182278
659.608398	268.542786
658.388672	151.519501
657.168945	157.254257
655.949219	122.752754
654.728516	70.349976
653.507813	75.909927
652.287109	369.125946
651.066406	329.912079
649.844727	165.810303
648.623047	273.657593
647.401367	388.092712
646.179688	212.795471
644.957031	70.936752
643.734375	296.554962
642.511719	281.568268
641.289063	335.557007
640.065430	-95.702461
638.841797	105.127327
637.618164	199.058426
636.393555	-60.736298
635.168945	155.432343
633.944336	111.361656
632.719727	-139.434250
631.494141	209.881607
630.269531	76.892570
629.042969	385.991455
627.817383	46.442768
626.590820	42.310684
625.365234	42.618179
624.137695	67.324471
622.911133	49.862240
621.683594	-91.839073
620.456055	61.529297
619.228516	-199.856155
618.000977	-443.385315
616.772461	-108.252213
615.543945	-185.462463
614.314453	-218.315460
613.085938	27.995060
611.856445	61.596123
610.626953	-59.793289
609.397461	-57.129356
608.166992	-162.896820
606.936523	-445.620880
605.706055	-186.136581
604.474609	-362.489075
603.244141	-516.604858
602.012695	-67.000885
600.780273	-258.611633
599.548828	-87.627487
598.316406	-228.227219
597.083984	-81.518257
595.851563	-23.159830
594.618164	-46.474022
593.384766	-102.826210
592.151367	-154.674438
590.917969	173.142380
589.683594	-2.154638
588.449219	-102.300240
587.214844	-125.135307
585.979492	77.020447
584.745117	-22.829407
583.509766	-98.307587
582.273438	-134.004791
581.038086	-55.027290
579.801758	70.264328
578.565430	122.931549
577.329102	127.244728
576.091797	-55.439548
574.854492	182.394974
573.617188	259.624084
572.378906	257.739288
571.141602	264.773438
569.903320	278.517578
568.664063	226.425735
567.425781	117.340622
566.186523	-44.311485
564.947266	132.564789
563.708008	30.546110
562.467773	-211.838287
561.227539	200.287781
559.987305	436.774292
558.747070	245.355988
557.505859	32.222496
556.264648	40.886089
555.023438	-38.029999
553.781250	212.144562
552.539063	89.685196
551.296875	456.203247
550.054688	149.987701
548.811523	98.201347
547.569336	397.063263
546.325195	310.532959
545.082031	368.710907
543.837891	151.219986
542.593750	98.130943
541.349609	43.046734
540.105469	152.226471
538.860352	160.925217
537.615234	167.609268
536.369141	244.424423
535.124023	341.054962
533.877930	79.445618
532.631836	353.393829
531.384766	-132.725998
530.138672	333.684967
528.891602	437.644379
527.643555	279.795593
526.396484	34.898258
525.148438	47.761635
523.900391	401.109070
522.652344	224.504883
521.403320	-12.895075
520.154297	-66.885818
518.905273	88.571144
517.656250	268.111786
516.406250	29.456520
515.156250	294.244659
513.906250	326.082520
512.655273	373.325134
511.404297	294.470398
510.153320	133.126022
508.902344	461.589020
507.650391	328.903809
506.398438	409.586578
505.146484	827.443542
503.893555	667.007263
502.641602	661.117126
501.388672	594.547546
500.134766	569.446106
498.881836	542.332581
497.627930	387.256836
496.374023	640.576172
495.119141	637.789368
493.865234	648.158508
492.610352	862.620178
491.355469	1140.030396
490.099609	1085.615967
488.843750	1029.177490
487.587891	1137.639160
486.332031	1131.288574
485.075195	1250.732666
483.818359	1233.733398
482.561523	1351.126465
481.304688	1275.817139
480.046875	1049.066040
478.789063	1597.424805
477.531250	1407.626221
476.272461	1272.064819
475.013672	1365.910400
473.754883	1297.547241
472.496094	1395.742065
471.236328	1573.911621
469.976563	1514.263428
468.716797	1608.067261
467.456055	1829.297485
466.196289	1661.609741
464.935547	1712.085327
463.673828	1652.392700
462.413086	1799.891724
461.151367	1806.994507
459.889648	1445.061890
458.626953	1754.087036
457.364258	1955.041626
456.101563	2108.359863
454.838867	1944.584473
453.575195	1892.819946
452.312500	2065.020264
451.047852	2200.362793
449.784180	2238.526855
448.519531	2233.410156
447.254883	2404.620850
445.990234	2175.153809
444.725586	2412.529297
443.459961	2281.614502
442.194336	2511.855957
440.927734	2163.166260
439.662109	2089.523438
438.395508	2131.654785
437.127930	2121.822754
435.861328	2019.206909
434.593750	2133.210693
433.326172	2068.462646
432.058594	1788.550049
430.790039	2012.814575
429.521484	1929.538330
428.252930	1987.410400
426.984375	2121.951660
425.714844	2266.585938
424.445313	2058.842041
423.174805	2103.573730
421.905273	2074.747559
420.634766	2356.021973
419.364258	2332.192871
418.092773	2365.478271
416.822266	2485.800293
415.550781	2331.174805
414.278320	2252.854980
413.006836	2300.000977
411.734375	2204.992432
410.461914	2258.865479
409.188477	2292.496582
407.916016	2335.821533
406.642578	2331.052002
405.368164	2325.210449
404.094727	2371.710693
402.820313	2384.990967
401.545898	2162.099365
400.270508	2055.545654
398.996094	2184.817383
397.720703	2442.948486
396.444336	2518.188232
395.168945	2525.881592
393.892578	2190.774414
392.616211	2208.425293
391.339844	2301.327881
390.062500	2268.949707
388.785156	2281.877686
387.507813	2092.817383
386.229492	2387.913574
384.951172	2472.365479
383.672852	1990.593018
382.394531	1990.530884
381.115234	2446.236328
379.835938	2188.906250
378.556641	2257.376953
377.277344	2232.270752
375.997070	2296.478516
374.716797	2184.102051
373.435547	2360.764893
372.155273	2141.861816
370.874023	1833.519653
369.591797	1947.780884
368.310547	1927.856323
367.028320	1952.069458
365.746094	2192.358643
364.463867	1888.546997
363.180664	1836.754150
361.897461	1896.752930
360.614258	1801.099487
359.330078	1853.063843
358.045898	1630.554321
356.761719	1706.092529
355.477539	1632.177124
354.192383	1739.339355
352.907227	1643.976563
351.622070	1987.960693
350.336914	1911.118042
349.050781	1458.026855
347.764648	1399.453003
346.477539	1487.351318
345.191406	1438.188477
343.904297	1124.859497
342.616211	1401.894409
341.329102	960.127075
340.041016	1209.811157
338.752930	1047.209473
337.463867	1061.949341
336.175781	1046.999390
334.886719	997.834351
333.596680	1049.522217
332.307617	760.877869
331.017578	912.786438
329.727539	692.484680
328.436523	1038.889160
327.146484	690.345886
325.855469	598.077393
324.563477	538.294250
323.272461	475.320313
321.980469	404.533112
320.688477	87.866982
319.395508	536.409973
318.103516	172.312134
316.810547	-284.177429
315.516602	175.312805
314.223633	-61.896629
312.929688	-55.175030
311.635742	-170.709534
310.340820	26.672310
309.045898	-123.515350
307.750977	165.174698
306.456055	-49.407711
305.160156	-243.981247
303.865234	-126.200165
302.568359	-123.522865
301.272461	39.793907
299.975586	75.366982
298.678711	438.921783
