1999.946289	82.786285
1998.981445	2.884825
1998.017578	26.319393
1997.052734	-19.643549
1996.088867	-28.425638
1995.124023	12.338210
1994.159180	40.701359
1993.193359	22.003590
1992.228516	10.739276
1991.262695	11.854544
1990.296875	35.242100
1989.331055	-89.846069
1988.365234	15.190642
1987.398438	-18.329967
1986.432617	-59.257286
1985.465820	-58.137394
1984.499023	66.588913
1983.532227	-36.127190
1982.565430	14.409632
1981.597656	-26.491634
1980.629883	117.894218
1979.662109	20.179991
1978.694336	-18.232948
1977.726563	133.475235
1976.758789	11.125325
1975.790039	36.900333
1974.821289	144.094299
1973.852539	-153.356491
1972.883789	15.497390
1971.915039	9.188427
1970.945313	84.249451
1969.975586	114.906624
1969.005859	5.057404
1968.036133	-48.071674
1967.066406	-29.729650
1966.096680	-80.371140
1965.125977	63.579414
1964.155273	5.548851
1963.184570	-69.695274
1962.213867	84.016434
1961.242188	149.067627
1960.271484	29.542501
1959.299805	52.753761
1958.328125	43.977859
1957.356445	-58.250568
1956.384766	11.678306
1955.412109	-43.799160
1954.439453	1.518291
1953.467773	71.392456
1952.495117	-33.210159
1951.521484	-2.664596
1950.548828	-31.078564
1949.575195	65.755157
1948.601563	0.507058
1947.627930	50.655113
1946.654297	83.602104
1945.680664	8.566733
1944.706055	34.145000
1943.732422	0.842492
1942.757813	-69.237114
1941.783203	49.511726
1940.807617	114.279251
1939.833008	107.939697
1938.857422	153.062546
1937.881836	78.107857
1936.906250	32.575058
1935.930664	85.028061
1934.955078	10.120122
1933.978516	45.413525
1933.001953	19.493313
1932.025391	-21.104935
1931.048828	-17.644466
1930.072266	71.440079
1929.094727	-18.075653
1928.118164	80.752449
1927.140625	45.055809
1926.163086	41.150936
1925.184570	42.131817
1924.207031	23.559767
1923.228516	12.320101
1922.250000	150.097488
1921.271484	63.116478
1920.292969	-43.371552
1919.314453	-113.200653
1918.334961	-17.016123
1917.355469	-25.816866
1916.375977	-115.143974
1915.396484	68.804726
1914.416992	-44.906399
1913.436523	12.134480
1912.457031	-8.875517
1911.476563	-51.824108
1910.496094	14.923612
1909.515625	96.263069
1908.534180	41.122665
1907.552734	27.411234
1906.572266	79.461952
1905.590820	146.098480
1904.608398	103.143463
1903.626953	121.056328
1902.644531	-53.311966
1901.663086	25.446249
1900.680664	19.018843
1899.698242	-28.762459
1898.714844	62.089287
1897.732422	4.580901
1896.749023	27.312326
1895.765625	47.598705
1894.782227	92.173843
1893.798828	-26.063417
1892.814453	-47.092957
1891.831055	21.744457
1890.846680	107.547722
1889.862305	-25.195633
1888.877930	-65.653648
1887.892578	49.222088
1886.908203	110.666054
1885.922852	11.959703
1884.937500	107.332314
1883.952148	105.656357
1882.965820	77.301987
1881.980469	-40.744781
1880.994141	-20.599031
1880.007813	14.072046
1879.021484	9.956851
1878.035156	141.491837
1877.047852	33.194565
1876.061523	152.554062
1875.074219	112.070419
1874.086914	42.547173
1873.098633	-131.025467
1872.111328	-35.952354
1871.123047	112.299232
1870.135742	1.677866
1869.147461	4.750932
1868.158203	-62.304420
1867.169922	-105.167503
1866.180664	108.176285
1865.192383	91.862602
1864.203125	-6.600323
1863.213867	-22.903481
1862.223633	47.735744
1861.234375	9.678663
1860.244141	24.740570
1859.253906	92.891640
1858.263672	-51.366730
1857.273438	180.832581
1856.282227	-28.542795
1855.291992	-6.296000
1854.300781	1.463363
1853.309570	-82.410690
1852.317383	36.229622
1851.326172	111.433762
1850.333984	181.780045
1849.342773	88.261337
1848.350586	42.943241
1847.357422	0.040019
1846.365234	51.053375
1845.372070	111.666527
1844.379883	152.992065
1843.386719	33.052029
1842.393555	47.889515
1841.399414	69.926620
1840.406250	-28.312866
1839.412109	68.257980
1838.417969	-111.711266
1837.423828	153.087448
1836.429688	78.898689
1835.434570	19.144033
1834.440430	-14.169709
1833.445313	84.628761
1832.450195	15.269629
1831.454102	58.777462
1830.458984	80.653770
1829.462891	11.301725
1828.466797	-41.236435
1827.470703	95.780457
1826.474609	21.635082
1825.478516	96.208252
1824.481445	36.455627
1823.484375	65.422432
1822.487305	-30.279560
1821.490234	-39.678207
1820.493164	73.119026
1819.495117	37.328007
1818.498047	92.560364
1817.500000	49.572536
1816.500977	6.588593
1815.502930	-53.146473
1814.504883	-19.525703
1813.505859	2.104693
1812.506836	148.127960
1811.507813	143.382935
1810.508789	81.229462
1809.508789	93.212891
1808.508789	148.213593
1807.508789	167.328217
1806.508789	57.373158
1805.508789	7.182858
1804.508789	31.056137
1803.507813	274.647186
1802.506836	157.543442
1801.505859	143.137497
1800.504883	78.596321
1799.502930	123.852867
1798.501953	99.882004
1797.500000	-24.295090
1796.498047	-0.547416
1795.496094	111.418961
1794.493164	118.415855
1793.491211	184.999298
1792.488281	-10.641647
1791.485352	98.810577
1790.482422	148.644073
1789.478516	-54.062317
1788.475586	157.713867
1787.471680	-18.747120
1786.467773	111.969048
1785.463867	106.944878
1784.459961	16.234587
1783.455078	144.453598
1782.450195	82.293121
1781.445313	15.386950
1780.440430	41.240471
1779.435547	17.141291
1778.429688	33.450397
1777.424805	-40.572708
1776.418945	44.629375
1775.413086	189.183487
1774.406250	41.496960
1773.400391	-20.645712
1772.393555	85.809868
1771.386719	85.381683
1770.379883	99.183540
1769.373047	82.117805
1768.365234	19.963820
1767.358398	126.252312
1766.350586	66.461868
1765.342773	92.050987
1764.334961	37.008465
1763.326172	-6.174473
1762.318359	12.268837
1761.309570	11.735836
1760.300781	23.036152
1759.291016	129.063797
1758.282227	2.961511
1757.272461	-42.604309
1756.262695	-33.717049
1755.252930	22.491976
1754.243164	109.431015
1753.233398	-47.363266
1752.222656	22.972813
1751.211914	-39.169476
1750.201172	-1.987844
1749.190430	13.891784
1748.179688	6.117404
1747.167969	137.762619
1746.156250	-7.096679
1745.144531	46.522476
1744.132813	111.919449
1743.121094	92.269600
1742.108398	-28.906754
1741.095703	-79.232376
1740.083008	172.538391
1739.070313	-52.439133
1738.057617	76.532883
1737.043945	26.180788
1736.030273	-2.938466
1735.016602	151.851944
1734.002930	73.194664
1732.989258	98.261147
1731.974609	-55.785286
1730.959961	-23.659111
1729.945313	-83.421295
1728.930664	-18.350571
1727.916016	-21.599703
1726.900391	41.058071
1725.885742	56.608891
1724.870117	-45.523586
1723.853516	111.185112
1722.837891	-5.052270
1721.822266	-34.233097
1720.805664	-6.977815
1719.789063	1.448421
1718.772461	-37.149620
1717.754883	15.911305
1716.738281	36.049129
1715.720703	-14.309691
1714.703125	71.572174
1713.685547	35.297359
1712.667969	-113.671654
1711.649414	-32.544235
1710.630859	39.155262
1709.612305	80.313156
1708.593750	-70.933739
1707.575195	-67.318245
1706.555664	-98.892532
1705.536133	19.600813
1704.516602	-89.357147
1703.497070	15.009562
1702.477539	84.177109
1701.457031	-29.443336
1700.437500	-70.407715
1699.416992	31.499275
1698.395508	67.791397
1697.375000	75.970848
1696.354492	-98.435982
1695.333008	-52.801144
1694.311523	-105.463326
1693.290039	82.841743
1692.267578	32.495888
1691.246094	106.102943
1690.223633	-51.790329
1689.201172	-118.465454
1688.178711	135.063522
1687.155273	44.995781
1686.132813	50.743816
1685.109375	54.144375
1684.085938	-5.515675
1683.062500	-83.837784
1682.039063	-36.077702
1681.014648	84.008179
1679.990234	71.031944
1678.965820	-0.271925
1677.941406	56.739761
1676.916992	95.067116
1675.891602	56.424435
1674.866211	87.729973
1673.840820	-16.169960
1672.815430	17.457180
1671.790039	90.675476
1670.763672	100.961899
1669.737305	78.633171
1668.710938	28.366173
1667.684570	108.488655
1666.658203	65.208755
1665.630859	28.920918
1664.603516	-30.625509
1663.576172	-15.709697
1662.548828	1.521998
1661.520508	51.296528
1660.493164	10.376668
1659.464844	85.692764
1658.436523	-24.949661
1657.408203	-70.490906
1656.378906	-116.020927
1655.350586	70.740181
1654.321289	-49.118095
1653.291992	23.779619
1652.261719	24.680773
1651.232422	41.828156
1650.202148	156.424545
1649.171875	-2.790420
1648.141602	12.023223
1647.111328	47.701550
1646.080078	20.757141
1645.049805	112.054390
1644.018555	68.880043
1642.987305	248.185669
1641.955078	-45.228577
1640.923828	71.483162
1639.891602	127.930397
1638.859375	61.630585
1637.827148	173.618042
1636.794922	77.243019
1635.761719	152.153336
1634.729492	51.191425
1633.696289	86.750977
1632.662109	39.030865
1631.628906	116.202110
1630.594727	135.541718
1629.561523	291.255859
1628.527344	60.960434
1627.493164	230.490753
1626.458008	101.942451
1625.423828	243.683777
1624.388672	129.040115
1623.353516	206.073822
1622.318359	105.334869
1621.282227	150.032150
1620.247070	208.561249
1619.210938	91.733406
1618.174805	147.945465
1617.137695	146.482025
1616.101563	89.687386
1615.064453	99.766357
1614.027344	135.196335
1612.990234	216.701096
1611.953125	185.287613
1610.916016	188.439896
1609.877930	228.439178
1608.839844	273.030914
1607.801758	174.879730
1606.763672	272.408691
1605.724609	243.335495
1604.685547	425.945160
1603.646484	291.047852
1602.607422	310.296051
1601.568359	283.553223
1600.528320	270.615692
1599.489258	266.884308
1598.449219	368.866730
1597.408203	309.979187
1596.368164	262.607727
1595.327148	341.576019
1594.287109	266.671997
1593.246094	212.462524
1592.204102	252.386215
1591.163086	214.275421
1590.121094	240.427460
1589.079102	154.168747
1588.037109	97.765999
1586.995117	211.082169
1585.953125	173.043640
1584.910156	41.043587
1583.867188	133.694504
1582.824219	141.537048
1581.781250	117.311104
1580.737305	148.069534
1579.693359	110.123520
1578.649414	154.622131
1577.605469	100.680733
1576.561523	142.890274
1575.516602	-13.982949
1574.472656	106.030838
1573.427734	205.417694
1572.381836	92.095268
1571.336914	6.264735
1570.291016	69.059174
1569.246094	227.831100
1568.200195	171.752701
1567.153320	42.595608
1566.107422	112.221069
1565.060547	28.818405
1564.013672	91.585388
1562.966797	3.672055
1561.919922	91.543854
1560.872070	-19.137285
1559.825195	59.598148
1558.777344	195.334625
1557.729492	125.778137
1556.680664	133.780106
1555.632813	27.808027
1554.583984	56.360001
1553.535156	27.941799
1552.486328	63.337727
1551.436523	41.782055
1550.387695	175.112274
1549.337891	71.594193
1548.288086	102.442497
1547.238281	39.970791
1546.187500	143.653625
1545.136719	181.326782
1544.086914	200.801514
1543.035156	65.624420
1541.984375	287.506470
1540.933594	131.931061
1539.881836	101.438713
1538.830078	177.777725
1537.778320	-4.914113
1536.725586	162.302231
1535.673828	134.148682
1534.621094	219.551987
1533.568359	93.800896
1532.515625	95.221207
1531.461914	37.649460
1530.409180	52.720028
1529.355469	256.078064
1528.301758	101.023994
1527.247070	-13.141264
1526.193359	65.458740
1525.138672	23.906305
1524.083984	113.824989
1523.029297	-84.031197
1521.974609	-134.548386
1520.918945	-24.227289
1519.863281	67.948654
1518.807617	-18.751400
1517.751953	107.369415
1516.696289	-65.271812
1515.639648	-4.780719
1514.583008	-98.127129
1513.526367	14.396574
1512.469727	-20.093311
1511.412109	130.833771
1510.355469	-61.862686
1509.297852	-28.473993
1508.240234	-53.830429
1507.181641	-24.945227
1506.124023	-34.450325
1505.065430	105.100868
1504.006836	9.810639
1502.948242	-4.164196
1501.888672	108.262810
1500.830078	55.947845
1499.770508	127.743896
1498.710938	93.521240
1497.650391	115.702309
1496.590820	34.182217
1495.530273	60.907841
1494.469727	-61.103165
1493.409180	28.754740
1492.348633	-88.661919
1491.287109	7.955130
1490.225586	-86.858948
1489.164063	-24.017647
1488.102539	-44.471100
1487.041016	56.630859
1485.978516	-98.802338
1484.916016	-155.166763
1483.853516	26.914116
1482.791016	-126.118240
1481.727539	-130.680496
1480.664063	114.265274
1479.600586	42.269913
1478.537109	6.256334
1477.473633	-74.608406
1476.409180	-207.094910
1475.344727	-0.492976
1474.280273	55.615913
1473.215820	-20.638792
1472.151367	-60.950886
1471.085938	24.421324
1470.020508	-33.824749
1468.955078	24.539949
1467.888672	-13.433268
1466.823242	49.358711
1465.756836	33.939369
1464.690430	45.205254
1463.624023	-34.980320
1462.556641	32.566868
1461.490234	81.563019
1460.422852	73.035210
1459.355469	-76.635246
1458.287109	62.410236
1457.219727	138.239777
1456.151367	47.206257
1455.083008	70.299820
1454.014648	148.098602
1452.945313	104.127808
1451.876953	23.564232
1450.807617	204.881073
1449.738281	74.362785
1448.668945	61.322384
1447.598633	-29.005871
1446.528320	155.406555
1445.458008	173.868271
1444.387695	191.700592
1443.317383	38.968983
1442.246094	137.308655
1441.174805	23.098156
1440.103516	18.217373
1439.032227	-69.582207
1437.960938	30.778538
1436.888672	192.920761
1435.816406	135.124252
1434.744141	55.666859
1433.670898	-83.999146
1432.598633	-39.896893
1431.525391	-2.206810
1430.452148	-21.727818
1429.378906	-13.451605
1428.304688	-8.611371
1427.231445	-9.461870
1426.157227	-92.910408
1425.083008	2.251324
1424.007813	64.838051
1422.933594	39.429329
1421.858398	-61.707680
1420.783203	-23.845217
1419.708008	99.457146
1418.631836	26.334044
1417.555664	34.380363
1416.479492	55.154697
1415.403320	8.951952
1414.327148	24.153963
1413.250000	-46.819878
1412.173828	1.093974
1411.096680	-52.275429
1410.018555	-9.759099
1408.941406	60.300629
1407.863281	22.478037
1406.785156	25.377083
1405.707031	21.350288
1404.628906	-26.454903
1403.549805	64.582237
1402.470703	28.557774
1401.391602	-0.653311
1400.312500	11.791731
1399.233398	148.198547
1398.153320	106.370064
1397.073242	95.215744
1395.993164	109.014854
1394.913086	-14.421112
1393.832031	-31.952717
1392.750977	87.438293
1391.669922	102.432556
1390.588867	1.915769
1389.506836	144.776962
1388.425781	56.756081
1387.343750	-13.966935
1386.261719	-76.617111
1385.178711	-52.111027
1384.096680	6.173438
1383.013672	133.171249
1381.930664	48.691006
1380.846680	133.193634
1379.763672	80.030586
1378.679688	296.524689
1377.595703	177.506378
1376.511719	146.553299
1375.427734	281.036469
1374.342773	154.367615
1373.257813	51.073425
1372.172852	117.501022
1371.087891	101.653282
1370.001953	50.356556
1368.916992	-9.437995
1367.831055	-10.895964
1366.744141	82.545631
1365.658203	198.032196
1364.571289	83.401642
1363.484375	202.936844
1362.397461	146.149445
1361.310547	189.582870
1360.222656	134.484970
1359.135742	110.466759
1358.047852	98.703285
1356.958984	163.352737
1355.871094	195.179794
1354.782227	161.328384
1353.693359	109.627083
1352.604492	208.693008
1351.515625	206.194061
1350.425781	93.539421
1349.335938	265.401825
1348.246094	-25.399441
1347.156250	69.222939
1346.066406	126.180023
1344.975586	157.478714
1343.884766	65.301941
1342.793945	-49.345978
1341.702148	93.419830
1340.611328	27.399708
1339.519531	40.808331
1338.427734	199.941330
1337.334961	68.147003
1336.243164	118.426270
1335.150391	121.476341
1334.057617	160.899414
1332.964844	68.955170
1331.871094	157.573547
1330.778320	40.599514
1329.684570	110.019020
1328.590820	117.346779
1327.496094	99.622169
1326.402344	110.315506
1325.307617	83.416283
1324.212891	52.236027
1323.117188	140.038284
1322.022461	78.375298
1320.926758	-6.100255
1319.831055	173.876221
1318.735352	114.521927
1317.638672	76.592659
1316.542969	30.709827
1315.446289	-10.962971
1314.349609	114.621475
1313.251953	57.577442
1312.155273	161.447113
1311.057617	68.936661
1309.959961	142.781250
1308.862305	36.284966
1307.763672	81.061172
1306.665039	151.169678
1305.566406	30.137239
1304.467773	96.036995
1303.369141	-14.718068
1302.269531	16.505491
1301.169922	19.995928
1300.070313	84.668175
1298.970703	43.812656
1297.870117	-9.089477
1296.769531	-93.597687
1295.668945	-54.944492
1294.568359	-56.856571
1293.466797	83.753731
1292.366211	43.949081
1291.264648	9.606075
1290.162109	82.583527
1289.060547	22.009956
1287.958008	35.740047
1286.855469	2.440784
1285.752930	-24.356695
1284.650391	104.500816
1283.546875	61.558113
1282.444336	90.633499
1281.339844	-6.265851
1280.236328	87.780891
1279.132813	152.312653
1278.028320	142.633087
1276.923828	133.432968
1275.819336	93.365021
1274.713867	70.165527
1273.608398	17.736677
1272.503906	41.062634
1271.397461	28.678228
1270.291992	-77.235779
1269.185547	24.870029
1268.080078	-5.837221
1266.972656	-14.081842
1265.866211	24.151749
1264.759766	-90.508011
1263.652344	-62.814468
1262.544922	-61.969566
1261.436523	-28.710033
1260.329102	1.932369
1259.220703	24.362232
1258.112305	-36.552597
1257.003906	25.802023
1255.895508	-46.044731
1254.786133	-122.621033
1253.676758	-100.902840
1252.567383	-68.006950
1251.458008	-34.126858
1250.347656	-97.764816
1249.237305	-93.304535
1248.126953	-7.334008
1247.016602	24.473785
1245.905273	18.011641
1244.793945	54.308418
1243.682617	-1.872819
1242.571289	14.658244
1241.459961	-55.708866
1240.347656	25.187731
1239.235352	84.239639
1238.123047	29.068825
1237.009766	10.182389
1235.897461	18.786949
1234.784180	83.909561
1233.670898	-32.756943
1232.556641	93.384926
1231.443359	19.067593
1230.329102	-11.069038
1229.214844	34.255737
1228.099609	29.803978
1226.985352	-32.249565
1225.870117	97.253143
1224.754883	14.086915
1223.639648	17.967451
1222.523438	20.174425
1221.408203	118.545609
1220.291992	2.674640
1219.174805	5.163970
1218.058594	143.693130
1216.941406	1.634108
1215.824219	18.212856
1214.707031	49.885307
1213.589844	21.679661
1212.471680	25.032387
1211.353516	69.234825
1210.235352	26.384022
1209.117188	-29.731558
1207.998047	96.601913
1206.878906	52.527809
1205.759766	-69.990120
1204.640625	-62.817711
1203.520508	13.382420
1202.401367	10.403913
1201.281250	-2.017304
1200.160156	-31.554180
1199.040039	-83.261742
1197.918945	-27.322481
1196.797852	-91.940735
1195.676758	26.512297
1194.555664	-43.950317
1193.433594	-11.911555
1192.311523	87.686447
1191.189453	-8.551938
1190.066406	22.637987
1188.944336	-41.202194
1187.821289	1.908178
1186.698242	71.341408
1185.574219	130.791397
1184.451172	2.727427
1183.327148	-33.720871
1182.203125	-73.607971
1181.078125	7.144325
1179.954102	-16.816988
1178.829102	64.276413
1177.704102	-13.527909
1176.579102	-109.672928
1175.453125	-17.112167
1174.327148	43.401150
1173.201172	14.168187
1172.075195	-60.038696
1170.949219	-101.392944
1169.822266	-57.029705
1168.695313	-31.084541
1167.568359	-81.429131
1166.440430	-47.906143
1165.313477	-54.291969
1164.185547	19.582165
1163.057617	-11.836295
1161.928711	56.031872
1160.800781	-10.442283
1159.671875	-4.828735
1158.541992	37.280136
1157.413086	38.222176
1156.283203	18.924973
1155.154297	45.866508
1154.023438	22.451651
1152.893555	90.343704
1151.763672	73.957336
1150.632813	6.103244
1149.501953	53.472507
1148.370117	16.053053
1147.239258	55.576279
1146.107422	70.366272
1144.975586	52.726917
1143.843750	43.045818
1142.710938	83.015503
1141.578125	46.097080
1140.445313	83.053154
1139.312500	95.386086
1138.178711	59.194645
1137.045898	78.582787
1135.912109	122.067482
1134.777344	139.045135
1133.643555	311.528870
1132.508789	238.852554
1131.374023	234.851349
1130.239258	226.033936
1129.104492	307.163940
1127.968750	202.960693
1126.833008	293.417114
1125.697266	132.021347
1124.560547	104.620743
1123.424805	78.373962
1122.288086	39.931744
1121.151367	8.346047
1120.013672	117.791817
1118.876953	96.915024
1117.739258	112.739960
1116.601563	95.417702
1115.462891	29.764307
1114.324219	69.471870
1113.186523	167.178314
1112.046875	195.106812
1110.908203	83.754265
1109.769531	154.694046
1108.629883	-58.116199
1107.490234	169.809601
1106.349609	157.071167
1105.209961	2.623621
1104.069336	97.340820
1102.928711	66.368019
1101.787109	-12.911372
1100.646484	-7.831271
1099.504883	156.135483
1098.363281	83.616562
1097.221680	140.750107
1096.079102	56.998631
1094.936523	138.796951
1093.793945	109.934563
1092.651367	-1.606171
1091.507813	129.483459
1090.364258	44.003513
1089.220703	38.044277
1088.077148	22.613016
1086.933594	157.737518
1085.789063	95.410049
1084.644531	144.374084
1083.499023	85.632622
1082.354492	125.944122
1081.208984	-46.952900
1080.063477	-59.279339
1078.917969	51.486240
1077.771484	88.978691
1076.625977	31.201120
1075.479492	19.941824
1074.332031	-18.138609
1073.185547	22.443918
1072.038086	-22.677597
1070.890625	66.154404
1069.743164	88.369560
1068.594727	13.241871
1067.447266	92.617760
1066.298828	3.973468
1065.149414	164.195175
1064.000977	141.321716
1062.851563	199.687210
1061.702148	163.275940
1060.552734	169.112732
1059.402344	158.527710
1058.252930	121.500214
1057.102539	4.557662
1055.951172	35.585766
1054.800781	130.307510
1053.649414	-46.287266
1052.498047	-0.356375
1051.346680	51.121151
1050.194336	-78.998718
1049.042969	-37.119415
1047.890625	3.880203
1046.738281	109.186104
1045.584961	62.037052
1044.431641	-17.864857
1043.278320	-78.083618
1042.125000	65.449112
1040.971680	-132.498138
1039.817383	32.361717
1038.663086	-0.106608
1037.508789	86.876656
1036.353516	-5.157771
1035.198242	47.578190
1034.042969	11.988319
1032.887695	-67.307281
1031.732422	-41.319366
1030.576172	11.764505
1029.419922	57.144539
1028.263672	34.236736
1027.106445	-65.078110
1025.949219	21.656574
1024.792969	85.231346
1023.634766	-46.844688
1022.477539	23.678127
1021.319336	-30.074360
1020.161133	75.007759
1019.002930	54.294586
1017.843750	-50.106548
1016.684570	9.847879
1015.525391	41.429340
1014.366211	-75.608276
1013.207031	104.006027
1012.046875	65.618332
1010.886719	31.737017
1009.726563	67.791275
1008.565430	119.525620
1007.404297	4.538773
1006.243164	-15.956374
1005.082031	11.130992
1003.920898	-16.274817
1002.758789	35.628792
1001.596680	-4.680032
1000.433594	-89.863060
999.271484	-126.497154
998.108398	64.132233
996.945313	-103.591461
995.782227	-23.982685
994.618164	52.394909
993.454102	-4.141626
992.290039	108.969727
991.125977	-40.157761
989.960938	114.506004
988.796875	-9.889681
987.630859	-62.031429
986.465820	-70.628632
985.300781	51.682308
984.134766	172.259079
982.968750	68.752754
981.801758	-67.018990
980.635742	-17.080147
979.468750	54.154785
978.301758	103.445313
977.133789	28.605152
975.966797	42.872581
974.798828	-52.975044
973.630859	-15.073229
972.461914	-27.970072
971.293945	6.127418
970.125000	15.496560
968.956055	6.679122
967.786133	15.415068
966.617188	89.152214
965.447266	62.802608
964.276367	-28.783659
963.106445	13.331492
961.935547	-63.112766
960.764648	-51.210869
959.593750	-25.204510
958.422852	-34.964283
957.250977	25.950420
956.079102	58.650749
954.907227	-43.130375
953.734375	-63.140347
952.562500	-61.946373
951.389648	41.191120
950.215820	4.654455
949.042969	-17.827656
947.869141	48.713345
946.695313	33.826637
945.521484	66.720718
944.346680	-40.045185
943.172852	60.414410
941.998047	86.101715
940.822266	70.868286
939.647461	103.668007
938.471680	28.126095
937.295898	172.141388
936.119141	-50.307274
934.943359	105.475014
933.766602	-18.214455
932.589844	77.414040
931.413086	115.094383
930.235352	123.921379
929.057617	-31.038628
927.879883	95.790535
926.702148	44.400078
925.523438	-19.026823
924.344727	11.441900
923.166016	58.738873
921.987305	96.398766
920.807617	134.035400
919.627930	136.437286
919.497070	13.177960
918.331055	-76.668777
917.165039	81.145882
915.999023	92.267212
914.833008	24.074356
913.666016	20.779741
912.499023	-49.779736
911.332031	110.250420
910.165039	42.093361
908.997070	125.209038
907.830078	143.476868
906.661133	130.540359
905.493164	57.620277
904.325195	-10.477015
903.156250	-71.354073
901.987305	97.979362
900.818359	49.082859
899.648438	-18.971113
898.478516	23.230080
897.308594	27.076084
896.138672	90.800301
894.968750	178.442764
893.797852	-4.520014
892.626953	87.887108
891.456055	31.859684
890.284180	38.069031
889.113281	-44.251072
887.941406	-2.158636
886.768555	80.568977
885.596680	53.271294
884.423828	178.973282
883.250977	1.089800
882.078125	-16.628647
880.905273	92.273743
879.731445	-32.947052
878.557617	-53.047516
877.383789	5.645195
876.209961	-2.528597
875.035156	-27.408138
873.860352	2.598241
872.685547	39.744434
871.510742	-1.837967
870.334961	-29.098345
869.159180	8.019344
867.983398	71.337357
866.807617	55.980431
865.630859	64.453522
864.454102	-60.483692
863.277344	-37.709412
862.100586	-74.479500
860.922852	24.463659
859.745117	-126.562881
858.567383	3.277545
857.389648	21.234669
856.210938	-1.257392
855.032227	11.928978
853.853516	51.260563
852.674805	21.629679
851.495117	68.065636
850.315430	59.822037
849.135742	25.442816
847.956055	-54.059105
846.775391	54.082619
845.595703	152.675812
844.415039	194.251709
843.233398	216.819809
842.052734	99.370331
840.871094	67.372955
839.689453	-0.195521
838.506836	38.975403
837.325195	-66.505119
836.142578	-13.124231
834.959961	61.559238
833.777344	-93.634430
832.593750	-7.128884
831.410156	-60.407028
830.226563	9.469105
829.042969	58.002907
827.858398	11.830996
826.673828	-15.394979
825.489258	165.599854
824.304688	88.665077
823.120117	-42.640991
821.934570	-29.655384
820.749023	-47.414181
819.562500	-126.624550
818.376953	101.400452
817.190430	10.367360
816.003906	49.285778
814.817383	78.735504
813.629883	-68.921082
812.442383	139.945023
811.254883	56.051064
810.067383	-77.368858
808.878906	98.323730
807.690430	99.389450
806.501953	98.089973
805.313477	28.409403
804.124023	163.837997
802.934570	115.372963
801.745117	151.749603
800.555664	289.405884
799.365234	80.763680
798.175781	135.944672
796.985352	162.845398
795.793945	109.697746
794.603516	-86.993034
793.412109	149.328018
792.220703	93.844177
791.028320	113.640114
789.836914	140.474091
788.644531	101.464699
787.452148	81.268402
786.258789	86.924942
785.066406	111.366898
783.873047	91.161835
782.679688	33.381733
781.485352	64.845612
780.291992	-53.955296
779.097656	97.199593
777.903320	-16.878704
776.708008	49.733543
775.512695	99.891556
774.318359	168.780930
773.122070	47.722408
771.926758	144.710342
770.730469	68.221542
769.534180	-29.331589
768.337891	81.646606
767.141602	-25.252855
765.944336	162.940552
764.747070	142.679794
763.549805	143.486038
762.351563	153.646469
761.154297	262.063171
759.956055	204.339783
758.757813	207.441025
757.558594	329.786835
756.359375	302.454254
755.160156	399.002777
753.960938	362.302979
752.761719	185.429733
751.561523	148.774658
750.361328	149.492203
749.160156	110.509323
747.959961	-3.167965
746.758789	27.897589
745.557617	-69.396873
744.356445	85.297722
743.154297	85.978882
741.952148	37.679260
740.750000	19.700581
739.547852	66.988106
738.344727	53.655025
737.142578	-10.943158
735.939453	-0.976988
734.735352	-74.868652
733.532227	-120.797035
732.328125	31.171776
731.124023	-68.311333
729.918945	-46.751858
728.714844	21.320547
727.509766	-38.580933
726.303711	41.072697
725.098633	23.026001
723.892578	-108.930046
722.686523	84.544479
721.480469	57.177567
720.274414	-53.822823
719.067383	-92.781357
717.860352	47.078693
716.653320	10.417685
715.445313	34.115761
714.238281	-95.378014
713.030273	39.686424
711.821289	58.695004
710.613281	24.340492
709.404297	115.207863
708.195313	43.743103
706.986328	125.276497
705.776367	60.772362
704.566406	88.960388
703.356445	75.430893
702.146484	20.210436
700.935547	-136.874863
699.724609	32.501633
698.513672	46.728096
697.302734	100.275688
696.090820	234.762955
694.878906	510.275635
693.666992	623.786865
692.455078	906.016785
691.242188	963.899353
690.029297	832.240845
688.816406	564.303894
687.602539	388.872528
686.389648	211.193619
685.175781	142.107635
683.960938	146.916550
682.747070	43.229580
681.532227	140.341507
680.317383	161.265457
679.102539	66.835625
677.886719	46.233681
676.670898	-20.484770
675.455078	44.211521
674.239258	-91.642052
673.022461	-105.323578
671.805664	102.150818
670.588867	69.985970
669.372070	-22.048843
668.154297	51.710899
666.936523	81.693932
665.718750	79.434441
664.500977	-3.364693
663.282227	141.597000
662.063477	192.191177
660.844727	45.005245
659.625000	77.185837
658.405273	49.582916
657.185547	74.832962
655.965820	146.010696
654.745117	-14.845903
653.525391	79.263443
652.303711	143.475281
651.083008	49.258083
649.861328	147.852539
648.640625	94.954300
647.417969	120.066292
646.196289	87.817009
644.973633	-54.496796
643.750977	23.327991
642.528320	98.817284
641.305664	39.057533
640.082031	153.439667
638.858398	36.406315
637.634766	139.268326
636.410156	79.508858
635.185547	12.896282
633.960938	152.286118
632.736328	-1.287663
631.510742	60.242085
630.285156	-13.213423
629.059570	39.124924
627.833984	217.176865
626.607422	31.699434
625.380859	134.241608
624.154297	-62.584507
622.927734	17.070284
621.700195	108.100693
620.472656	-24.689390
619.245117	-45.570900
618.016602	-20.804893
616.788086	49.579773
615.559570	19.540697
614.331055	-28.743093
613.101563	23.325472
611.872070	52.562550
610.642578	-125.658005
609.413086	-21.212811
608.182617	-14.798528
606.952148	71.336098
605.721680	-74.888191
604.491211	-139.083862
603.259766	-57.558178
602.028320	3.438681
600.796875	9.785468
599.564453	-22.556549
598.332031	102.058723
597.099609	10.564477
595.867188	64.617805
594.633789	32.257584
593.400391	108.994194
592.166992	26.632189
590.933594	96.505646
589.699219	-4.004762
588.464844	86.266640
587.230469	69.787247
585.995117	46.497520
584.760742	134.408218
583.525391	140.594986
582.289063	142.235153
581.053711	55.418861
579.817383	32.120399
578.581055	-29.713242
577.343750	98.854462
576.107422	7.561883
574.870117	13.717016
573.631836	69.693253
572.394531	69.025887
571.156250	-90.129471
569.917969	-45.504013
568.679688	146.195602
567.440430	21.045979
566.202148	29.407429
564.961914	76.207077
563.722656	147.853729
562.482422	36.351326
561.243164	130.566299
560.001953	50.740417
558.761719	9.349439
557.520508	35.732716
556.279297	37.259205
555.038086	72.646553
553.795898	38.038483
552.554688	39.549274
551.311523	41.054897
550.069336	-22.863346
548.826172	3.454880
547.583984	-94.259171
546.339844	-22.857594
545.096680	84.571503
543.852539	-103.245415
542.608398	4.147322
541.364258	-57.442577
540.119141	-80.726418
538.875000	-18.447527
537.628906	106.829033
536.383789	27.252256
535.137695	10.707022
533.892578	-46.325874
532.645508	-17.872955
531.399414	-81.626999
530.152344	-64.424850
528.905273	22.443293
527.658203	-48.027859
526.410156	-53.318718
525.163086	148.038101
523.914063	82.069214
522.666016	-100.624916
521.416992	-114.888268
520.167969	-41.622623
518.918945	-80.578430
517.669922	57.699192
516.419922	29.948046
515.169922	-26.943144
513.919922	48.456070
512.668945	27.442551
511.417969	40.049053
510.166992	-14.563526
508.916016	18.201492
507.664063	37.513744
506.412109	-10.352580
505.160156	80.584183
503.907227	-74.698486
502.655273	20.683714
501.402344	-18.198772
500.148438	-5.626279
498.895508	91.908539
497.641602	35.144047
496.387695	112.507210
495.132813	2.126796
493.878906	7.966177
492.624023	158.987549
491.368164	135.753754
490.113281	58.942043
488.857422	-26.768661
487.601563	222.313446
486.344727	129.903687
485.088867	-11.546790
483.832031	7.640382
482.575195	33.504375
481.317383	146.296356
480.059570	4.947069
478.801758	61.978241
477.543945	103.384239
476.285156	15.577781
475.027344	1.291907
473.767578	4.817523
472.508789	-40.635933
471.249023	129.795242
469.989258	-22.479279
468.729492	43.307442
467.469727	-4.368174
466.208984	45.805092
464.948242	-15.206274
463.686523	-42.861366
462.425781	60.591099
461.164063	99.560966
459.901367	-8.093409
458.639648	-24.664223
457.376953	-16.817909
456.114258	15.429743
454.851563	163.051025
453.587891	144.187439
452.324219	14.403711
451.060547	133.054871
449.796875	-41.047508
448.532227	57.580673
447.267578	127.336128
446.002930	188.179733
444.737305	189.162155
443.471680	198.984222
442.206055	186.636780
440.940430	216.338913
439.673828	230.510696
438.407227	273.422272
437.140625	174.688843
435.873047	266.208893
434.605469	238.237579
433.337891	208.039948
432.070313	261.829712
430.801758	293.464569
429.533203	135.023895
428.264648	182.073074
426.996094	253.364029
425.726563	114.807175
424.457031	199.255997
423.186523	80.561188
421.916992	145.042480
420.646484	174.153564
419.375977	176.739548
418.104492	260.877655
416.833008	150.904907
415.561523	164.378494
414.290039	153.554062
413.017578	202.175491
411.746094	94.313889
410.472656	173.653671
409.200195	274.923676
407.926758	138.325226
406.653320	91.968407
405.379883	171.001816
404.105469	164.131332
402.831055	181.392319
401.556641	141.399277
400.282227	105.749321
399.006836	133.786774
397.731445	150.746948
396.456055	200.579544
395.179688	142.666382
393.903320	95.675621
392.626953	184.757690
391.350586	122.234627
390.073242	129.879532
388.795898	47.456524
387.518555	175.584274
386.240234	222.396561
384.961914	100.228043
383.683594	105.167404
382.405273	129.721207
381.125977	-45.278885
379.846680	123.670242
378.567383	185.087631
377.287109	108.375931
376.006836	116.963120
374.726563	136.359924
373.446289	251.912216
372.165039	113.443535
370.883789	138.967590
369.602539	157.770416
368.320313	152.354874
367.039063	94.318199
365.755859	64.553146
364.473633	-13.438129
363.190430	59.184040
361.907227	48.593414
360.624023	122.998940
359.340820	29.064804
358.056641	17.928528
356.772461	72.075508
355.487305	64.898376
354.202148	133.871124
352.916992	117.542381
351.631836	81.378677
350.346680	12.307351
349.060547	-56.967854
347.774414	-28.386301
346.487305	26.080111
345.200195	62.850510
343.913086	23.132145
342.625977	-40.777760
341.338867	82.275307
340.050781	37.421375
338.762695	-20.747286
337.473633	51.334930
336.184570	53.496517
334.895508	-18.573030
333.606445	-136.571579
332.317383	-67.919510
331.027344	-97.412720
329.736328	-166.338608
328.446289	3.355558
327.155273	-87.965302
325.864258	-1.576248
324.573242	-0.242586
323.281250	31.088373
321.989258	-20.423067
320.697266	20.970734
319.405273	-29.139479
318.112305	24.425064
316.819336	-2.659724
315.526367	-23.660057
314.232422	-25.601782
312.938477	0.169925
311.644531	-22.178097
310.349609	39.449776
309.054688	156.857224
307.759766	171.992783
306.464844	74.093300
305.168945	21.140842
303.873047	158.030090
302.577148	6.704846
301.281250	79.751312
299.984375	134.895187
