1999.946289	-131.897278
1998.981445	51.865715
1998.017578	4.610863
1997.052734	-139.458160
1996.088867	117.716057
1995.124023	243.328430
1994.159180	118.567215
1993.193359	-55.841133
1992.228516	32.079884
1991.262695	25.746063
1990.296875	115.775734
1989.331055	-86.366943
1988.365234	-167.359467
1987.398438	-3.588174
1986.432617	83.311569
1985.465820	-22.821024
1984.499023	1.973652
1983.532227	219.419052
1982.565430	152.464142
1981.597656	80.469345
1980.629883	-50.907219
1979.662109	-4.524437
1978.694336	160.256775
1977.726563	55.751240
1976.758789	-34.013439
1975.790039	-57.213093
1974.821289	314.303833
1973.852539	261.240509
1972.883789	166.168274
1971.915039	-74.468658
1970.945313	121.326920
1969.975586	-151.438797
1969.005859	-170.314880
1968.036133	-11.833885
1967.066406	-3.791134
1966.096680	235.733826
1965.125977	36.683582
1964.155273	29.710009
1963.184570	126.073212
1962.213867	202.638718
1961.242188	229.885712
1960.271484	340.719635
1959.299805	225.108261
1958.328125	33.225014
1957.356445	62.691963
1956.384766	168.315704
1955.412109	-3.955539
1954.439453	79.409134
1953.467773	20.156580
1952.495117	-100.551300
1951.521484	225.833847
1950.548828	-91.453773
1949.575195	165.955261
1948.601563	-190.577072
1947.627930	-107.619637
1946.654297	-46.824360
1945.680664	126.784737
1944.706055	241.407776
1943.732422	-53.686615
1942.757813	259.501953
1941.783203	150.793442
1940.807617	137.701126
1939.833008	60.852158
1938.857422	180.049210
1937.881836	90.905159
1936.906250	178.144638
1935.930664	3.249025
1934.955078	100.208496
1933.978516	57.547577
1933.001953	98.102745
1932.025391	-71.862526
1931.048828	122.810730
1930.072266	62.947437
1929.094727	113.153862
1928.118164	55.712635
1927.140625	10.493707
1926.163086	58.169426
1925.184570	37.364388
1924.207031	180.281189
1923.228516	64.128349
1922.250000	-203.459915
1921.271484	-153.452881
1920.292969	-57.087486
1919.314453	-148.773499
1918.334961	-67.129845
1917.355469	4.702280
1916.375977	8.164549
1915.396484	-51.824806
1914.416992	68.693436
1913.436523	40.382370
1912.457031	263.213257
1911.476563	-216.165741
1910.496094	-95.777687
1909.515625	-4.695747
1908.534180	-98.840988
1907.552734	-39.496319
1906.572266	-31.337175
1905.590820	130.214005
1904.608398	157.778275
1903.626953	87.947067
1902.644531	8.388620
1901.663086	40.777409
1900.680664	43.939758
1899.698242	90.867149
1898.714844	-120.029823
1897.732422	-51.240700
1896.749023	-50.566296
1895.765625	-134.980972
1894.782227	-136.758331
1893.798828	199.173676
1892.814453	83.122910
1891.831055	-307.355133
1890.846680	161.919861
1889.862305	94.439384
1888.877930	90.078156
1887.892578	-164.280930
1886.908203	-23.042225
1885.922852	-56.555939
1884.937500	249.507324
1883.952148	-72.678925
1882.965820	-69.859901
1881.980469	-40.394901
1880.994141	173.241592
1880.007813	-10.650261
1879.021484	91.402771
1878.035156	-60.961029
1877.047852	74.920166
1876.061523	-60.481682
1875.074219	138.246323
1874.086914	-14.113167
1873.098633	-26.075214
1872.111328	90.187775
1871.123047	148.316010
1870.135742	0.799262
1869.147461	-107.998718
1868.158203	-151.503296
1867.169922	160.343826
1866.180664	150.584885
1865.192383	131.135712
1864.203125	-45.384430
1863.213867	-67.268837
1862.223633	79.883095
1861.234375	-103.866150
1860.244141	-215.153381
1859.253906	91.156898
1858.263672	223.556366
1857.273438	10.827686
1856.282227	476.039246
1855.291992	89.610321
1854.300781	301.349030
1853.309570	86.210373
1852.317383	66.373894
1851.326172	152.557983
1850.333984	214.571457
1849.342773	-101.730453
1848.350586	104.759750
1847.357422	-225.937103
1846.365234	165.827438
1845.372070	239.616669
1844.379883	-93.445206
1843.386719	158.366089
1842.393555	29.876087
1841.399414	12.049063
1840.406250	-25.054935
1839.412109	178.283188
1838.417969	191.561005
1837.423828	-28.384136
1836.429688	119.425781
1835.434570	-28.430948
1834.440430	1.508588
1833.445313	223.548920
1832.450195	-154.937103
1831.454102	105.365936
1830.458984	84.646912
1829.462891	107.086967
1828.466797	110.270065
1827.470703	19.827547
1826.474609	102.087067
1825.478516	97.920204
1824.481445	251.964371
1823.484375	309.998108
1822.487305	-17.970228
1821.490234	95.106728
1820.493164	253.614258
1819.495117	249.094833
1818.498047	153.507095
1817.500000	283.006622
1816.500977	-85.626846
1815.502930	86.845894
1814.504883	-61.524960
1813.505859	-56.749981
1812.506836	247.032043
1811.507813	242.062912
1810.508789	83.971115
1809.508789	153.038879
1808.508789	2.071974
1807.508789	233.547577
1806.508789	68.163582
1805.508789	196.674484
1804.508789	138.739136
1803.507813	221.679489
1802.506836	168.408127
1801.505859	334.751892
1800.504883	393.548370
1799.502930	-75.197128
1798.501953	-164.416168
1797.500000	108.964691
1796.498047	33.921936
1795.496094	47.084194
1794.493164	-47.127449
1793.491211	80.344360
1792.488281	217.230698
1791.485352	230.080673
1790.482422	195.208496
1789.478516	169.805496
1788.475586	206.275375
1787.471680	128.358414
1786.467773	171.825760
1785.463867	131.895935
1784.459961	199.009216
1783.455078	37.596844
1782.450195	202.099167
1781.445313	-116.372627
1780.440430	119.303375
1779.435547	19.573332
1778.429688	200.314514
1777.424805	-18.367708
1776.418945	31.478559
1775.413086	-44.683361
1774.406250	7.379055
1773.400391	78.357666
1772.393555	30.508577
1771.386719	-95.734863
1770.379883	55.709316
1769.373047	21.921160
1768.365234	135.174850
1767.358398	355.072266
1766.350586	264.106079
1765.342773	-56.912926
1764.334961	129.484955
1763.326172	90.545303
1762.318359	122.655869
1761.309570	100.177879
1760.300781	-111.887131
1759.291016	-165.252762
1758.282227	-119.196754
1757.272461	52.252010
1756.262695	-41.568699
1755.252930	6.584385
1754.243164	-44.737850
1753.233398	-155.257950
1752.222656	-74.212349
1751.211914	-213.214081
1750.201172	132.503601
1749.190430	137.587341
1748.179688	-27.584776
1747.167969	43.549374
1746.156250	-239.826965
1745.144531	-45.977283
1744.132813	55.616219
1743.121094	15.417611
1742.108398	-142.891129
1741.095703	159.090378
1740.083008	-37.082909
1739.070313	130.129288
1738.057617	-59.022762
1737.043945	-234.027283
1736.030273	-159.056747
1735.016602	177.533676
1734.002930	-35.335815
1732.989258	15.783356
1731.974609	-98.145142
1730.959961	-73.091286
1729.945313	67.308548
1728.930664	-105.639641
1727.916016	-64.313408
1726.900391	-107.829407
1725.885742	-80.770668
1724.870117	-96.156052
1723.853516	-153.960922
1722.837891	171.645142
1721.822266	10.208527
1720.805664	76.856422
1719.789063	-162.220245
1718.772461	-41.625523
1717.754883	-43.356373
1716.738281	-19.291615
1715.720703	-220.835785
1714.703125	-114.668739
1713.685547	3.138708
1712.667969	106.754044
1711.649414	-57.350208
1710.630859	57.844566
1709.612305	41.528347
1708.593750	-71.028809
1707.575195	149.483200
1706.555664	-148.446716
1705.536133	-17.229330
1704.516602	-141.647278
1703.497070	-102.001732
1702.477539	143.792816
1701.457031	45.014141
1700.437500	103.178734
1699.416992	109.731171
1698.395508	-129.651337
1697.375000	52.426918
1696.354492	-6.710464
1695.333008	65.168175
1694.311523	-78.292648
1693.290039	-69.689934
1692.267578	-114.945465
1691.246094	263.040131
1690.223633	226.993927
1689.201172	-31.153187
1688.178711	89.364136
1687.155273	219.124924
1686.132813	253.017075
1685.109375	78.957710
1684.085938	117.435600
1683.062500	195.547165
1682.039063	-1.873893
1681.014648	71.468109
1679.990234	42.066002
1678.965820	341.598236
1677.941406	4.169108
1676.916992	98.283241
1675.891602	210.964691
1674.866211	230.315872
1673.840820	209.997696
1672.815430	77.793152
1671.790039	232.186432
1670.763672	256.022766
1669.737305	32.938900
1668.710938	131.253006
1667.684570	131.714920
1666.658203	199.648682
1665.630859	62.716793
1664.603516	160.813995
1663.576172	165.789734
1662.548828	56.767868
1661.520508	126.806374
1660.493164	459.527130
1659.464844	257.438782
1658.436523	534.165710
1657.408203	490.099396
1656.378906	569.142395
1655.350586	545.945251
1654.321289	432.155945
1653.291992	592.363892
1652.261719	415.877930
1651.232422	490.114166
1650.202148	599.099609
1649.171875	596.663879
1648.141602	494.467987
1647.111328	617.255005
1646.080078	793.296631
1645.049805	674.852905
1644.018555	934.228088
1642.987305	1017.372925
1641.955078	755.246582
1640.923828	877.751770
1639.891602	865.860657
1638.859375	1208.244751
1637.827148	1068.947876
1636.794922	1036.172241
1635.761719	961.736206
1634.729492	1264.478271
1633.696289	1169.196655
1632.662109	1078.564087
1631.628906	1251.590820
1630.594727	1248.827148
1629.561523	1320.044800
1628.527344	1384.290283
1627.493164	1372.262451
1626.458008	1337.127686
1625.423828	1452.153687
1624.388672	1079.873413
1623.353516	1601.253296
1622.318359	1423.001221
1621.282227	1567.924194
1620.247070	1765.879883
1619.210938	1829.949951
1618.174805	1642.589111
1617.137695	1702.053589
1616.101563	1701.572021
1615.064453	1680.345459
1614.027344	1744.416382
1612.990234	1741.650879
1611.953125	1849.489502
1610.916016	1632.516968
1609.877930	1756.478149
1608.839844	1647.852783
1607.801758	1679.716064
1606.763672	1941.750610
1605.724609	1727.347656
1604.685547	1625.785767
1603.646484	1689.907715
1602.607422	1618.337524
1601.568359	1576.712769
1600.528320	1702.942383
1599.489258	1647.578491
1598.449219	1461.266357
1597.408203	1674.823242
1596.368164	1564.441650
1595.327148	1557.473999
1594.287109	1750.327515
1593.246094	1500.034424
1592.204102	1729.591797
1591.163086	1656.176025
1590.121094	1665.415405
1589.079102	1878.853760
1588.037109	2248.208496
1586.995117	1491.537476
1585.953125	1796.706543
1584.910156	1498.930176
1583.867188	1606.956787
1582.824219	1905.160400
1581.781250	1974.204102
1580.737305	1440.872314
1579.693359	1583.337524
1578.649414	1911.243042
1577.605469	1611.859497
1576.561523	1687.976563
1575.516602	1448.332397
1574.472656	1705.279785
1573.427734	1845.512695
1572.381836	1839.375977
1571.336914	1965.913208
1570.291016	2076.442139
1569.246094	1958.443481
1568.200195	1879.381470
1567.153320	1713.579346
1566.107422	1822.006226
1565.060547	1507.954590
1564.013672	1502.324463
1562.966797	1530.995361
1561.919922	1660.140015
1560.872070	1725.390015
1559.825195	1453.031738
1558.777344	1580.008911
1557.729492	1565.604004
1556.680664	1517.057861
1555.632813	1475.445557
1554.583984	1390.600098
1553.535156	1469.926514
1552.486328	1378.413818
1551.436523	1482.895264
1550.387695	1259.462646
1549.337891	1109.043335
1548.288086	1179.577148
1547.238281	1038.479126
1546.187500	1084.101929
1545.136719	954.592346
1544.086914	870.710205
1543.035156	930.196838
1541.984375	680.505615
1540.933594	831.102966
1539.881836	808.967163
1538.830078	998.260132
1537.778320	783.132996
1536.725586	845.294739
1535.673828	435.124329
1534.621094	840.369385
1533.568359	637.107300
1532.515625	645.100525
1531.461914	1029.878662
1530.409180	765.689209
1529.355469	379.182678
1528.301758	516.826721
1527.247070	586.465942
1526.193359	497.475677
1525.138672	487.933167
1524.083984	417.293915
1523.029297	586.943298
1521.974609	346.592865
1520.918945	394.058289
1519.863281	414.423676
1518.807617	475.623230
1517.751953	394.288330
1516.696289	412.651978
1515.639648	141.479507
1514.583008	307.110382
1513.526367	303.140839
1512.469727	290.221832
1511.412109	401.743988
1510.355469	309.888611
1509.297852	299.518585
1508.240234	232.761871
1507.181641	236.155930
1506.124023	754.613708
1505.065430	367.438324
1504.006836	384.647858
1502.948242	257.485046
1501.888672	543.464294
1500.830078	380.421448
1499.770508	438.619415
1498.710938	361.568085
1497.650391	226.014679
1496.590820	225.899658
1495.530273	379.162506
1494.469727	117.793129
1493.409180	320.795807
1492.348633	354.866272
1491.287109	346.230774
1490.225586	412.015594
1489.164063	482.385071
1488.102539	230.941162
1487.041016	29.217394
1485.978516	-55.317242
1484.916016	220.220703
1483.853516	-73.264168
1482.791016	83.220657
1481.727539	109.347641
1480.664063	81.642387
1479.600586	78.773140
1478.537109	-16.091862
1477.473633	307.006653
1476.409180	129.362701
1475.344727	153.745468
1474.280273	104.383720
1473.215820	84.203461
1472.151367	-36.728680
1471.085938	-58.692387
1470.020508	91.825081
1468.955078	-380.222961
1467.888672	7.989594
1466.823242	178.781921
1465.756836	45.399841
1464.690430	-89.869087
1463.624023	-118.016907
1462.556641	141.023209
1461.490234	-50.442398
1460.422852	37.794075
1459.355469	149.183655
1458.287109	87.941986
1457.219727	197.714386
1456.151367	278.162567
1455.083008	226.405121
1454.014648	-53.038406
1452.945313	2.884091
1451.876953	9.883204
1450.807617	39.709599
1449.738281	49.205833
1448.668945	-68.630013
1447.598633	273.127686
1446.528320	-3.368327
1445.458008	95.081184
1444.387695	168.769180
1443.317383	470.271820
1442.246094	98.075760
1441.174805	169.225769
1440.103516	-114.776253
1439.032227	135.684891
1437.960938	-31.146738
1436.888672	-136.235123
1435.816406	-79.719696
1434.744141	129.133820
1433.670898	11.674232
1432.598633	-10.895846
1431.525391	18.660431
1430.452148	51.552647
1429.378906	-142.963470
1428.304688	-114.093292
1427.231445	-255.367767
1426.157227	-342.256042
1425.083008	-341.291321
1424.007813	87.010910
1422.933594	-147.803101
1421.858398	146.169434
1420.783203	116.672195
1419.708008	-181.136810
1418.631836	166.248871
1417.555664	47.301079
1416.479492	319.089905
1415.403320	-123.390755
1414.327148	5.661595
1413.250000	51.310524
1412.173828	349.971191
1411.096680	240.300385
1410.018555	327.208282
1408.941406	207.537170
1407.863281	313.856476
1406.785156	235.029556
1405.707031	286.003326
1404.628906	330.466919
1403.549805	340.922272
1402.470703	264.984222
1401.391602	270.107452
1400.312500	591.121704
1399.233398	550.844971
1398.153320	380.449646
1397.073242	518.520569
1395.993164	611.703979
1394.913086	746.755188
1393.832031	557.673157
1392.750977	624.147827
1391.669922	843.407410
1390.588867	985.838013
1389.506836	751.083557
1388.425781	869.925598
1387.343750	879.872864
1386.261719	1107.097046
1385.178711	944.367432
1384.096680	1230.136597
1383.013672	1006.931519
1381.930664	1103.999756
1380.846680	1216.558228
1379.763672	852.179688
1378.679688	1255.524780
1377.595703	1293.317261
1376.511719	964.939331
1375.427734	1187.163940
1374.342773	1077.759155
1373.257813	862.545898
1372.172852	890.386902
1371.087891	790.156555
1370.001953	732.814758
1368.916992	996.537903
1367.831055	928.830261
1366.744141	935.511780
1365.658203	648.250610
1364.571289	569.877625
1363.484375	866.064453
1362.397461	723.464783
1361.310547	651.462708
1360.222656	763.055969
1359.135742	636.899780
1358.047852	767.992126
1356.958984	658.574829
1355.871094	507.351410
1354.782227	611.287170
1353.693359	670.738281
1352.604492	518.676880
1351.515625	582.580811
1350.425781	418.497162
1349.335938	763.487061
1348.246094	496.518463
1347.156250	476.309509
1346.066406	589.054810
1344.975586	520.717957
1343.884766	615.679810
1342.793945	851.920105
1341.702148	916.363647
1340.611328	757.869812
1339.519531	737.505676
1338.427734	855.399719
1337.334961	957.932068
1336.243164	972.357910
1335.150391	731.022339
1334.057617	1013.852295
1332.964844	1157.776733
1331.871094	899.074524
1330.778320	1031.310669
1329.684570	889.233337
1328.590820	978.976074
1327.496094	957.513367
1326.402344	833.415588
1325.307617	772.720276
1324.212891	741.097961
1323.117188	728.884705
1322.022461	828.747864
1320.926758	766.971802
1319.831055	338.966797
1318.735352	746.642273
1317.638672	802.123657
1316.542969	624.228088
1315.446289	368.423981
1314.349609	569.119507
1313.251953	469.719604
1312.155273	381.599518
1311.057617	469.630493
1309.959961	356.812225
1308.862305	547.682922
1307.763672	373.009155
1306.665039	586.856812
1305.566406	346.076569
1304.467773	347.392242
1303.369141	272.810760
1302.269531	472.218109
1301.169922	470.947418
1300.070313	518.296692
1298.970703	499.011139
1297.870117	302.869507
1296.769531	369.948883
1295.668945	182.549149
1294.568359	344.398010
1293.466797	346.004791
1292.366211	287.877563
1291.264648	311.280029
1290.162109	311.316986
1289.060547	351.720764
1287.958008	501.368652
1286.855469	319.403748
1285.752930	270.764618
1284.650391	232.233597
1283.546875	249.902420
1282.444336	455.799866
1281.339844	351.423706
1280.236328	444.504883
1279.132813	610.635132
1278.028320	715.228699
1276.923828	603.065002
1275.819336	632.820801
1274.713867	728.029663
1273.608398	628.252075
1272.503906	532.579712
1271.397461	591.069946
1270.291992	416.325775
1269.185547	467.893677
1268.080078	475.696045
1266.972656	601.868713
1265.866211	449.889252
1264.759766	452.306976
1263.652344	257.229828
1262.544922	310.352783
1261.436523	81.139313
1260.329102	17.103268
1259.220703	220.447830
1258.112305	61.231220
1257.003906	161.149826
1255.895508	-52.996468
1254.786133	114.933670
1253.676758	50.816730
1252.567383	-41.258327
1251.458008	17.313087
1250.347656	-10.476067
1249.237305	89.311172
1248.126953	128.298935
1247.016602	-204.682602
1245.905273	-25.625778
1244.793945	-38.485275
1243.682617	-89.046150
1242.571289	67.048157
1241.459961	4.505767
1240.347656	-61.735909
1239.235352	216.239471
1238.123047	68.031654
1237.009766	46.035099
1235.897461	161.583298
1234.784180	227.114502
1233.670898	113.790154
1232.556641	39.703964
1231.443359	147.159119
1230.329102	48.548035
1229.214844	90.088760
1228.099609	190.343781
1226.985352	271.120209
1225.870117	189.038925
1224.754883	410.251648
1223.639648	534.896179
1222.523438	285.209900
1221.408203	305.450012
1220.291992	351.002167
1219.174805	395.818604
1218.058594	350.607910
1216.941406	194.550491
1215.824219	114.704361
1214.707031	102.900734
1213.589844	174.513794
1212.471680	229.169525
1211.353516	185.342880
1210.235352	-15.635845
1209.117188	153.654419
1207.998047	216.512466
1206.878906	73.560791
1205.759766	-27.967014
1204.640625	-24.919361
1203.520508	68.871620
1202.401367	-34.475079
1201.281250	-16.155188
1200.160156	-39.043522
1199.040039	134.321777
1197.918945	-95.432831
1196.797852	174.937393
1195.676758	37.124104
1194.555664	-67.165436
1193.433594	16.541237
1192.311523	62.753586
1191.189453	-132.540817
1190.066406	-26.218220
1188.944336	11.244181
1187.821289	20.452999
1186.698242	69.834831
1185.574219	0.640313
1184.451172	-73.942513
1183.327148	-111.701736
1182.203125	-4.806342
1181.078125	-65.148361
1179.954102	151.746613
1178.829102	7.612756
1177.704102	-80.210007
1176.579102	-6.075831
1175.453125	5.545012
1174.327148	-5.590463
1173.201172	-95.483864
1172.075195	-79.709053
1170.949219	-117.251038
1169.822266	-34.367298
1168.695313	-103.199089
1167.568359	-116.908150
1166.440430	-53.070419
1165.313477	-46.066097
1164.185547	30.575571
1163.057617	-37.867519
1161.928711	-255.531982
1160.800781	45.683750
1159.671875	-18.777191
1158.541992	-10.213313
1157.413086	-112.495483
1156.283203	-16.469826
1155.154297	-74.856644
1154.023438	-235.946121
1152.893555	-78.193268
1151.763672	-148.430176
1150.632813	-54.095535
1149.501953	-82.700966
1148.370117	22.514963
1147.239258	-138.921356
1146.107422	-75.013939
1144.975586	-60.394325
1143.843750	-116.446777
1142.710938	119.614372
1141.578125	-102.292480
1140.445313	147.431839
1139.312500	60.812263
1138.178711	-25.296352
1137.045898	31.362717
1135.912109	-15.621519
1134.777344	8.734762
1133.643555	239.585068
1132.508789	37.234932
1131.374023	-27.141876
1130.239258	-12.656103
1129.104492	173.876434
1127.968750	122.067078
1126.833008	139.580978
1125.697266	189.047684
1124.560547	314.401611
1123.424805	319.721039
1122.288086	176.658356
1121.151367	232.849731
1120.013672	93.967705
1118.876953	166.929825
1117.739258	253.338318
1116.601563	228.698730
1115.462891	312.301575
1114.324219	45.787273
1113.186523	153.897034
1112.046875	-98.525543
1110.908203	98.412697
1109.769531	15.477819
1108.629883	12.023554
1107.490234	115.519768
1106.349609	13.137502
1105.209961	161.029037
1104.069336	279.551270
1102.928711	307.464386
1101.787109	3.977255
1100.646484	156.915527
1099.504883	60.024353
1098.363281	9.725268
1097.221680	118.111839
1096.079102	128.185715
1094.936523	131.515091
1093.793945	208.157440
1092.651367	178.446579
1091.507813	308.421051
1090.364258	371.985291
1089.220703	358.543427
1088.077148	348.627563
1086.933594	322.636993
1085.789063	390.889343
1084.644531	325.732697
1083.499023	253.008926
1082.354492	158.320969
1081.208984	264.613495
1080.063477	131.660553
1078.917969	57.839085
1077.771484	62.140156
1076.625977	-34.918674
1075.479492	257.817657
1074.332031	220.622406
1073.185547	108.814240
1072.038086	133.557678
1070.890625	201.164429
1069.743164	341.992889
1068.594727	-138.608810
1067.447266	299.208862
1066.298828	220.720276
1065.149414	-2.382357
1064.000977	70.063393
1062.851563	233.209457
1061.702148	-9.398520
1060.552734	95.112526
1059.402344	131.431137
1058.252930	139.004532
1057.102539	93.785873
1055.951172	141.983047
1054.800781	13.643259
1053.649414	297.071869
1052.498047	237.259354
1051.346680	275.273193
1050.194336	179.904984
1049.042969	8.519962
1047.890625	-70.190353
1046.738281	171.601746
1045.584961	168.502151
1044.431641	94.445129
1043.278320	362.188629
1042.125000	-85.294563
1040.971680	271.525970
1039.817383	190.426758
1038.663086	86.655861
1037.508789	-38.903740
1036.353516	337.769470
1035.198242	111.875839
1034.042969	358.369690
1032.887695	235.661346
1031.732422	213.164078
1030.576172	223.741913
1029.419922	270.833832
1028.263672	136.299408
1027.106445	302.100189
1025.949219	185.358917
1024.792969	206.193695
1023.634766	163.211075
1022.477539	141.468033
1021.319336	40.118546
1020.161133	215.663589
1019.002930	339.786011
1017.843750	128.419632
1016.684570	114.875175
1015.525391	67.828674
1014.366211	-139.628784
1013.207031	187.641739
1012.046875	-133.825607
1010.886719	-30.785252
1009.726563	9.937908
1008.565430	122.847603
1007.404297	35.402481
1006.243164	-25.236038
1005.082031	7.075898
1003.920898	-41.794224
1002.758789	-34.308720
1001.596680	104.671997
1000.433594	317.542938
999.271484	229.322586
998.108398	179.789871
996.945313	-149.073608
995.782227	-91.176712
994.618164	-178.106094
993.454102	34.056538
992.290039	-109.986351
991.125977	-84.231483
989.960938	-188.882874
988.796875	-50.176029
987.630859	-7.936728
986.465820	-39.679310
985.300781	97.889236
984.134766	-187.332779
982.968750	-131.316284
981.801758	15.020535
980.635742	-109.338402
979.468750	-110.361717
978.301758	96.200577
977.133789	26.014093
975.966797	-45.102894
974.798828	-147.515839
973.630859	-116.969681
972.461914	103.190300
971.293945	43.245598
970.125000	-20.233028
968.956055	252.877808
967.786133	182.589111
966.617188	202.713028
965.447266	182.673462
964.276367	-136.295914
963.106445	82.282341
961.935547	83.553581
960.764648	215.249893
959.593750	7.608030
958.422852	237.254349
957.250977	164.318665
956.079102	-47.070282
954.907227	-42.636703
953.734375	-207.938400
952.562500	37.823074
951.389648	6.370515
950.215820	191.197388
949.042969	61.606277
947.869141	118.860771
946.695313	189.272552
945.521484	-9.441194
944.346680	-110.915688
943.172852	-196.795273
941.998047	-32.595020
940.822266	95.599449
939.647461	-26.246628
938.471680	-2.596759
937.295898	-242.325516
936.119141	-259.470734
934.943359	65.329582
933.766602	-97.559227
932.589844	109.870216
931.413086	227.759918
930.235352	-101.345078
929.057617	-95.875786
927.879883	-146.620850
926.702148	47.688683
925.523438	78.546936
924.344727	-0.341219
923.166016	-63.942181
921.987305	-43.359062
920.807617	97.068146
919.627930	99.938965
919.497070	71.972466
918.331055	-175.299866
917.165039	-144.669006
915.999023	-19.789825
914.833008	-68.251801
913.666016	-47.942955
912.499023	-119.360313
911.332031	-30.358967
910.165039	78.942307
908.997070	139.810654
907.830078	22.486296
906.661133	-199.130539
905.493164	-74.736221
904.325195	100.444168
903.156250	-136.394638
901.987305	20.877520
900.818359	-2.402113
899.648438	-89.227333
898.478516	-66.795097
897.308594	11.484785
896.138672	64.309921
894.968750	40.915020
893.797852	-45.958488
892.626953	-102.365860
891.456055	-24.284311
890.284180	-12.220528
889.113281	-81.356461
887.941406	72.681847
886.768555	69.434692
885.596680	58.559097
884.423828	-243.793762
883.250977	97.571007
882.078125	195.565811
880.905273	410.012238
879.731445	143.198303
878.557617	296.761353
877.383789	280.639160
876.209961	115.184563
875.035156	-50.221729
873.860352	-41.026318
872.685547	124.960526
871.510742	-73.281441
870.334961	115.358887
869.159180	271.042389
867.983398	206.776138
866.807617	347.177612
865.630859	156.577515
864.454102	-21.334885
863.277344	283.105682
862.100586	221.335022
860.922852	3.080268
859.745117	221.474075
858.567383	371.638733
857.389648	176.136948
856.210938	250.554214
855.032227	224.065201
853.853516	328.661346
852.674805	143.342819
851.495117	235.280991
850.315430	-7.919748
849.135742	106.648987
847.956055	75.086990
846.775391	-105.031136
845.595703	92.513100
844.415039	81.063034
843.233398	145.093399
842.052734	-42.500469
840.871094	114.565086
839.689453	45.220707
838.506836	-44.222790
837.325195	120.242294
836.142578	-1.881733
834.959961	285.602417
833.777344	150.905762
832.593750	290.022644
831.410156	115.174805
830.226563	384.767578
829.042969	184.842087
827.858398	228.418976
826.673828	392.398651
825.489258	333.036133
824.304688	135.740616
823.120117	-11.336401
821.934570	37.182045
820.749023	103.212059
819.562500	129.107147
818.376953	195.064743
817.190430	135.735168
816.003906	164.072617
814.817383	305.060516
813.629883	268.235931
812.442383	186.362625
811.254883	-30.617949
810.067383	-54.879616
808.878906	-126.669579
807.690430	-23.386131
806.501953	187.354523
805.313477	103.021111
804.124023	93.687683
802.934570	124.325096
801.745117	179.918671
800.555664	145.558243
799.365234	318.467194
798.175781	236.628357
796.985352	119.865456
795.793945	399.945007
794.603516	210.809860
793.412109	183.891083
792.220703	331.555084
791.028320	312.075958
789.836914	140.513748
788.644531	332.920532
787.452148	273.539703
786.258789	126.966522
785.066406	97.516075
783.873047	38.178768
782.679688	128.248795
781.485352	118.690536
780.291992	109.120857
779.097656	462.848419
777.903320	301.420410
776.708008	281.826508
775.512695	45.868774
774.318359	108.354172
773.122070	-33.038136
771.926758	34.377686
770.730469	158.901321
769.534180	251.061432
768.337891	191.657700
767.141602	191.861832
765.944336	82.808884
764.747070	254.275604
763.549805	68.290169
762.351563	217.324463
761.154297	85.965462
759.956055	190.257690
758.757813	244.896881
757.558594	116.042397
756.359375	76.452477
755.160156	249.976578
753.960938	59.209217
752.761719	242.536957
751.561523	84.008713
750.361328	289.501923
749.160156	-47.242157
747.959961	190.330490
746.758789	229.827560
745.557617	73.846275
744.356445	93.525108
743.154297	4.367924
741.952148	-32.852226
740.750000	-30.527147
739.547852	-107.306458
738.344727	28.419113
737.142578	13.375707
735.939453	-36.259945
734.735352	-189.606262
733.532227	74.314941
732.328125	-165.423218
731.124023	-5.306355
729.918945	90.572525
728.714844	43.318699
727.509766	-176.572983
726.303711	-51.197521
725.098633	-226.649719
723.892578	-227.061813
722.686523	-284.172211
721.480469	114.488609
720.274414	-90.503418
719.067383	-135.365479
717.860352	73.360374
716.653320	-30.644444
715.445313	-65.721199
714.238281	-83.585472
713.030273	-192.487961
711.821289	-313.668213
710.613281	-334.004730
709.404297	-108.513039
708.195313	-138.769180
706.986328	-19.134695
705.776367	46.369301
704.566406	-40.478714
703.356445	-16.801987
702.146484	11.746941
700.935547	-200.319916
699.724609	63.818008
698.513672	-91.788704
697.302734	-92.800385
696.090820	95.026337
694.878906	-109.621666
693.666992	-152.394958
692.455078	-403.536896
691.242188	-59.072708
690.029297	-285.685547
688.816406	53.649807
687.602539	-214.588043
686.389648	-157.068710
685.175781	113.386810
683.960938	85.083015
682.747070	-94.961105
681.532227	-49.871334
680.317383	-161.383331
679.102539	128.198059
677.886719	77.759521
676.670898	10.199249
675.455078	113.718292
674.239258	-107.827003
673.022461	227.695038
671.805664	81.872200
670.588867	165.624329
669.372070	210.246216
668.154297	140.090225
666.936523	231.001068
665.718750	75.407387
664.500977	46.697796
663.282227	113.081955
662.063477	89.185974
660.844727	216.414108
659.625000	124.193748
658.405273	192.809296
657.185547	173.656235
655.965820	91.146667
654.745117	201.026260
653.525391	201.261612
652.303711	264.751831
651.083008	267.341034
649.861328	301.525299
648.640625	452.434631
647.417969	542.437500
646.196289	386.771027
644.973633	308.933014
643.750977	408.533539
642.528320	272.333374
641.305664	257.640259
640.082031	174.903717
638.858398	70.312035
637.634766	208.540131
636.410156	67.504295
635.185547	91.535492
633.960938	375.165100
632.736328	6.038752
631.510742	352.563934
630.285156	485.509247
629.059570	118.919716
627.833984	307.545593
626.607422	282.793243
625.380859	342.823059
624.154297	397.950592
622.927734	283.489624
621.700195	331.279083
620.472656	546.058533
619.245117	233.073380
618.016602	300.107849
616.788086	260.632080
615.559570	504.148285
614.331055	575.830627
613.101563	188.065796
611.872070	266.975464
610.642578	145.229828
609.413086	233.723785
608.182617	174.788376
606.952148	79.621513
605.721680	117.278229
604.491211	268.360474
603.259766	308.318390
602.028320	273.425201
600.796875	59.981136
599.564453	169.831818
598.332031	134.909729
597.099609	51.756329
595.867188	260.299774
594.633789	148.182571
593.400391	175.847061
592.166992	87.839638
590.933594	269.608978
589.699219	191.203857
588.464844	331.898712
587.230469	347.347382
585.995117	90.827110
584.760742	289.136536
583.525391	278.060028
582.289063	190.007294
581.053711	727.139404
579.817383	251.953583
578.581055	267.256744
577.343750	99.910995
576.107422	170.463318
574.870117	272.191132
573.631836	217.766907
572.394531	211.372391
571.156250	84.945160
569.917969	241.741470
568.679688	26.558794
567.440430	60.933109
566.202148	71.300217
564.961914	160.774551
563.722656	53.623817
562.482422	107.092140
561.243164	285.137848
560.001953	185.183960
558.761719	99.639816
557.520508	-96.034630
556.279297	45.953121
555.038086	58.614475
553.795898	289.042999
552.554688	373.417816
551.311523	96.529060
550.069336	25.440453
548.826172	281.966431
547.583984	208.474548
546.339844	166.078217
545.096680	95.028656
543.852539	28.783848
542.608398	301.749573
541.364258	-63.018776
540.119141	243.277405
538.875000	107.840660
537.628906	63.149609
536.383789	209.367538
535.137695	-11.846412
533.892578	31.779562
532.645508	68.233902
531.399414	33.162201
530.152344	10.027357
528.905273	139.421570
527.658203	-14.745376
526.410156	-75.942429
525.163086	-108.523949
523.914063	-22.040451
522.666016	-23.656157
521.416992	10.436594
520.167969	65.941185
518.918945	-168.790329
517.669922	-194.110992
516.419922	-212.275894
515.169922	-66.382545
513.919922	-201.004745
512.668945	-38.514809
511.417969	-116.038658
510.166992	3.636950
508.916016	-88.079460
507.664063	-77.649094
506.412109	-117.056442
505.160156	-139.817856
503.907227	36.757771
502.655273	54.335739
501.402344	64.804817
500.148438	68.172012
498.895508	19.401266
497.641602	-69.627441
496.387695	-229.690964
495.132813	32.045216
493.878906	196.572113
492.624023	-112.589691
491.368164	-4.895386
490.113281	41.224926
488.857422	-38.091042
487.601563	-3.781677
486.344727	125.150421
485.088867	246.950623
483.832031	54.219463
482.575195	10.524128
481.317383	-189.136169
480.059570	-93.312546
478.801758	42.645729
477.543945	-50.559933
476.285156	-124.824074
475.027344	145.667343
473.767578	-27.729778
472.508789	-120.800972
471.249023	-187.870926
469.989258	65.916870
468.729492	-29.453444
467.469727	177.042236
466.208984	-29.107349
464.948242	57.096508
463.686523	-85.313683
462.425781	-25.052107
461.164063	61.089184
459.901367	142.475586
458.639648	150.835037
457.376953	-24.423647
456.114258	-147.843384
454.851563	-17.110937
453.587891	-154.624268
452.324219	88.908348
451.060547	118.339890
449.796875	60.755642
448.532227	294.610626
447.267578	168.810471
446.002930	226.281876
444.737305	208.528259
443.471680	47.497898
442.206055	203.450134
440.940430	28.320963
439.673828	348.389526
438.407227	269.398560
437.140625	232.610825
435.873047	207.503098
434.605469	53.379364
433.337891	161.809494
432.070313	328.713806
430.801758	272.857391
429.533203	526.182434
428.264648	423.292297
426.996094	-23.877651
425.726563	437.431793
424.457031	219.635056
423.186523	266.262299
421.916992	170.034683
420.646484	127.525650
419.375977	274.338593
418.104492	441.993744
416.833008	284.500580
415.561523	337.269257
414.290039	544.078857
413.017578	722.597717
411.746094	569.214050
410.472656	569.827515
409.200195	803.720093
407.926758	372.090698
406.653320	516.845337
405.379883	719.651123
404.105469	485.949219
402.831055	429.356293
401.556641	342.236969
400.282227	541.626526
399.006836	363.113617
397.731445	424.401611
396.456055	480.723114
395.179688	338.753265
393.903320	254.753677
392.626953	207.723740
391.350586	246.506287
390.073242	329.137573
388.795898	367.177704
387.518555	216.429581
386.240234	200.240082
384.961914	169.715073
383.683594	334.055847
382.405273	-55.203701
381.125977	298.774933
379.846680	261.891296
378.567383	368.551361
377.287109	54.398998
376.006836	104.355209
374.726563	142.171463
373.446289	174.800018
372.165039	137.257629
370.883789	122.358772
369.602539	208.917770
368.320313	-90.036522
367.039063	377.764832
365.755859	263.021393
364.473633	258.892700
363.190430	87.289223
361.907227	74.855576
360.624023	205.258499
359.340820	54.757023
358.056641	234.495239
356.772461	33.886532
355.487305	80.063980
354.202148	120.758484
352.916992	241.504929
351.631836	229.534897
350.346680	-99.999588
349.060547	34.133072
347.774414	-40.690144
346.487305	-121.117195
345.200195	76.900040
343.913086	239.150421
342.625977	74.773750
341.338867	31.678822
340.050781	54.349354
338.762695	-120.239807
337.473633	63.805084
336.184570	-9.410835
334.895508	105.175285
333.606445	89.341492
332.317383	235.788986
331.027344	-142.195267
329.736328	-175.958496
328.446289	-146.634430
327.155273	-252.370712
325.864258	-90.266899
324.573242	-65.565468
323.281250	-217.370453
321.989258	-122.312515
320.697266	-26.671568
319.405273	28.123285
318.112305	-112.010864
316.819336	74.767746
315.526367	312.466095
314.232422	178.254364
312.938477	65.128174
311.644531	97.026520
310.349609	-66.022209
309.054688	177.472412
307.759766	-42.521057
306.464844	260.785400
305.168945	169.427658
303.873047	36.836216
302.577148	206.896851
301.281250	525.775635
299.984375	356.143097
