1999.946289	-73.115913
1998.981445	85.317444
1998.017578	122.924347
1997.052734	-10.307632
1996.088867	111.877167
1995.124023	-33.364819
1994.159180	-42.178211
1993.193359	23.446569
1992.228516	-22.215200
1991.262695	110.502380
1990.296875	258.157562
1989.331055	173.292831
1988.365234	31.687035
1987.398438	-65.223061
1986.432617	-110.039246
1985.465820	-162.143250
1984.499023	70.180122
1983.532227	-6.434316
1982.565430	-107.628059
1981.597656	1.328840
1980.629883	-13.172757
1979.662109	-84.380539
1978.694336	-160.410263
1977.726563	106.856735
1976.758789	-8.504706
1975.790039	167.481476
1974.821289	-61.199234
1973.852539	43.338749
1972.883789	56.643192
1971.915039	18.221905
1970.945313	307.820221
1969.975586	-80.573463
1969.005859	78.425781
1968.036133	161.028198
1967.066406	228.872787
1966.096680	-1.331090
1965.125977	83.861877
1964.155273	1.618789
1963.184570	22.859163
1962.213867	73.675438
1961.242188	-84.685898
1960.271484	-149.441238
1959.299805	73.711456
1958.328125	55.757687
1957.356445	-28.558451
1956.384766	98.650734
1955.412109	122.588333
1954.439453	-86.961235
1953.467773	-107.179436
1952.495117	2.856697
1951.521484	-66.457977
1950.548828	6.730332
1949.575195	-8.494964
1948.601563	-188.195023
1947.627930	-26.602810
1946.654297	41.681568
1945.680664	46.152771
1944.706055	259.170868
1943.732422	187.581924
1942.757813	91.503067
1941.783203	54.316685
1940.807617	78.438705
1939.833008	134.421326
1938.857422	-86.535088
1937.881836	72.372856
1936.906250	98.937057
1935.930664	-75.346466
1934.955078	-36.518764
1933.978516	21.879335
1933.001953	-179.223602
1932.025391	-0.899788
1931.048828	40.321587
1930.072266	174.492401
1929.094727	330.620789
1928.118164	249.460541
1927.140625	53.400833
1926.163086	52.981800
1925.184570	-125.875252
1924.207031	-55.407616
1923.228516	0.363822
1922.250000	219.777161
1921.271484	28.769308
1920.292969	-152.410324
1919.314453	64.433037
1918.334961	193.302826
1917.355469	148.829315
1916.375977	123.879196
1915.396484	113.562363
1914.416992	71.525841
1913.436523	48.997723
1912.457031	-12.548778
1911.476563	38.052937
1910.496094	-16.189680
1909.515625	-89.923462
1908.534180	-90.553108
1907.552734	76.887917
1906.572266	25.046890
1905.590820	75.481926
1904.608398	79.619469
1903.626953	-1.459393
1902.644531	78.101250
1901.663086	57.848385
1900.680664	22.986530
1899.698242	63.522507
1898.714844	72.407066
1897.732422	173.667862
1896.749023	12.314994
1895.765625	-51.772541
1894.782227	200.062363
1893.798828	172.368439
1892.814453	171.385437
1891.831055	119.378616
1890.846680	-102.612793
1889.862305	-120.601204
1888.877930	140.550034
1887.892578	66.660744
1886.908203	-104.280937
1885.922852	-1.036722
1884.937500	46.358669
1883.952148	-29.965876
1882.965820	77.991020
1881.980469	149.525375
1880.994141	177.382156
1880.007813	-114.672470
1879.021484	85.205284
1878.035156	-58.997265
1877.047852	-50.583500
1876.061523	-78.514954
1875.074219	-159.721664
1874.086914	-64.215607
1873.098633	-82.514091
1872.111328	100.009407
1871.123047	241.315353
1870.135742	-55.251881
1869.147461	-141.335419
1868.158203	161.870407
1867.169922	-13.707852
1866.180664	-174.740784
1865.192383	41.246094
1864.203125	71.092873
1863.213867	79.166718
1862.223633	-108.413124
1861.234375	-78.616356
1860.244141	100.830574
1859.253906	-23.949221
1858.263672	131.246490
1857.273438	-77.983559
1856.282227	-7.313204
1855.291992	193.560547
1854.300781	68.780167
1853.309570	-34.274277
1852.317383	50.717457
1851.326172	171.813400
1850.333984	47.049416
1849.342773	170.470917
1848.350586	84.257271
1847.357422	116.064758
1846.365234	58.749439
1845.372070	11.065763
1844.379883	-128.083267
1843.386719	230.955154
1842.393555	-26.122293
1841.399414	-52.181110
1840.406250	61.255070
1839.412109	80.842842
1838.417969	-79.917358
1837.423828	-50.732471
1836.429688	-4.752805
1835.434570	-90.972870
1834.440430	-13.806733
1833.445313	149.781876
1832.450195	125.968285
1831.454102	-121.161034
1830.458984	44.702648
1829.462891	-3.135999
1828.466797	165.004288
1827.470703	81.136253
1826.474609	23.669167
1825.478516	-62.575630
1824.481445	-48.092842
1823.484375	-28.837864
1822.487305	-146.240326
1821.490234	-95.853889
1820.493164	100.661346
1819.495117	-28.732380
1818.498047	-2.400814
1817.500000	110.113647
1816.500977	83.693810
1815.502930	-134.242783
1814.504883	-19.425327
1813.505859	71.398323
1812.506836	-86.652855
1811.507813	51.957291
1810.508789	-41.490929
1809.508789	-111.012024
1808.508789	75.284508
1807.508789	89.392822
1806.508789	77.190865
1805.508789	158.162064
1804.508789	45.582767
1803.507813	73.946205
1802.506836	47.356808
1801.505859	-67.578979
1800.504883	-151.456848
1799.502930	65.396973
1798.501953	160.457169
1797.500000	69.373039
1796.498047	-129.033112
1795.496094	111.432060
1794.493164	-234.778442
1793.491211	96.171494
1792.488281	-35.423454
1791.485352	54.636993
1790.482422	30.281527
1789.478516	-41.728352
1788.475586	162.552017
1787.471680	-71.415871
1786.467773	-83.898460
1785.463867	58.328808
1784.459961	183.824493
1783.455078	199.798264
1782.450195	106.313751
1781.445313	181.723480
1780.440430	47.815475
1779.435547	51.842621
1778.429688	-65.389832
1777.424805	2.793569
1776.418945	-78.776909
1775.413086	196.039658
1774.406250	-125.489639
1773.400391	-57.423615
1772.393555	91.326675
1771.386719	183.025238
1770.379883	-7.785019
1769.373047	190.650711
1768.365234	196.802551
1767.358398	-79.358833
1766.350586	38.277744
1765.342773	6.456852
1764.334961	292.324890
1763.326172	158.497437
1762.318359	-58.244186
1761.309570	113.674919
1760.300781	-84.065048
1759.291016	-47.260731
1758.282227	-72.058372
1757.272461	4.940995
1756.262695	143.440094
1755.252930	12.050151
1754.243164	-131.141998
1753.233398	-70.831749
1752.222656	-34.223118
1751.211914	-132.454117
1750.201172	-100.617592
1749.190430	-47.536907
1748.179688	149.685318
1747.167969	41.954372
1746.156250	99.636223
1745.144531	69.869446
1744.132813	89.692039
1743.121094	38.642967
1742.108398	-38.382351
1741.095703	-84.713158
1740.083008	53.036190
1739.070313	84.528687
1738.057617	167.889236
1737.043945	-79.027855
1736.030273	-9.865211
1735.016602	12.090941
1734.002930	177.816086
1732.989258	161.974213
1731.974609	-190.862717
1730.959961	-44.113583
1729.945313	114.333824
1728.930664	-193.613373
1727.916016	-37.597824
1726.900391	123.038284
1725.885742	198.859863
1724.870117	180.491241
1723.853516	98.575836
1722.837891	-25.671930
1721.822266	155.858871
1720.805664	97.439240
1719.789063	215.346786
1718.772461	173.343170
1717.754883	-12.031164
1716.738281	4.719740
1715.720703	-46.693233
1714.703125	200.188309
1713.685547	228.552780
1712.667969	130.095398
1711.649414	193.621170
1710.630859	90.459679
1709.612305	-80.736794
1708.593750	118.792419
1707.575195	-12.518181
1706.555664	39.118736
1705.536133	318.152008
1704.516602	93.026886
1703.497070	60.158348
1702.477539	81.176224
1701.457031	-10.306080
1700.437500	132.476639
1699.416992	228.332275
1698.395508	-99.709991
1697.375000	-76.473679
1696.354492	349.330383
1695.333008	107.965820
1694.311523	177.863220
1693.290039	158.811600
1692.267578	219.259140
1691.246094	455.047668
1690.223633	279.223907
1689.201172	208.631638
1688.178711	28.196642
1687.155273	81.465614
1686.132813	379.995453
1685.109375	241.591492
1684.085938	61.177715
1683.062500	420.162323
1682.039063	260.740601
1681.014648	75.675949
1679.990234	250.017456
1678.965820	209.623535
1677.941406	327.836945
1676.916992	490.288574
1675.891602	309.884277
1674.866211	134.185028
1673.840820	163.639038
1672.815430	314.235626
1671.790039	257.383972
1670.763672	251.770187
1669.737305	472.049011
1668.710938	401.143372
1667.684570	379.130463
1666.658203	464.171448
1665.630859	304.790222
1664.603516	312.972717
1663.576172	442.094025
1662.548828	422.283112
1661.520508	744.286438
1660.493164	503.499939
1659.464844	797.416504
1658.436523	661.238953
1657.408203	778.363892
1656.378906	1030.156860
1655.350586	1091.367554
1654.321289	1117.689697
1653.291992	976.804016
1652.261719	1054.151978
1651.232422	897.035400
1650.202148	911.664368
1649.171875	1046.905151
1648.141602	1056.809814
1647.111328	908.984619
1646.080078	974.506042
1645.049805	810.476807
1644.018555	1042.822632
1642.987305	827.807495
1641.955078	714.787781
1640.923828	798.691589
1639.891602	785.262085
1638.859375	1003.367615
1637.827148	848.634338
1636.794922	807.354431
1635.761719	708.206604
1634.729492	761.788025
1633.696289	806.065308
1632.662109	706.899902
1631.628906	619.318848
1630.594727	781.433105
1629.561523	818.647888
1628.527344	860.441162
1627.493164	953.029297
1626.458008	798.367126
1625.423828	821.596436
1624.388672	897.902039
1623.353516	918.746521
1622.318359	958.027527
1621.282227	884.178528
1620.247070	854.185913
1619.210938	944.142761
1618.174805	1107.855469
1617.137695	999.355103
1616.101563	1024.613525
1615.064453	1001.425842
1614.027344	1194.876831
1612.990234	1312.191406
1611.953125	1143.760498
1610.916016	1240.270874
1609.877930	1184.723145
1608.839844	1442.323364
1607.801758	1181.836304
1606.763672	1379.458618
1605.724609	1457.318970
1604.685547	1408.591919
1603.646484	1362.167603
1602.607422	1327.243530
1601.568359	1430.281860
1600.528320	1287.270630
1599.489258	1663.766113
1598.449219	1350.679443
1597.408203	1517.891724
1596.368164	1643.683105
1595.327148	1388.151855
1594.287109	1396.782593
1593.246094	1244.683350
1592.204102	1303.796631
1591.163086	1404.190186
1590.121094	1199.361450
1589.079102	1311.175049
1588.037109	1416.052246
1586.995117	984.289307
1585.953125	1082.289917
1584.910156	1150.436279
1583.867188	1195.628296
1582.824219	1169.761597
1581.781250	1157.641479
1580.737305	1200.481323
1579.693359	1142.536133
1578.649414	1027.367920
1577.605469	1202.948730
1576.561523	1145.014404
1575.516602	1084.801758
1574.472656	880.484741
1573.427734	980.443970
1572.381836	1089.499023
1571.336914	1116.203125
1570.291016	1012.585938
1569.246094	758.170349
1568.200195	1063.678589
1567.153320	985.244812
1566.107422	824.617432
1565.060547	967.774475
1564.013672	1154.254517
1562.966797	680.932007
1561.919922	817.180420
1560.872070	941.959290
1559.825195	900.148743
1558.777344	878.877441
1557.729492	679.730591
1556.680664	813.553528
1555.632813	858.424744
1554.583984	809.825256
1553.535156	610.850220
1552.486328	915.463013
1551.436523	834.994263
1550.387695	886.657166
1549.337891	706.046143
1548.288086	739.505310
1547.238281	702.397522
1546.187500	808.667725
1545.136719	625.955872
1544.086914	684.449829
1543.035156	547.327393
1541.984375	421.642181
1540.933594	623.382202
1539.881836	718.217163
1538.830078	549.415833
1537.778320	860.091064
1536.725586	525.515137
1535.673828	754.332520
1534.621094	603.858765
1533.568359	510.212219
1532.515625	779.783081
1531.461914	656.656189
1530.409180	554.017883
1529.355469	614.756104
1528.301758	682.290039
1527.247070	695.383179
1526.193359	724.364441
1525.138672	442.809357
1524.083984	557.971008
1523.029297	478.248291
1521.974609	681.740356
1520.918945	525.048889
1519.863281	456.750092
1518.807617	517.544617
1517.751953	426.679169
1516.696289	342.659119
1515.639648	371.818573
1514.583008	315.024750
1513.526367	274.108185
1512.469727	382.475647
1511.412109	314.471222
1510.355469	201.315628
1509.297852	140.201324
1508.240234	228.263840
1507.181641	264.352173
1506.124023	318.527740
1505.065430	185.274200
1504.006836	239.490631
1502.948242	22.841629
1501.888672	25.212484
1500.830078	162.998291
1499.770508	-3.796521
1498.710938	3.176247
1497.650391	-125.130623
1496.590820	-70.729523
1495.530273	206.834457
1494.469727	98.940598
1493.409180	-71.968185
1492.348633	142.450409
1491.287109	-53.114304
1490.225586	-25.629833
1489.164063	-25.138641
1488.102539	-303.735931
1487.041016	-6.048108
1485.978516	-160.715805
1484.916016	-40.786797
1483.853516	-244.834778
1482.791016	48.252083
1481.727539	224.348953
1480.664063	222.843445
1479.600586	-23.588150
1478.537109	-40.637718
1477.473633	41.119061
1476.409180	-56.765697
1475.344727	58.752659
1474.280273	-27.642771
1473.215820	29.473307
1472.151367	-56.822453
1471.085938	-161.061722
1470.020508	75.610481
1468.955078	-194.060242
1467.888672	-164.045883
1466.823242	-99.534813
1465.756836	-144.965546
1464.690430	17.490288
1463.624023	-124.349457
1462.556641	-93.279793
1461.490234	241.395218
1460.422852	198.247238
1459.355469	35.159107
1458.287109	-32.948177
1457.219727	182.997864
1456.151367	100.030228
1455.083008	66.511032
1454.014648	62.323517
1452.945313	-84.968506
1451.876953	-154.212006
1450.807617	133.487808
1449.738281	363.887329
1448.668945	159.963516
1447.598633	194.594894
1446.528320	339.569885
1445.458008	362.545197
1444.387695	461.587555
1443.317383	560.409363
1442.246094	517.005493
1441.174805	596.923950
1440.103516	776.406250
1439.032227	697.924561
1437.960938	808.803345
1436.888672	686.628784
1435.816406	780.801880
1434.744141	771.170776
1433.670898	809.738586
1432.598633	792.751099
1431.525391	430.131348
1430.452148	366.053589
1429.378906	502.582642
1428.304688	412.752228
1427.231445	406.580933
1426.157227	459.553864
1425.083008	531.399658
1424.007813	579.819336
1422.933594	756.869995
1421.858398	3531.123047
1420.783203	2305.193848
1419.708008	640.739868
1418.631836	547.918213
1417.555664	572.862488
1416.479492	551.087585
1415.403320	661.610352
1414.327148	643.526855
1413.250000	488.369568
1412.173828	583.582092
1411.096680	424.550629
1410.018555	259.464050
1408.941406	249.132751
1407.863281	463.918823
1406.785156	157.974655
1405.707031	187.574860
1404.628906	291.181580
1403.549805	369.860077
1402.470703	208.026154
1401.391602	197.349899
1400.312500	218.565887
1399.233398	60.583508
1398.153320	324.494720
1397.073242	253.264694
1395.993164	234.884842
1394.913086	32.306484
1393.832031	-5.349834
1392.750977	74.811440
1391.669922	200.613693
1390.588867	6.594202
1389.506836	99.888367
1388.425781	82.497337
1387.343750	169.108841
1386.261719	-3.176902
1385.178711	-2.901983
1384.096680	177.712494
1383.013672	2.282535
1381.930664	117.819160
1380.846680	82.466103
1379.763672	325.622772
1378.679688	185.935959
1377.595703	215.634186
1376.511719	300.360077
1375.427734	75.927177
1374.342773	180.050873
1373.257813	245.349045
1372.172852	151.850021
1371.087891	156.754074
1370.001953	7.941828
1368.916992	255.249786
1367.831055	260.263519
1366.744141	45.705879
1365.658203	316.979340
1364.571289	340.422791
1363.484375	335.330170
1362.397461	275.075531
1361.310547	333.060150
1360.222656	192.959259
1359.135742	345.227142
1358.047852	175.494507
1356.958984	94.069130
1355.871094	415.245728
1354.782227	280.912201
1353.693359	574.935059
1352.604492	448.710754
1351.515625	436.917908
1350.425781	493.459778
1349.335938	569.361755
1348.246094	266.459625
1347.156250	446.387146
1346.066406	372.612946
1344.975586	502.191925
1343.884766	316.589539
1342.793945	236.556656
1341.702148	380.798767
1340.611328	441.492401
1339.519531	227.895416
1338.427734	75.595001
1337.334961	166.367203
1336.243164	84.409447
1335.150391	18.068035
1334.057617	132.568497
1332.964844	5.187990
1331.871094	157.812241
1330.778320	195.643845
1329.684570	215.623474
1328.590820	193.327866
1327.496094	121.804123
1326.402344	175.493530
1325.307617	134.392960
1324.212891	317.532898
1323.117188	97.873840
1322.022461	200.638718
1320.926758	44.885418
1319.831055	-10.388026
1318.735352	13.893306
1317.638672	132.490906
1316.542969	21.102671
1315.446289	15.114225
1314.349609	-43.697445
1313.251953	-5.335274
1312.155273	41.589516
1311.057617	-52.251816
1309.959961	52.698689
1308.862305	-56.963608
1307.763672	18.001814
1306.665039	166.038437
1305.566406	-152.440002
1304.467773	-87.154602
1303.369141	-3.144763
1302.269531	168.899628
1301.169922	34.595558
1300.070313	94.849876
1298.970703	237.319412
1297.870117	131.578186
1296.769531	-222.659439
1295.668945	15.511422
1294.568359	266.378448
1293.466797	93.145706
1292.366211	-7.123499
1291.264648	41.876926
1290.162109	32.830307
1289.060547	19.161882
1287.958008	34.192715
1286.855469	48.001865
1285.752930	46.232437
1284.650391	130.931824
1283.546875	-83.979637
1282.444336	12.455832
1281.339844	-35.244766
1280.236328	242.472870
1279.132813	-4.717950
1278.028320	70.573090
1276.923828	96.904999
1275.819336	152.464767
1274.713867	149.538345
1273.608398	45.677750
1272.503906	269.088074
1271.397461	66.707611
1270.291992	108.065773
1269.185547	57.749962
1268.080078	-11.015862
1266.972656	105.574303
1265.866211	171.836411
1264.759766	179.144592
1263.652344	139.603546
1262.544922	121.843887
1261.436523	17.516310
1260.329102	103.131226
1259.220703	-72.226135
1258.112305	-89.363861
1257.003906	-11.708306
1255.895508	-24.068651
1254.786133	-21.177727
1253.676758	97.493095
1252.567383	-64.818497
1251.458008	55.561714
1250.347656	190.534821
1249.237305	202.173233
1248.126953	333.091553
1247.016602	192.684723
1245.905273	295.485779
1244.793945	346.061096
1243.682617	328.757751
1242.571289	360.039917
1241.459961	375.256592
1240.347656	579.304321
1239.235352	423.559784
1238.123047	509.415924
1237.009766	508.496887
1235.897461	466.187286
1234.784180	346.663788
1233.670898	477.848846
1232.556641	483.079590
1231.443359	280.191528
1230.329102	352.486633
1229.214844	347.339294
1228.099609	132.757690
1226.985352	200.958939
1225.870117	326.102600
1224.754883	273.889160
1223.639648	196.635361
1222.523438	106.272308
1221.408203	222.941650
1220.291992	248.567856
1219.174805	210.195251
1218.058594	358.808105
1216.941406	125.144470
1215.824219	241.804062
1214.707031	281.286194
1213.589844	157.348038
1212.471680	297.025360
1211.353516	251.534973
1210.235352	187.827362
1209.117188	286.058105
1207.998047	191.781631
1206.878906	347.338684
1205.759766	295.401398
1204.640625	259.117584
1203.520508	197.007523
1202.401367	296.334229
1201.281250	213.007187
1200.160156	234.819717
1199.040039	409.633362
1197.918945	216.924088
1196.797852	321.587189
1195.676758	28.594610
1194.555664	245.075577
1193.433594	190.092514
1192.311523	152.358017
1191.189453	269.109680
1190.066406	134.974426
1188.944336	194.943451
1187.821289	49.713669
1186.698242	64.670471
1185.574219	138.672241
1184.451172	20.174032
1183.327148	31.031946
1182.203125	57.867699
1181.078125	163.470352
1179.954102	136.650406
1178.829102	19.244455
1177.704102	-150.734177
1176.579102	-104.120171
1175.453125	-158.200577
1174.327148	-256.086151
1173.201172	-110.291229
1172.075195	-115.930717
1170.949219	29.574806
1169.822266	-272.563721
1168.695313	-275.014587
1167.568359	-151.611496
1166.440430	-117.945244
1165.313477	-98.387932
1164.185547	-148.865631
1163.057617	-75.154068
1161.928711	-131.668274
1160.800781	-61.649464
1159.671875	-64.635056
1158.541992	-53.054424
1157.413086	-335.682892
1156.283203	-227.705414
1155.154297	-32.604286
1154.023438	-153.394943
1152.893555	-317.437225
1151.763672	-200.142288
1150.632813	-74.904724
1149.501953	-234.835083
1148.370117	-170.671722
1147.239258	-139.274734
1146.107422	24.555569
1144.975586	-184.721024
1143.843750	-5.763301
1142.710938	10.056542
1141.578125	38.689575
1140.445313	-36.298386
1139.312500	-65.301460
1138.178711	39.312977
1137.045898	-56.869541
1135.912109	-165.476730
1134.777344	-312.354889
1133.643555	113.418495
1132.508789	32.267418
1131.374023	28.529829
1130.239258	-87.904190
1129.104492	30.433580
1127.968750	44.880711
1126.833008	-47.598747
1125.697266	-45.793411
1124.560547	-22.665552
1123.424805	102.793739
1122.288086	24.697523
1121.151367	79.290253
1120.013672	-23.176556
1118.876953	27.259342
1117.739258	-30.228617
1116.601563	80.863899
1115.462891	21.367430
1114.324219	30.491444
1113.186523	-150.667755
1112.046875	73.172287
1110.908203	88.761398
1109.769531	92.820709
1108.629883	305.663055
1107.490234	71.562523
1106.349609	54.928593
1105.209961	106.049423
1104.069336	-36.533012
1102.928711	-89.015152
1101.787109	192.176422
1100.646484	-101.407188
1099.504883	141.228928
1098.363281	180.774200
1097.221680	263.664764
1096.079102	299.399719
1094.936523	182.279892
1093.793945	240.989532
1092.651367	294.468689
1091.507813	-26.978033
1090.364258	47.695553
1089.220703	193.339676
1088.077148	196.225494
1086.933594	259.324341
1085.789063	255.680923
1084.644531	80.775223
1083.499023	236.330597
1082.354492	144.390533
1081.208984	249.282959
1080.063477	6.897136
1078.917969	-46.838486
1077.771484	170.145004
1076.625977	9.447190
1075.479492	58.572365
1074.332031	76.880516
1073.185547	60.598400
1072.038086	-127.412453
1070.890625	177.097977
1069.743164	191.094284
1068.594727	19.499632
1067.447266	-63.722458
1066.298828	155.478638
1065.149414	21.497137
1064.000977	99.121986
1062.851563	264.755188
1061.702148	-6.777736
1060.552734	24.734015
1059.402344	120.510208
1058.252930	79.550194
1057.102539	20.066135
1055.951172	143.661285
1054.800781	-99.818077
1053.649414	174.801910
1052.498047	99.977089
1051.346680	71.971962
1050.194336	170.079300
1049.042969	64.457359
1047.890625	211.015945
1046.738281	109.008987
1045.584961	166.431229
1044.431641	-42.720135
1043.278320	109.778450
1042.125000	87.446457
1040.971680	173.005508
1039.817383	240.954102
1038.663086	78.880463
1037.508789	256.993561
1036.353516	257.651154
1035.198242	218.010971
1034.042969	359.769287
1032.887695	430.502258
1031.732422	336.982361
1030.576172	406.418732
1029.419922	246.823837
1028.263672	239.409622
1027.106445	459.863647
1025.949219	333.525665
1024.792969	211.974854
1023.634766	370.654510
1022.477539	349.521820
1021.319336	215.398941
1020.161133	213.456894
1019.002930	151.081512
1017.843750	264.845795
1016.684570	113.435638
1015.525391	78.040558
1014.366211	48.960468
1013.207031	-22.308426
1012.046875	88.478600
1010.886719	244.187317
1009.726563	98.993660
1008.565430	-20.018913
1007.404297	156.888580
1006.243164	51.687004
1005.082031	337.104034
1003.920898	157.349808
1002.758789	298.725403
1001.596680	357.682892
1000.433594	90.031158
999.271484	303.403015
998.108398	156.815323
996.945313	265.219391
995.782227	174.623260
994.618164	-34.165394
993.454102	191.463074
992.290039	10.517662
991.125977	110.392166
989.960938	162.255463
988.796875	174.817322
987.630859	231.912933
986.465820	258.523041
985.300781	169.454163
984.134766	214.289139
982.968750	330.842072
981.801758	277.170319
980.635742	270.608246
979.468750	298.965515
978.301758	-41.941631
977.133789	233.602249
975.966797	271.678894
974.798828	97.910202
973.630859	265.410461
972.461914	200.943787
971.293945	17.754320
970.125000	155.693207
968.956055	-42.879990
967.786133	29.223526
966.617188	95.419098
965.447266	275.800781
964.276367	108.009392
963.106445	-134.517975
961.935547	191.319351
960.764648	125.489601
959.593750	54.252895
958.422852	344.919159
957.250977	45.933758
956.079102	196.993591
954.907227	-202.601166
953.734375	102.226616
952.562500	108.332550
951.389648	109.518936
950.215820	64.583916
949.042969	102.806145
947.869141	55.209446
946.695313	71.453857
945.521484	-34.823505
944.346680	210.088058
943.172852	167.746826
941.998047	-9.485795
940.822266	88.161995
939.647461	56.419552
938.471680	126.611984
937.295898	127.182808
936.119141	81.954849
934.943359	-59.980026
933.766602	154.990219
932.589844	184.775024
931.413086	166.209747
930.235352	96.690369
929.057617	182.718185
927.879883	13.879574
926.702148	231.315567
925.523438	188.521637
924.344727	6.257988
923.166016	17.063139
921.987305	-68.650383
920.807617	81.472191
919.627930	83.639404
919.497070	103.145927
918.331055	108.447945
917.165039	161.929840
915.999023	-108.625732
914.833008	-17.689087
913.666016	182.927429
912.499023	174.711746
911.332031	-28.829845
910.165039	86.003242
908.997070	-160.269394
907.830078	82.843552
906.661133	213.563095
905.493164	4.771568
904.325195	49.902615
903.156250	-1.182461
901.987305	265.594269
900.818359	-20.558748
899.648438	21.796852
898.478516	-72.024605
897.308594	98.398178
896.138672	151.324387
894.968750	102.835449
893.797852	-17.665447
892.626953	144.541336
891.456055	-141.254745
890.284180	-115.066589
889.113281	158.949142
887.941406	25.161741
886.768555	69.904579
885.596680	-165.050262
884.423828	-56.402847
883.250977	25.562622
882.078125	-132.084137
880.905273	66.934555
879.731445	76.948479
878.557617	-128.530624
877.383789	-81.268997
876.209961	-26.060255
875.035156	74.311058
873.860352	-27.378632
872.685547	43.700111
871.510742	8.461679
870.334961	-45.364861
869.159180	20.334833
867.983398	-123.770958
866.807617	50.745808
865.630859	-77.397552
864.454102	189.901581
863.277344	19.316362
862.100586	-116.722252
860.922852	76.142647
859.745117	184.073273
858.567383	56.018131
857.389648	92.334930
856.210938	-48.909500
855.032227	-102.674057
853.853516	235.599136
852.674805	181.787292
851.495117	241.844894
850.315430	-134.906677
849.135742	123.677345
847.956055	-17.404776
846.775391	32.046539
845.595703	144.951172
844.415039	80.629883
843.233398	-12.750130
842.052734	105.371635
840.871094	199.657700
839.689453	16.464602
838.506836	-127.029663
837.325195	-122.561462
836.142578	-17.753469
834.959961	-31.795084
833.777344	199.645874
832.593750	-112.644226
831.410156	232.168640
830.226563	99.374634
829.042969	-12.266359
827.858398	44.894314
826.673828	86.213104
825.489258	-180.868484
824.304688	113.456284
823.120117	-19.156269
821.934570	43.211029
820.749023	-2.424273
819.562500	-111.233894
818.376953	-154.188675
817.190430	-233.971985
816.003906	-308.459839
814.817383	130.096786
813.629883	-33.866428
812.442383	-18.939407
811.254883	356.183502
810.067383	37.181049
808.878906	-84.579544
807.690430	292.951416
806.501953	16.191916
805.313477	-263.081757
804.124023	-51.184006
802.934570	-201.683319
801.745117	7.486637
800.555664	-108.848030
799.365234	123.829285
798.175781	65.228287
796.985352	-197.919495
795.793945	-30.924734
794.603516	-168.108978
793.412109	-82.445839
792.220703	26.764688
791.028320	112.348709
789.836914	32.870365
788.644531	-190.616623
787.452148	-8.167192
786.258789	-213.231628
785.066406	-177.426483
783.873047	-196.588715
782.679688	-121.563309
781.485352	-127.656075
780.291992	-152.056824
779.097656	-168.606461
777.903320	37.037487
776.708008	-162.494308
775.512695	3.862294
774.318359	16.012270
773.122070	-139.002518
771.926758	-90.278191
770.730469	-130.345215
769.534180	59.298027
768.337891	-64.303848
767.141602	96.533432
765.944336	152.955063
764.747070	133.712662
763.549805	109.256096
762.351563	142.155304
761.154297	328.810364
759.956055	-31.853313
758.757813	-30.234545
757.558594	-5.181382
756.359375	22.456207
755.160156	292.215912
753.960938	150.553421
752.761719	94.825729
751.561523	135.386841
750.361328	61.453220
749.160156	169.607330
747.959961	285.505188
746.758789	258.347321
745.557617	25.837486
744.356445	258.599243
743.154297	119.696449
741.952148	48.378761
740.750000	190.045120
739.547852	134.290756
738.344727	-22.704357
737.142578	233.043076
735.939453	-6.981519
734.735352	295.323853
733.532227	218.767715
732.328125	170.752426
731.124023	260.159515
729.918945	85.094574
728.714844	47.444427
727.509766	77.161995
726.303711	119.799423
725.098633	12.167396
723.892578	114.317375
722.686523	71.412247
721.480469	15.558873
720.274414	-161.929840
719.067383	-243.634995
717.860352	-152.008911
716.653320	-143.211319
715.445313	-38.767750
714.238281	169.013657
713.030273	92.360718
711.821289	-12.714525
710.613281	55.328548
709.404297	-31.672037
708.195313	75.023949
706.986328	-104.959084
705.776367	120.393150
704.566406	4.935224
703.356445	70.120621
702.146484	132.663574
700.935547	-129.845551
699.724609	79.634415
698.513672	85.310867
697.302734	-86.912498
696.090820	3.769387
694.878906	238.664413
693.666992	35.492676
692.455078	82.193008
691.242188	69.608452
690.029297	75.010880
688.816406	294.003204
687.602539	188.619781
686.389648	75.519501
685.175781	237.657425
683.960938	8.779893
682.747070	101.353653
681.532227	281.245636
680.317383	16.387192
679.102539	-60.826790
677.886719	-43.001865
676.670898	21.001421
675.455078	118.313332
674.239258	35.817074
673.022461	53.413788
671.805664	230.064362
670.588867	332.183289
669.372070	-119.883354
668.154297	125.785957
666.936523	4.623972
665.718750	-93.465561
664.500977	57.050003
663.282227	176.697495
662.063477	186.072952
660.844727	315.779358
659.625000	294.278961
658.405273	239.447266
657.185547	443.124542
655.965820	139.918716
654.745117	-7.134858
653.525391	244.898407
652.303711	187.284637
651.083008	78.495041
649.861328	299.489319
648.640625	67.910454
647.417969	20.361952
646.196289	-4.231256
644.973633	83.517906
643.750977	15.379125
642.528320	72.320740
641.305664	315.529846
640.082031	145.102905
638.858398	186.477753
637.634766	156.336685
636.410156	225.616821
635.185547	269.301117
633.960938	231.315094
632.736328	134.651550
631.510742	-61.430256
630.285156	-7.797665
629.059570	155.283432
627.833984	-58.707752
626.607422	-46.056057
625.380859	233.829437
624.154297	-74.422585
622.927734	62.710148
621.700195	72.505112
620.472656	-118.718964
619.245117	-30.192690
618.016602	58.224571
616.788086	16.891808
615.559570	-14.326838
614.331055	20.462101
613.101563	103.429398
611.872070	77.078835
610.642578	109.073463
609.413086	36.893719
608.182617	160.114532
606.952148	232.459686
605.721680	-162.133270
604.491211	92.743896
603.259766	185.130798
602.028320	51.744705
600.796875	123.679451
599.564453	111.872986
598.332031	-39.364445
597.099609	126.063988
595.867188	126.718033
594.633789	172.878265
593.400391	234.140381
592.166992	381.367889
590.933594	217.189926
589.699219	166.864502
588.464844	235.383102
587.230469	189.995041
585.995117	40.884972
584.760742	-65.250023
583.525391	-75.369118
582.289063	68.585541
581.053711	197.257690
579.817383	234.873459
578.581055	141.091888
577.343750	-18.363523
576.107422	203.343826
574.870117	84.190720
573.631836	96.221481
572.394531	173.775986
571.156250	157.911850
569.917969	268.067902
568.679688	105.848236
567.440430	87.295479
566.202148	398.801819
564.961914	377.548462
563.722656	217.711960
562.482422	90.617981
561.243164	117.106453
560.001953	120.860016
558.761719	44.026588
557.520508	-156.128021
556.279297	250.007584
555.038086	235.898087
553.795898	201.619003
552.554688	333.228729
551.311523	153.050781
550.069336	261.887390
548.826172	69.135712
547.583984	218.031296
546.339844	-2.357626
545.096680	151.406433
543.852539	-84.032478
542.608398	99.699348
541.364258	300.871429
540.119141	215.923325
538.875000	38.176083
537.628906	88.634842
536.383789	236.808182
535.137695	204.406189
533.892578	-30.995916
532.645508	51.836185
531.399414	-248.642242
530.152344	-3.095345
528.905273	-180.826691
527.658203	-160.761978
526.410156	-138.243103
525.163086	-90.739342
523.914063	31.748768
522.666016	-5.910856
521.416992	23.924953
520.167969	-18.781553
518.918945	-93.991219
517.669922	-341.621918
516.419922	20.432564
515.169922	-29.841072
513.919922	-42.657574
512.668945	-87.955734
511.417969	-48.382576
510.166992	-176.061096
508.916016	-116.564468
507.664063	-169.378464
506.412109	159.413391
505.160156	-5.682057
503.907227	21.236078
502.655273	25.700932
501.402344	-124.357811
500.148438	54.498238
498.895508	-45.708546
497.641602	-120.987061
496.387695	-114.078163
495.132813	-39.977634
493.878906	-55.506920
492.624023	-275.077423
491.368164	-362.719635
490.113281	-99.636963
488.857422	-115.179367
487.601563	-13.876003
486.344727	134.599365
485.088867	-181.684311
483.832031	-107.779350
482.575195	-53.780487
481.317383	141.738907
480.059570	-114.709572
478.801758	8.746433
477.543945	-138.367462
476.285156	-94.369972
475.027344	-10.695510
473.767578	-61.000824
472.508789	-81.524673
471.249023	-218.566010
469.989258	93.072777
468.729492	-29.083189
467.469727	17.282177
466.208984	-32.984371
464.948242	-93.137718
463.686523	136.405045
462.425781	187.623718
461.164063	149.713821
459.901367	114.282867
458.639648	-52.244316
457.376953	75.600899
456.114258	104.473099
454.851563	118.488167
453.587891	125.064102
452.324219	213.169586
451.060547	76.400620
449.796875	176.795456
448.532227	106.726624
447.267578	123.080276
446.002930	112.249733
444.737305	175.429306
443.471680	73.239151
442.206055	99.337738
440.940430	80.997650
439.673828	104.539452
438.407227	152.683289
437.140625	126.822342
435.873047	142.809738
434.605469	126.711884
433.337891	344.560059
432.070313	286.448792
430.801758	65.799706
429.533203	96.249779
428.264648	242.279694
426.996094	289.752747
425.726563	263.318878
424.457031	411.422028
423.186523	202.831726
421.916992	200.736115
420.646484	296.839294
419.375977	-7.739720
418.104492	88.128578
416.833008	471.200531
415.561523	215.510025
414.290039	170.928589
413.017578	69.756058
411.746094	-53.608212
410.472656	156.576828
409.200195	15.731998
407.926758	61.141506
406.653320	116.148041
405.379883	109.645378
404.105469	58.809067
402.831055	181.744873
401.556641	390.137543
400.282227	130.390137
399.006836	93.323547
397.731445	183.311279
396.456055	-15.842355
395.179688	83.335991
393.903320	216.417450
392.626953	87.395538
391.350586	-66.358696
390.073242	249.032623
388.795898	189.922073
387.518555	20.484024
386.240234	239.212311
384.961914	169.178604
383.683594	233.075424
382.405273	167.085953
381.125977	254.449753
379.846680	150.917450
378.567383	273.868927
377.287109	169.344757
376.006836	113.109596
374.726563	61.215542
373.446289	-3.426529
372.165039	138.532425
370.883789	-129.614304
369.602539	50.019920
368.320313	70.550346
367.039063	182.938553
365.755859	-12.276895
364.473633	-18.256390
363.190430	103.968063
361.907227	-151.824966
360.624023	-50.717339
359.340820	-147.522079
358.056641	-67.678116
356.772461	-205.161255
355.487305	-34.862614
354.202148	234.017181
352.916992	47.431778
351.631836	-11.375903
350.346680	-107.665688
349.060547	-59.373753
347.774414	-36.529179
346.487305	87.021111
345.200195	-23.644661
343.913086	-2.102226
342.625977	-139.521942
341.338867	7.906360
340.050781	59.303833
338.762695	68.045593
337.473633	-176.742599
336.184570	13.148389
334.895508	104.507172
333.606445	155.469971
332.317383	35.275490
331.027344	31.996250
329.736328	-91.666382
328.446289	70.888802
327.155273	-119.290863
325.864258	7.940285
324.573242	-314.176056
323.281250	14.481584
321.989258	-74.795006
320.697266	102.045670
319.405273	88.172050
318.112305	-53.610607
316.819336	-76.915642
315.526367	-49.484802
314.232422	-26.995857
312.938477	-113.221275
311.644531	-170.632523
310.349609	123.841347
309.054688	208.053162
307.759766	221.913788
306.464844	206.374649
305.168945	375.794983
303.873047	539.699646
302.577148	257.166199
301.281250	602.585205
299.984375	465.312836
