1999.901367	-44.230324
1998.937500	90.784882
1997.973633	99.897575
1997.008789	-44.904839
1996.043945	-108.152267
1995.079102	76.090057
1994.114258	27.211782
1993.149414	-14.450413
1992.183594	-98.409401
1991.218750	99.638161
1990.252930	30.120443
1989.287109	103.948303
1988.320313	-20.357561
1987.354492	315.275604
1986.387695	91.704308
1985.421875	-188.815735
1984.455078	-14.518910
1983.487305	3.848061
1982.520508	128.330322
1981.553711	-78.446930
1980.585938	-90.123833
1979.618164	-0.653905
1978.650391	51.628796
1977.682617	-86.320900
1976.713867	163.223907
1975.745117	-194.545914
1974.777344	-93.304558
1973.808594	81.824333
1972.838867	251.875595
1971.870117	-19.648056
1970.901367	110.774017
1969.931641	117.821213
1968.961914	48.401665
1967.992188	-82.651489
1967.021484	160.804459
1966.051758	49.399956
1965.081055	29.127100
1964.110352	38.379890
1963.139648	-75.500420
1962.168945	-34.282112
1961.198242	-7.865416
1960.226563	-42.994503
1959.254883	-31.378435
1958.283203	31.880995
1957.311523	82.815659
1956.339844	-33.471409
1955.367188	34.662693
1954.395508	-22.573660
1953.422852	-146.135513
1952.450195	-36.223938
1951.477539	-105.667168
1950.503906	36.152786
1949.530273	-114.280968
1948.557617	-16.659351
1947.583984	-36.880234
1946.609375	-7.985178
1945.635742	-141.019089
1944.662109	-50.716118
1943.687500	95.998230
1942.712891	41.594448
1941.738281	-32.369038
1940.762695	50.628384
1939.788086	-13.425029
1938.812500	20.608725
1937.836914	-9.030994
1936.861328	88.769455
1935.885742	7.784765
1934.910156	-51.083511
1933.933594	29.670292
1932.957031	154.505585
1931.980469	85.998474
1931.003906	125.234756
1930.027344	37.290401
1929.049805	25.255894
1928.073242	42.630005
1927.095703	236.098816
1926.118164	-42.275661
1925.139648	-10.074871
1924.162109	100.372078
1923.183594	93.551231
1922.205078	40.373718
1921.226563	-115.307800
1920.248047	83.207909
1919.269531	120.566338
1918.290039	-39.759315
1917.310547	19.683460
1916.331055	162.124939
1915.351563	84.997520
1914.372070	176.261810
1913.391602	182.186920
1912.412109	-23.965611
1911.431641	167.381760
1910.451172	132.032303
1909.469727	94.311775
1908.489258	193.103149
1907.507813	311.396301
1906.527344	5.906940
1905.544922	170.558960
1904.563477	218.337051
1903.582031	224.764099
1902.599609	554.926636
1901.618164	196.389206
1900.635742	387.855011
1899.652344	289.837799
1898.669922	294.045349
1897.687500	548.738831
1896.704102	623.480469
1895.720703	734.695129
1894.737305	687.949951
1893.753906	689.855225
1892.769531	577.623352
1891.785156	460.611633
1890.801758	455.383240
1889.817383	377.353821
1888.832031	241.127563
1887.847656	333.117035
1886.862305	230.983124
1885.876953	-6.942681
1884.892578	111.808670
1883.906250	53.505791
1882.920898	150.427872
1881.934570	58.247658
1880.949219	-92.047630
1879.962891	-7.206095
1878.976563	99.427650
1877.989258	-38.625191
1877.002930	305.355743
1876.015625	94.698631
1875.028320	-60.183495
1874.041016	-16.510069
1873.053711	-21.247612
1872.066406	-120.344109
1871.078125	-120.210999
1870.089844	-153.937317
1869.101563	-115.100975
1868.113281	124.404716
1867.125000	20.544798
1866.135742	66.570847
1865.146484	76.327377
1864.157227	83.656372
1863.167969	-73.287704
1862.178711	175.560760
1861.188477	-172.125839
1860.198242	-155.146545
1859.208984	-205.775940
1858.217773	50.087696
1857.227539	-246.713684
1856.237305	16.257889
1855.246094	-73.041122
1854.254883	-80.341331
1853.263672	-232.330078
1852.272461	121.939064
1851.280273	-1.169353
1850.289063	22.729296
1849.296875	-126.883156
1848.304688	-119.903168
1847.312500	-96.105965
1846.319336	-24.200417
1845.327148	-156.995865
1844.333984	39.972591
1843.340820	-47.150311
1842.347656	-59.699333
1841.354492	40.772007
1840.360352	25.705000
1839.366211	77.923317
1838.372070	60.344162
1837.377930	-22.188484
1836.383789	-61.486889
1835.388672	161.086304
1834.394531	78.403549
1833.399414	-9.117169
1832.404297	256.358978
1831.409180	75.062790
1830.413086	-55.821815
1829.416992	206.906448
1828.421875	42.311470
1827.425781	146.422791
1826.428711	106.488579
1825.432617	188.812317
1824.435547	-115.044624
1823.439453	98.994003
1822.442383	137.883850
1821.444336	272.537201
1820.447266	76.391167
1819.449219	55.114819
1818.452148	45.737434
1817.454102	230.248093
1816.456055	170.377563
1815.457031	64.950432
1814.458984	158.126602
1813.459961	169.808594
1812.460938	104.828163
1811.461914	1.500353
1810.462891	154.015213
1809.462891	28.992786
1808.462891	73.655891
1807.463867	77.567619
1806.462891	224.753265
1805.462891	252.312943
1804.462891	110.141953
1803.461914	247.359833
1802.460938	241.136429
1801.459961	122.588707
1800.458984	130.487991
1799.457031	217.025726
1798.456055	105.366302
1797.454102	117.685669
1796.452148	120.341934
1795.450195	20.330132
1794.447266	99.060013
1793.445313	127.581955
1792.442383	203.634369
1791.439453	224.726410
1790.436523	114.643295
1789.432617	28.292303
1788.429688	10.922387
1787.425781	176.780640
1786.421875	-109.899437
1785.417969	19.956528
1784.413086	-102.639191
1783.409180	-84.927536
1782.404297	-122.076584
1781.399414	-166.480026
1780.394531	-68.316330
1779.389648	-134.379135
1778.383789	-69.814018
1777.378906	-14.910061
1776.373047	-29.080868
1775.366211	23.130590
1774.360352	65.691925
1773.354492	3.601957
1772.347656	79.107063
1771.340820	85.598267
1770.333984	68.210823
1769.327148	-13.384817
1768.319336	42.514317
1767.312500	29.465746
1766.304688	44.733166
1765.296875	-179.650848
1764.288086	307.153931
1763.280273	129.926910
1762.271484	265.448364
1761.262695	142.497604
1760.253906	197.127151
1759.245117	50.260593
1758.236328	59.601871
1757.226563	336.335144
1756.216797	144.101852
1755.207031	389.651886
1754.197266	303.674591
1753.186523	298.013855
1752.176758	233.083206
1751.166016	175.114288
1750.155273	91.011223
1749.144531	54.074825
1748.132813	182.449188
1747.122070	121.583496
1746.110352	-0.848479
1745.098633	-7.628338
1744.086914	65.750908
1743.074219	84.630043
1742.062500	-26.483608
1741.049805	-390.286682
1740.037109	-31.925184
1739.024414	9.969297
1738.010742	-30.882145
1736.998047	-8.166033
1735.984375	89.846527
1734.970703	152.309143
1733.957031	21.301279
1732.942383	-74.461403
1731.928711	1.700284
1730.914063	18.776711
1729.899414	-6.697863
1728.884766	50.122765
1727.869141	-319.425232
1726.854492	-168.685593
1725.838867	43.037830
1724.823242	19.209770
1723.807617	-0.045140
1722.791016	-125.304337
1721.775391	31.590792
1720.758789	-150.342499
1719.742188	-92.540085
1718.725586	-11.390912
1717.708984	-5.615915
1716.691406	-14.092970
1715.673828	104.154739
1714.656250	41.365314
1713.638672	-192.963348
1712.621094	-93.936874
1711.602539	267.814423
1710.583984	350.004395
1709.565430	209.108566
1708.546875	260.515533
1707.528320	192.145172
1706.508789	128.345200
1705.490234	160.591949
1704.470703	-41.747402
1703.450195	318.369812
1702.430664	286.893372
1701.411133	505.997955
1700.390625	261.065826
1699.370117	196.441284
1698.349609	148.110764
1697.328125	233.105682
1696.307617	140.073532
1695.286133	114.807396
1694.264648	28.599447
1693.243164	122.437210
1692.220703	260.544037
1691.199219	328.347870
1690.176758	267.405457
1689.154297	323.251770
1688.131836	180.312897
1687.108398	245.262970
1686.085938	289.071991
1685.062500	384.123962
1684.039063	558.434875
1683.015625	349.659424
1681.992188	334.615356
1680.967773	562.187317
1679.943359	560.887817
1678.918945	442.837433
1677.894531	632.637146
1676.870117	950.535522
1675.844727	668.950012
1674.819336	844.304810
1673.793945	1012.506592
1672.768555	1012.767822
1671.743164	1127.104736
1670.716797	1155.099365
1669.690430	1224.918701
1668.664063	1271.340454
1667.637695	1278.083130
1666.610352	1389.465942
1665.583984	1486.780884
1664.556641	1516.484131
1663.529297	1499.572021
1662.501953	1596.557007
1661.473633	1537.607666
1660.446289	1752.973633
1659.417969	1728.740479
1658.389648	1637.048462
1657.360352	1475.595459
1656.332031	1808.992920
1655.302734	1851.836548
1654.273438	1736.687012
1653.244141	1728.323364
1652.214844	1963.646729
1651.185547	1790.339355
1650.155273	1651.829346
1649.125000	1680.359131
1648.094727	1922.225220
1647.064453	2036.394409
1646.033203	2194.504150
1645.001953	1937.541748
1643.971680	2202.153809
1642.939453	2174.593750
1641.908203	2024.228394
1640.876953	2105.523193
1639.844727	1934.283813
1638.812500	2478.572510
1637.780273	2089.637207
1636.747070	1969.294189
1635.714844	2110.490479
1634.681641	2098.874512
1633.648438	2450.419678
1632.615234	2362.363281
1631.582031	2352.937744
1630.547852	2516.866943
1629.513672	2449.561523
1628.479492	2324.488037
1627.445313	2546.033936
1626.411133	2628.870361
1625.375977	2852.529785
1624.340820	2895.969727
1623.305664	2870.118652
1622.270508	3056.637695
1621.235352	3333.086182
1620.199219	3327.891602
1619.163086	3426.512451
1618.126953	3633.501709
1617.090820	3531.394043
1616.053711	3429.308105
1615.017578	3546.282471
1613.980469	3416.587891
1612.943359	3494.339844
1611.905273	3631.951416
1610.868164	3631.338623
1609.830078	3695.201172
1608.791992	3600.183105
1607.753906	3829.810547
1606.715820	3877.541260
1605.676758	3593.885254
1604.638672	4281.290039
1603.599609	4250.745605
1602.560547	4622.709961
1601.520508	4608.241211
1600.481445	4888.094727
1599.441406	5377.011719
1598.401367	5810.622070
1597.361328	6032.721191
1596.320313	6897.947754
1595.280273	7448.253906
1594.239258	8480.574219
1593.198242	9126.845703
1592.157227	10238.863281
1591.115234	11098.035156
1590.074219	11787.153320
1589.032227	12526.502930
1587.990234	13410.109375
1586.947266	14176.456055
1585.905273	14931.117188
1584.862305	15029.953125
1583.819336	15323.611328
1582.776367	15330.803711
1581.733398	14889.049805
1580.689453	15372.838867
1579.646484	15178.701172
1578.602539	15444.878906
1577.557617	16329.048828
1576.513672	17727.902344
1575.469727	19760.103516
1574.424805	22830.187500
1573.379883	26130.162109
1572.334961	28848.070313
1571.289063	29953.085938
1570.244141	29053.021484
1569.198242	26962.642578
1568.152344	23975.160156
1567.105469	20426.914063
1566.059570	16998.945313
1565.012695	13892.111328
1563.965820	11889.388672
1562.918945	10072.455078
1561.872070	8808.659180
1560.824219	7951.616211
1559.777344	7412.150879
1558.729492	6813.676758
1557.681641	6192.737793
1556.632813	5770.500488
1555.584961	5530.928711
1554.536133	4938.267578
1553.487305	4854.112793
1552.438477	4462.536133
1551.388672	4082.599609
1550.339844	3714.336182
1549.290039	3403.241699
1548.240234	3320.042236
1547.190430	3070.844727
1546.139648	2896.948242
1545.088867	2750.549316
1544.038086	2743.090332
1542.987305	2558.371094
1541.936523	2296.545166
1540.884766	2296.376221
1539.833984	2182.709473
1538.782227	1810.145996
1537.730469	2012.686890
1536.677734	1783.670410
1535.625977	1686.625244
1534.573242	1880.390991
1533.520508	1897.143677
1532.467773	1723.371948
1531.414063	1583.839478
1530.360352	1587.447632
1529.307617	1244.146851
1528.252930	957.800720
1527.199219	991.457397
1526.145508	982.177673
1525.090820	553.711426
1524.036133	583.341797
1522.981445	252.861969
1521.925781	271.513428
1520.871094	163.497574
1519.815430	105.488670
1518.759766	283.115723
1517.704102	10.396500
1516.647461	95.499916
1515.591797	259.939178
1514.535156	87.403809
1513.478516	414.944733
1512.421875	247.306229
1511.364258	369.277069
1510.306641	613.430176
1509.249023	389.854523
1508.191406	516.760010
1507.133789	625.716919
1506.075195	434.403534
1505.016602	430.767883
1503.958008	370.868439
1502.899414	509.809692
1501.840820	565.373718
1500.781250	535.344116
1499.721680	327.292877
1498.662109	651.793152
1497.602539	597.506836
1496.541992	604.291382
1495.482422	805.120117
1494.421875	731.100708
1493.361328	1128.219116
1492.299805	1336.126343
1491.239258	1713.072632
1490.177734	1936.922729
1489.116211	2102.337891
1488.053711	2177.832520
1486.992188	2501.054199
1485.929688	2529.573242
1484.867188	2409.773438
1483.804688	2366.737061
1482.742188	2260.918457
1481.678711	1849.572266
1480.616211	1789.244873
1479.552734	1479.696289
1478.489258	1738.915527
1477.424805	1602.930908
1476.360352	2030.844360
1475.296875	2584.606689
1474.232422	2864.459961
1473.166992	2839.106445
1472.102539	2961.739746
1471.037109	2584.596924
1469.971680	2205.090576
1468.906250	1949.322510
1467.840820	1286.083862
1466.774414	1299.792603
1465.708008	1118.939087
1464.641602	1093.192627
1463.575195	877.133606
1462.508789	791.450684
1461.441406	545.221619
1460.374023	984.806030
1459.306641	942.118164
1458.238281	665.197205
1457.170898	504.327820
1456.102539	451.010193
1455.034180	50.744541
1453.965820	292.180359
1452.897461	-43.647121
1451.828125	-50.050137
1450.758789	258.354401
1449.689453	208.742264
1448.620117	82.041229
1447.549805	-236.117859
1446.479492	-205.514893
1445.409180	-12.010253
1444.338867	6.553222
1443.268555	10.915698
1442.197266	34.230377
1441.125977	29.991713
1440.054688	-163.101212
1438.983398	113.456360
1437.912109	221.564651
1436.839844	122.903122
1435.767578	43.610691
1434.695313	164.377563
1433.622070	154.669876
1432.549805	-20.188303
1431.476563	191.485657
1430.403320	153.553253
1429.330078	50.815933
1428.255859	-102.266129
1427.181641	-0.562546
1426.107422	18.856991
1425.033203	116.856377
1423.958984	-47.491539
1422.883789	-15.615366
1421.809570	223.761993
1420.734375	12.057306
1419.658203	-119.786934
1418.583008	33.945614
1417.506836	316.991150
1416.430664	218.642075
1415.354492	256.760162
1414.278320	209.559692
1413.201172	308.688812
1412.124023	270.033844
1411.046875	374.835358
1409.969727	413.891602
1408.892578	235.715637
1407.814453	209.729858
1406.736328	51.305874
1405.658203	85.287750
1404.579102	-1.823489
1403.500977	156.090302
1402.421875	103.918716
1401.342773	13.679837
1400.263672	45.612175
1399.183594	36.969532
1398.104492	-122.838860
1397.024414	-240.966599
1395.944336	-105.670029
1394.863281	63.239876
1393.783203	1.250941
1392.702148	23.179668
1391.621094	78.953522
1390.539063	184.942825
1389.458008	452.544098
1388.375977	444.214844
1387.293945	651.088806
1386.211914	710.598572
1385.129883	812.191528
1384.046875	1393.947876
1382.963867	1520.188110
1381.880859	1555.232544
1380.797852	1527.653442
1379.713867	1902.307861
1378.630859	2059.599854
1377.546875	2020.179199
1376.462891	1993.891968
1375.377930	1906.141846
1374.292969	1666.405029
1373.208984	1602.508789
1372.124023	1403.964111
1371.038086	1409.629883
1369.953125	1552.532959
1368.867188	1682.946167
1367.781250	1650.254028
1366.695313	1917.892822
1365.608398	2054.893311
1364.522461	2307.825195
1363.435547	2556.013428
1362.348633	2808.484863
1361.260742	2645.494141
1360.173828	2617.128662
1359.085938	2511.046631
1357.998047	2186.027344
1356.910156	2129.226074
1355.821289	1792.230469
1354.733398	2071.199219
1353.644531	1898.429199
1352.554688	1876.079956
1351.465820	1900.858643
1350.375977	1705.259888
1349.287109	1805.868164
1348.197266	1988.352173
1347.106445	1553.333130
1346.016602	1564.555176
1344.925781	1366.205078
1343.834961	1236.887695
1342.744141	1246.629883
1341.652344	812.627441
1340.561523	940.682861
1339.469727	739.599487
1338.377930	685.111267
1337.285156	637.893005
1336.193359	530.031189
1335.100586	604.362427
1334.007813	751.742188
1332.915039	889.933594
1331.821289	803.416748
1330.728516	855.907715
1329.634766	847.891785
1328.541016	990.678772
1327.446289	822.703308
1326.352539	877.695251
1325.257813	969.881836
1324.163086	935.214111
1323.067383	1057.985474
1321.972656	970.783264
1320.876953	979.456665
1319.781250	1021.015808
1318.685547	1051.582153
1317.588867	1131.223999
1316.493164	1340.329346
1315.396484	1372.278809
1314.299805	1658.766357
1313.202148	1255.753418
1312.105469	1414.510864
1311.007813	1197.615234
1309.910156	1152.203735
1308.811523	1197.849243
1307.713867	807.860107
1306.615234	777.736328
1305.516602	812.656738
1304.417969	781.627441
1303.319336	618.399780
1302.219727	722.246338
1301.120117	848.600342
1300.020508	607.463135
1298.919922	637.399414
1297.820313	680.917358
1296.719727	729.192261
1295.619141	707.776062
1294.518555	827.535217
1293.416992	903.938293
1292.315430	1019.913025
1291.213867	905.087585
1290.112305	1058.795288
1289.010742	1042.757080
1287.908203	1070.942749
1286.805664	1227.932983
1285.703125	1248.731079
1284.600586	1109.637085
1283.497070	1177.164917
1282.393555	1072.480835
1281.290039	1051.726074
1280.186523	1156.524658
1279.082031	1086.329346
1277.977539	1093.996704
1276.873047	1041.236938
1275.768555	860.676331
1274.664063	842.138428
1273.558594	897.096497
1272.453125	866.254700
1271.347656	740.471619
1270.242188	918.250549
1269.135742	667.524902
1268.029297	775.810059
1266.922852	746.251831
1265.816406	797.027344
1264.708984	726.529053
1263.601563	624.204956
1262.494141	732.123657
1261.386719	688.376282
1260.278320	616.372070
1259.170898	723.192993
1258.062500	651.105286
1256.953125	650.869263
1255.844727	576.729675
1254.735352	423.740173
1253.625977	311.512665
1252.516602	274.820862
1251.407227	230.273499
1250.296875	346.419586
1249.186523	151.938370
1248.076172	-84.011658
1246.965820	58.855019
1245.854492	76.964424
1244.744141	124.505592
1243.632813	-105.424629
1242.520508	-52.016319
1241.409180	-66.791359
1240.296875	-59.501545
1239.184570	70.329193
1238.072266	6.166089
1236.959961	-168.279541
1235.846680	8.679102
1234.733398	13.071826
1233.620117	145.025986
1232.505859	113.481308
1231.392578	269.161163
1230.278320	113.497284
1229.164063	362.806671
1228.049805	325.457947
1226.934570	230.449341
1225.819336	286.898712
1224.704102	222.910065
1223.588867	180.699646
1222.472656	311.390656
1221.357422	383.793854
1220.241211	431.802521
1219.124023	374.306732
1218.007813	456.720947
1216.890625	539.689331
1215.773438	632.401245
1214.656250	694.928589
1213.539063	795.423218
1212.420898	823.555054
1211.302734	736.226501
1210.184570	756.704834
1209.066406	773.148743
1207.947266	815.778748
1206.828125	828.487793
1205.708984	842.788208
1204.589844	907.817261
1203.469727	836.520081
1202.350586	938.675354
1201.230469	946.610046
1200.109375	1113.653687
1198.989258	1297.546509
1197.868164	1425.667725
1196.747070	1609.758301
1195.625977	1789.109131
1194.503906	1974.871826
1193.382813	2269.802734
1192.260742	2401.879150
1191.138672	2537.908203
1190.015625	2735.531494
1188.893555	2925.156982
1187.770508	3088.141846
1186.646484	3398.476807
1185.523438	3569.495361
1184.400391	3951.102539
1183.276367	4108.828125
1182.152344	4444.313477
1181.027344	4225.908203
1179.903320	4232.845703
1178.778320	4015.556396
1177.653320	3297.616943
1176.527344	2933.691406
1175.402344	2299.115967
1174.276367	1843.937012
1173.150391	1693.010742
1172.024414	1419.989136
1170.897461	1311.272095
1169.771484	1208.642212
1168.644531	1170.378052
1167.516602	1209.456177
1166.389648	966.985779
1165.261719	1031.362427
1164.133789	898.277466
1163.005859	1121.270264
1161.877930	1032.880737
1160.749023	1008.662170
1159.620117	1226.252930
1158.491211	1284.398071
1157.362305	1025.838989
1156.232422	992.642395
1155.102539	857.163696
1153.972656	768.328735
1152.842773	596.322388
1151.711914	566.744141
1150.581055	512.240784
1149.450195	600.545044
1148.319336	386.212799
1147.187500	359.757385
1146.055664	403.868927
1144.923828	474.694244
1143.791992	616.127197
1142.659180	566.035278
1141.527344	679.921692
1140.394531	790.128418
1139.260742	1010.860657
1138.127930	1092.341064
1136.994141	1131.273193
1135.860352	1266.958862
1134.726563	1229.176514
1133.591797	1249.144653
1132.458008	1364.194458
1131.323242	1274.219971
1130.187500	1489.535156
1129.052734	1382.836548
1127.916992	1550.299438
1126.781250	1534.770142
1125.645508	1711.634766
1124.509766	1952.852051
1123.373047	1988.459839
1122.236328	1992.213135
1121.099609	2313.535400
1119.961914	2279.675293
1118.825195	2587.309082
1117.687500	2689.794678
1116.549805	3149.280518
1115.411133	3412.063232
1114.273438	3584.856689
1113.134766	3767.276367
1111.996094	3996.770020
1110.856445	4268.218262
1109.717773	4492.029785
1108.578125	4733.786133
1107.438477	4750.553223
1106.297852	4986.730469
1105.158203	5149.447754
1104.017578	5098.517090
1102.876953	5099.689453
1101.735352	5112.020020
1100.594727	5027.019531
1099.453125	4752.389160
1098.311523	4681.702148
1097.169922	4608.589355
1096.027344	4459.963379
1094.884766	4689.647949
1093.742188	5007.812012
1092.599609	5261.993164
1091.456055	5540.822754
1090.312500	5959.684570
1089.168945	6349.540039
1088.025391	6683.827637
1086.881836	7417.621094
1085.737305	8354.386719
1084.592773	9243.296875
1083.447266	10296.413086
1082.302734	11599.414063
1081.157227	13625.791992
1080.011719	15516.891602
1078.866211	17881.052734
1077.719727	20897.662109
1076.573242	24265.015625
1075.426758	28047.353516
1074.280273	32239.892578
1073.133789	36464.546875
1071.986328	39980.949219
1070.838867	42001.703125
1069.691406	42233.199219
1068.542969	40772.023438
1067.394531	37657.976563
1066.246094	33194.261719
1065.097656	28717.121094
1063.949219	24118.240234
1062.799805	19633.472656
1061.650391	15981.000977
1060.500977	13342.360352
1059.350586	11361.722656
1058.200195	9537.628906
1057.049805	7544.787109
1055.899414	6679.383301
1054.749023	6038.638184
1053.597656	5768.454102
1052.446289	5255.682617
1051.294922	5050.383789
1050.142578	4669.349121
1048.990234	4088.801758
1047.837891	3588.219727
1046.685547	3231.137695
1045.533203	3197.986816
1044.379883	3017.392578
1043.226563	2697.623291
1042.073242	2726.110596
1040.918945	2585.145996
1039.764648	2717.905029
1038.610352	2729.714355
1037.456055	2751.274170
1036.301758	2891.803223
1035.146484	2983.410889
1033.991211	2914.593750
1032.835938	3147.133545
1031.679688	3327.335449
1030.523438	3622.613037
1029.367188	4400.751465
1028.210938	5484.503906
1027.054688	7164.640137
1025.897461	9552.397461
1024.740234	12734.287109
1023.583008	16338.884766
1022.424805	18274.218750
1021.266602	17671.863281
1020.108398	15308.093750
1018.950195	11658.557617
1017.791992	8495.665039
1016.632813	6232.646484
1015.473633	4816.981445
1014.314453	4321.976563
1013.154297	3834.571289
1011.994141	3798.786865
1010.833984	3364.237305
1009.673828	3157.832764
1008.512695	3174.412109
1007.352539	2777.092773
1006.191406	2857.213867
1005.029297	2723.205566
1003.868164	3006.296387
1002.706055	3912.508545
1001.543945	6295.933594
1000.381836	10627.046875
999.218750	17088.341797
998.055664	22646.476563
996.892578	23142.980469
995.729492	17598.380859
994.565430	10777.569336
993.401367	6558.229980
992.237305	4761.035645
991.073242	4208.263184
989.908203	3994.489258
988.744141	3878.832520
987.579102	3979.628174
986.413086	4010.419189
985.248047	4103.357910
984.082031	3783.127930
982.916016	3564.641846
981.749023	3082.906494
980.583008	2768.029785
979.416016	2548.959229
978.249023	2407.791748
977.081055	2112.551758
975.914063	2108.813232
974.746094	1897.625366
973.578125	1701.640137
972.409180	1499.262695
971.241211	1363.584839
970.072266	1563.049927
968.903320	1503.791626
967.733398	1318.023560
966.563477	1293.021240
965.394531	1365.298706
964.223633	1233.248291
963.053711	1156.842041
961.882813	1409.957642
960.711914	1160.197144
959.541016	1197.710083
958.370117	1186.344849
957.198242	1233.738647
956.026367	1031.057861
954.854492	1457.541016
953.681641	1251.590210
952.508789	1279.994507
951.335938	1151.414063
950.163086	1260.188477
948.990234	1225.105103
947.816406	1449.968262
946.642578	1598.052612
945.468750	1461.691772
944.293945	1504.341797
943.119141	1648.213623
941.944336	1334.528931
940.769531	1662.705566
939.593750	1768.774414
938.418945	1697.758545
937.242188	1678.815063
936.066406	1544.289551
934.890625	1666.739502
933.713867	1595.868042
932.537109	1671.052856
931.359375	1791.013794
930.182617	1554.918945
929.004883	1627.638184
927.827148	1780.315430
926.648438	1718.610229
925.470703	1574.398682
924.291992	1738.699707
923.112305	1679.275146
921.933594	1690.463013
920.753906	1623.958984
919.574219	1625.299927
919.442383	1571.723511
918.277344	1554.601074
917.111328	1608.016235
915.945313	1475.625366
914.778320	1444.353760
913.612305	1460.078247
912.445313	1407.626709
911.278320	1439.754883
910.111328	1300.371582
908.943359	1316.027466
907.775391	1341.049438
906.607422	1347.261475
905.439453	1325.288330
904.270508	1312.692993
903.102539	1438.505859
901.933594	1329.687256
900.763672	1415.547485
899.594727	1105.103149
898.424805	888.541016
897.254883	852.521240
896.084961	643.101074
894.914063	499.353210
893.744141	500.874451
892.573242	584.349548
891.401367	471.106232
890.230469	411.739349
889.058594	321.962952
887.886719	475.565887
886.714844	367.080994
885.542969	345.173889
884.370117	489.301910
883.197266	240.580124
882.024414	113.505661
880.850586	164.094406
879.677734	11.375270
878.503906	125.029358
877.330078	-79.010414
876.155273	130.350388
874.981445	115.494659
873.806641	205.681091
872.631836	116.134537
871.456055	154.950851
870.280273	93.441818
869.105469	227.867432
867.928711	84.756493
866.752930	-132.898972
865.576172	48.109821
864.400391	-52.929054
863.222656	-23.449720
862.045898	-7.958253
860.868164	163.567551
859.691406	13.698928
858.512695	-108.168694
857.334961	-55.421341
856.156250	-226.085678
854.978516	-161.695999
853.799805	-160.132492
852.620117	-84.145393
851.441406	-129.091827
850.261719	-78.704521
849.082031	34.419342
847.901367	70.820717
846.721680	-69.351250
845.541016	-9.705307
844.360352	-1.167789
843.178711	44.520973
841.998047	11.271746
840.816406	47.667671
839.634766	56.210552
838.453125	271.223724
837.270508	-26.427725
836.087891	241.861969
834.905273	257.338928
833.722656	312.221008
832.539063	149.245285
831.355469	197.189819
830.171875	228.905197
828.988281	255.982208
827.803711	222.850357
826.620117	242.984985
825.434570	138.130219
824.250000	246.223465
823.065430	217.773239
821.879883	200.907730
820.694336	288.126007
819.507813	185.713409
818.322266	194.310699
817.135742	343.898438
815.949219	276.215332
814.762695	358.735779
813.575195	341.905792
812.387695	581.424438
811.200195	509.150970
810.012695	575.415100
808.824219	877.066101
807.635742	867.089233
806.447266	1037.064209
805.258789	1317.684204
804.069336	1284.572632
802.879883	1544.281128
801.690430	1347.482300
800.500977	1309.782104
799.310547	1364.264160
798.120117	1052.447632
796.929688	805.248108
795.739258	696.312744
794.547852	375.620514
793.356445	200.069458
792.165039	236.304642
790.973633	194.296814
789.781250	44.191399
788.588867	119.528526
787.396484	128.149979
786.204102	-102.317314
785.010742	46.541565
783.817383	-2.286052
782.624023	15.527413
781.430664	12.654742
780.236328	-24.668909
779.041992	-22.951838
777.847656	-115.359680
776.653320	42.423355
775.458008	78.520546
774.262695	82.475807
773.067383	168.990158
771.872070	166.025360
770.675781	328.123047
769.479492	233.416458
768.283203	10.400072
767.085938	-111.721474
765.889648	-62.000248
764.692383	-188.665405
763.494141	5.280332
762.296875	196.839127
761.098633	118.216782
759.900391	108.260422
758.702148	116.592819
757.502930	56.280762
756.304688	398.474945
755.105469	205.472763
753.905273	334.854919
752.706055	617.288757
751.505859	469.994934
750.305664	679.129150
749.105469	716.844971
747.904297	644.906677
746.704102	664.294739
745.501953	802.347717
744.300781	609.396240
743.099609	567.088379
741.897461	513.361206
740.695313	553.137207
739.492188	807.210693
738.290039	518.549805
737.086914	694.959961
735.883789	846.192932
734.679688	1038.337769
733.476563	938.794434
732.272461	1185.422852
731.068359	803.470825
729.863281	1120.516602
728.659180	1095.988892
727.454102	955.377930
726.249023	933.085083
725.042969	1010.838928
723.836914	913.409912
722.631836	763.682861
721.424805	623.063843
720.218750	696.087341
719.011719	600.888794
717.804688	664.699768
716.597656	605.786987
715.389648	698.987915
714.182617	985.070862
712.974609	864.684448
711.765625	991.649963
710.557617	912.041504
709.348633	1097.809204
708.139648	1088.401978
706.930664	1053.997437
705.720703	1187.302002
704.510742	1300.091553
703.300781	1342.524536
702.090820	1312.381226
700.879883	1513.221069
699.668945	1822.610596
698.458008	2032.184570
697.247070	2366.103027
696.035156	3213.547607
694.823242	4108.083984
693.611328	5443.302734
692.399414	6741.701660
691.186523	7845.014648
689.973633	8459.462891
688.760742	8472.339844
687.546875	8232.033203
686.333008	7948.825684
685.119141	7618.223145
683.905273	7181.537109
682.691406	7309.436523
681.476563	7028.603027
680.261719	7163.089844
679.045898	7520.830566
677.831055	7788.099121
676.615234	7513.837891
675.399414	7368.147949
674.183594	7145.778809
672.966797	6851.281738
671.750000	6180.464355
670.533203	5442.247070
669.315430	4515.024902
668.098633	3898.912842
666.880859	3127.597656
665.663086	2649.183838
664.444336	2524.251465
663.225586	2165.248047
662.006836	1932.294189
660.788086	1665.604858
659.569336	1594.588623
658.349609	1539.243774
657.129883	1593.975952
655.910156	1390.130249
654.689453	1640.163696
653.468750	1326.118042
652.248047	1241.203613
651.027344	1104.578247
649.805664	1089.143799
648.583984	1163.400635
647.362305	1147.761230
646.139648	990.671448
644.917969	1021.980347
643.695313	1106.995117
642.472656	900.379517
641.249023	1036.737183
640.025391	912.943054
638.801758	1158.833618
637.578125	1223.048340
636.354492	1172.897461
635.129883	1162.968750
633.905273	1011.886719
632.679688	1136.088623
631.455078	1206.426636
630.229492	1216.211182
629.003906	1199.041504
627.777344	1022.971252
626.551758	1057.067871
625.325195	827.235107
624.097656	999.713867
622.871094	868.102600
621.643555	778.885742
620.416016	872.763916
619.188477	1049.125854
617.959961	760.884766
616.732422	1024.040527
615.502930	999.062134
614.274414	1072.173218
613.045898	1089.374023
611.816406	881.184875
610.585938	780.008179
609.356445	841.523682
608.125977	880.611511
606.895508	870.549866
605.665039	1049.769653
604.434570	1186.484131
603.203125	1249.535645
601.971680	1047.488892
600.740234	1103.655762
599.507813	1046.179077
598.275391	1073.180664
597.042969	968.809326
595.810547	1224.707275
594.577148	1211.311279
593.343750	1102.217773
592.110352	717.440308
590.876953	421.621033
589.642578	552.420166
588.408203	425.381958
587.173828	622.555054
585.938477	570.847534
584.703125	647.825439
583.467773	658.088318
582.232422	537.329407
580.996094	310.027924
579.760742	69.430328
578.523438	236.867676
577.287109	-28.193163
576.049805	-58.272552
574.812500	-37.455933
573.575195	-52.187519
572.337891	-38.203503
571.099609	31.050171
569.861328	-79.170738
568.623047	-74.309357
567.383789	204.914810
566.144531	-60.431629
564.905273	103.462158
563.666016	28.317217
562.425781	-82.265755
561.185547	54.752827
559.945313	-9.520180
558.705078	-42.899769
557.463867	0.989059
556.222656	-17.067696
554.981445	26.655087
553.739258	39.367287
552.497070	-7.599940
551.254883	18.224686
550.012695	244.788055
548.769531	327.775543
547.526367	379.784210
546.283203	550.800049
545.039063	706.240845
543.795898	641.130493
542.551758	794.171082
541.306641	561.482300
540.062500	712.167480
538.817383	640.277161
537.572266	621.218384
536.327148	767.239014
535.081055	706.241028
533.834961	832.278198
532.588867	909.818054
531.341797	1132.453979
530.095703	930.522400
528.848633	1001.274536
527.600586	823.549988
526.353516	782.143433
525.105469	971.431946
523.857422	762.984070
522.608398	859.883423
521.360352	752.510620
520.111328	399.263092
518.862305	340.271149
517.612305	202.274460
516.362305	138.916000
515.112305	77.764999
513.862305	-40.393444
512.611328	-26.966167
511.361328	168.403168
510.109375	78.745232
508.858398	70.204910
507.606445	133.947113
506.354492	261.177277
505.102539	320.470428
503.850586	379.739471
502.597656	657.859741
501.344727	520.077515
500.090820	588.012329
498.837891	485.318054
497.583984	419.847076
496.330078	533.705933
495.075195	538.220093
493.821289	359.173096
492.566406	374.679047
491.310547	595.538330
490.055664	606.657288
488.799805	654.903992
487.543945	827.594482
486.287109	1104.993530
485.031250	1109.528809
483.774414	1445.706787
482.517578	1725.053345
481.259766	1888.714966
480.001953	1886.628418
478.744141	1956.509521
477.486328	1921.780029
476.227539	2133.309082
474.969727	2179.226318
473.709961	2129.304932
472.451172	2432.211670
471.191406	2338.785889
469.931641	2404.328857
468.671875	2282.732666
467.411133	2302.632324
466.151367	2131.154785
464.889648	2005.436401
463.628906	2029.843018
462.367188	1760.806396
461.105469	1454.975708
459.843750	1297.067383
458.582031	1121.883545
457.319336	1192.227051
456.056641	945.544922
454.793945	853.142029
453.530273	847.623535
452.266602	1098.201660
451.002930	1335.685791
449.738281	1481.985352
448.474609	1647.777222
447.209961	1824.354126
445.944336	1953.183105
444.679688	1925.947144
443.414063	2037.407349
442.148438	2287.478760
440.881836	2494.132080
439.616211	3198.746094
438.349609	3599.974854
437.082031	4117.905273
435.815430	4958.049805
434.547852	5752.390137
433.280273	6790.800781
432.011719	7378.940918
430.744141	7873.856445
429.475586	7832.458496
428.207031	8212.476563
426.937500	8724.094727
425.667969	9483.883789
424.398438	11066.159180
423.128906	12619.637695
421.858398	14893.417969
420.587891	17071.195313
419.317383	19012.761719
418.046875	20137.933594
416.775391	20168.984375
415.503906	18951.363281
414.231445	16156.000977
412.959961	13361.764648
411.687500	10667.760742
410.415039	8058.840820
409.141602	6159.623535
407.868164	5006.256348
406.594727	4023.352051
405.321289	3548.760986
404.047852	2846.082031
402.773438	2778.297607
401.498047	2383.356201
400.223633	2035.721558
398.948242	1795.542725
397.672852	1589.649902
396.397461	1450.251709
395.121094	1418.108887
393.845703	1460.933838
392.568359	1194.132446
391.291992	1449.032593
390.014648	1422.242676
388.737305	1571.174316
387.459961	1610.258179
386.181641	1436.542603
384.904297	1238.956299
383.625000	1294.131592
382.346680	1072.285522
381.067383	1205.981323
379.788086	766.906128
378.508789	473.283997
377.228516	644.209167
375.949219	441.877686
374.667969	393.275055
373.387695	372.004425
372.106445	228.154221
370.825195	40.980370
369.543945	180.645172
368.261719	101.404549
366.980469	192.656403
365.697266	-54.693859
364.415039	-26.852661
363.131836	-70.311050
361.848633	-37.588894
360.565430	167.373779
359.281250	170.626923
357.998047	243.519516
356.712891	208.703461
355.428711	431.286163
354.143555	443.665131
352.858398	559.602722
351.573242	909.119385
350.287109	941.775146
349.001953	973.358887
347.714844	1059.175049
346.428711	1192.841919
345.141602	1171.806763
343.854492	1126.108643
342.567383	1307.047974
341.279297	1054.289673
339.991211	708.734985
338.703125	751.435669
337.415039	596.893433
336.125977	494.076385
334.836914	387.636108
333.547852	411.505005
332.257813	174.295731
330.967773	303.247101
329.677734	52.115501
328.387695	5.407218
327.096680	54.549503
325.805664	-197.686005
324.513672	-171.526703
323.222656	52.213860
321.930664	61.497929
320.638672	19.847126
319.345703	126.602066
318.052734	35.924572
316.759766	159.277023
315.466797	318.362732
314.172852	404.930115
312.878906	455.043854
311.584961	379.674774
310.291016	335.585327
308.996094	453.919800
307.701172	518.596436
306.405273	315.695770
305.110352	186.210556
303.814453	106.587265
302.518555	136.024902
301.221680	-28.163120
299.924805	-91.926849
