1999.901367	15.058672
1998.937500	-106.487282
1997.973633	-25.877747
1997.008789	-164.253448
1996.043945	-25.962879
1995.079102	44.539101
1994.114258	99.324448
1993.149414	173.094513
1992.183594	43.056423
1991.218750	-114.936752
1990.252930	357.501495
1989.287109	200.547775
1988.320313	275.525543
1987.354492	231.063461
1986.387695	346.727020
1985.421875	174.885925
1984.455078	425.244751
1983.487305	316.538513
1982.520508	266.599335
1981.553711	117.297791
1980.585938	221.966644
1979.618164	177.890320
1978.650391	419.779175
1977.682617	184.597107
1976.713867	247.727066
1975.745117	490.549713
1974.777344	288.688324
1973.808594	431.883270
1972.838867	157.770126
1971.870117	314.946289
1970.901367	481.557800
1969.931641	499.839661
1968.961914	91.363380
1967.992188	335.759155
1967.021484	143.645706
1966.051758	113.883354
1965.081055	64.142334
1964.110352	349.042053
1963.139648	424.297943
1962.168945	354.039215
1961.198242	463.227753
1960.226563	569.685242
1959.254883	491.367889
1958.283203	393.192719
1957.311523	363.715179
1956.339844	609.451294
1955.367188	230.488052
1954.395508	257.054962
1953.422852	283.450928
1952.450195	464.479187
1951.477539	370.163300
1950.503906	224.170074
1949.530273	41.272221
1948.557617	-33.647003
1947.583984	438.755951
1946.609375	-56.103447
1945.635742	280.971313
1944.662109	360.230255
1943.687500	292.204010
1942.712891	47.552109
1941.738281	178.077835
1940.762695	458.035614
1939.788086	350.564880
1938.812500	7.822085
1937.836914	275.254059
1936.861328	192.239273
1935.885742	221.886368
1934.910156	-115.825043
1933.933594	378.998413
1932.957031	41.337910
1931.980469	207.956680
1931.003906	217.897034
1930.027344	-51.075272
1929.049805	247.532761
1928.073242	264.787567
1927.095703	198.902390
1926.118164	-25.854641
1925.139648	304.322327
1924.162109	-35.204144
1923.183594	6.569671
1922.205078	45.903412
1921.226563	160.959793
1920.248047	202.738327
1919.269531	137.102600
1918.290039	86.165169
1917.310547	-84.312218
1916.331055	-118.045479
1915.351563	206.900696
1914.372070	248.812088
1913.391602	137.100586
1912.412109	-128.141190
1911.431641	245.472351
1910.451172	-34.235687
1909.469727	-82.288330
1908.489258	-52.310505
1907.507813	77.575401
1906.527344	49.147373
1905.544922	45.122478
1904.563477	-2.677300
1903.582031	-242.716888
1902.599609	8.998843
1901.618164	-16.728701
1900.635742	13.554227
1899.652344	34.140686
1898.669922	62.063946
1897.687500	-7.236894
1896.704102	-13.259157
1895.720703	245.698944
1894.737305	81.763885
1893.753906	88.011284
1892.769531	43.286453
1891.785156	-212.680984
1890.801758	-191.681213
1889.817383	-22.550398
1888.832031	-6.367441
1887.847656	187.016281
1886.862305	125.584961
1885.876953	73.918137
1884.892578	131.459396
1883.906250	157.487534
1882.920898	-148.640076
1881.934570	112.646774
1880.949219	92.711632
1879.962891	29.194061
1878.976563	-191.756714
1877.989258	-10.478349
1877.002930	3.643223
1876.015625	187.288651
1875.028320	77.940826
1874.041016	-258.880463
1873.053711	33.679527
1872.066406	-68.261871
1871.078125	122.577675
1870.089844	-109.925659
1869.101563	61.528008
1868.113281	-47.543697
1867.125000	-212.168091
1866.135742	-253.458466
1865.146484	-169.072067
1864.157227	207.627777
1863.167969	2.026719
1862.178711	-15.117521
1861.188477	-114.359749
1860.198242	-3.531173
1859.208984	109.660065
1858.217773	-20.947397
1857.227539	186.284988
1856.237305	-86.647903
1855.246094	93.954849
1854.254883	170.776642
1853.263672	-34.547997
1852.272461	165.165268
1851.280273	167.143555
1850.289063	229.336136
1849.296875	19.229691
1848.304688	50.049713
1847.312500	97.681671
1846.319336	174.153290
1845.327148	250.557693
1844.333984	110.262085
1843.340820	176.937408
1842.347656	5.340223
1841.354492	-5.063896
1840.360352	104.743729
1839.366211	-35.634125
1838.372070	215.883331
1837.377930	123.500954
1836.383789	-115.510033
1835.388672	46.792660
1834.394531	115.275711
1833.399414	77.977165
1832.404297	40.624249
1831.409180	291.347656
1830.413086	-7.847191
1829.416992	225.841431
1828.421875	267.386383
1827.425781	-46.261940
1826.428711	-259.121490
1825.432617	-6.696228
1824.435547	214.374893
1823.439453	121.205437
1822.442383	214.949158
1821.444336	210.303040
1820.447266	52.215172
1819.449219	47.412098
1818.452148	195.811081
1817.454102	154.863892
1816.456055	123.408669
1815.457031	249.854156
1814.458984	278.019806
1813.459961	69.160461
1812.460938	161.727020
1811.461914	110.624939
1810.462891	112.044884
1809.462891	10.525951
1808.462891	88.232468
1807.463867	168.185669
1806.462891	59.186329
1805.462891	122.144318
1804.462891	211.233414
1803.461914	99.529266
1802.460938	-57.630085
1801.459961	-38.179726
1800.458984	43.198223
1799.457031	52.811462
1798.456055	148.194489
1797.454102	-178.872818
1796.452148	102.297089
1795.450195	82.734169
1794.447266	117.876472
1793.445313	245.843933
1792.442383	-10.123794
1791.439453	-1.620569
1790.436523	309.323151
1789.432617	-44.613850
1788.429688	39.670311
1787.425781	-178.645493
1786.421875	79.127968
1785.417969	-134.649963
1784.413086	-205.710236
1783.409180	-10.394696
1782.404297	-8.008142
1781.399414	34.659042
1780.394531	98.557213
1779.389648	-113.526344
1778.383789	-80.845741
1777.378906	82.392952
1776.373047	83.817924
1775.366211	163.477875
1774.360352	117.062263
1773.354492	42.005322
1772.347656	90.279770
1771.340820	183.480850
1770.333984	236.133453
1769.327148	75.024261
1768.319336	253.094254
1767.312500	120.183708
1766.304688	6.123180
1765.296875	-60.631588
1764.288086	-163.097107
1763.280273	104.101448
1762.271484	32.121693
1761.262695	-165.580872
1760.253906	6.196722
1759.245117	-9.375694
1758.236328	-8.532576
1757.226563	136.563202
1756.216797	172.543869
1755.207031	146.805954
1754.197266	243.961823
1753.186523	-42.373589
1752.176758	21.330727
1751.166016	-83.082230
1750.155273	-3.188066
1749.144531	-93.706276
1748.132813	92.177673
1747.122070	157.312912
1746.110352	118.285194
1745.098633	-5.937181
1744.086914	-9.823542
1743.074219	-4.440825
1742.062500	-164.479202
1741.049805	-157.039871
1740.037109	-211.128174
1739.024414	173.523026
1738.010742	15.249522
1736.998047	38.504414
1735.984375	12.052348
1734.970703	-92.359169
1733.957031	-36.593689
1732.942383	73.183968
1731.928711	126.219597
1730.914063	120.161247
1729.899414	-128.674301
1728.884766	-45.504955
1727.869141	-230.968765
1726.854492	-13.937463
1725.838867	-1.934232
1724.823242	47.561699
1723.807617	-136.046326
1722.791016	162.485886
1721.775391	42.123127
1720.758789	-165.365112
1719.742188	76.123833
1718.725586	-68.125687
1717.708984	-10.355673
1716.691406	204.657883
1715.673828	313.727295
1714.656250	44.455368
1713.638672	141.483017
1712.621094	285.290039
1711.602539	55.639999
1710.583984	34.820572
1709.565430	110.078255
1708.546875	63.172249
1707.528320	-70.639191
1706.508789	32.311264
1705.490234	369.580872
1704.470703	47.826027
1703.450195	328.412140
1702.430664	140.102310
1701.411133	-67.006554
1700.390625	-16.506466
1699.370117	87.716080
1698.349609	-84.532600
1697.328125	-13.377019
1696.307617	-209.188324
1695.286133	-91.469208
1694.264648	-44.106457
1693.243164	113.071571
1692.220703	33.828613
1691.199219	260.859131
1690.176758	-57.079784
1689.154297	99.517326
1688.131836	470.958893
1687.108398	232.269028
1686.085938	320.653961
1685.062500	271.076019
1684.039063	198.063629
1683.015625	160.003464
1681.992188	51.831043
1680.967773	-33.075466
1679.943359	194.647736
1678.918945	258.878601
1677.894531	227.360291
1676.870117	214.424866
1675.844727	252.685593
1674.819336	223.243027
1673.793945	284.632416
1672.768555	418.159515
1671.743164	444.383972
1670.716797	277.157043
1669.690430	375.429352
1668.664063	268.678558
1667.637695	394.712433
1666.610352	259.911346
1665.583984	560.304993
1664.556641	378.862946
1663.529297	539.395569
1662.501953	585.842529
1661.473633	620.565430
1660.446289	625.017334
1659.417969	631.720215
1658.389648	868.451477
1657.360352	879.633118
1656.332031	763.011658
1655.302734	848.446472
1654.273438	970.961426
1653.244141	1046.957031
1652.214844	1122.882935
1651.185547	1131.440308
1650.155273	1573.867798
1649.125000	1445.368774
1648.094727	1418.951416
1647.064453	1587.325073
1646.033203	1859.929077
1645.001953	1599.213257
1643.971680	1848.514038
1642.939453	1858.971680
1641.908203	1568.237671
1640.876953	1845.130249
1639.844727	2057.034424
1638.812500	1798.796143
1637.780273	2232.863281
1636.747070	2314.911621
1635.714844	2184.043701
1634.681641	2310.030518
1633.648438	2121.364990
1632.615234	2159.436035
1631.582031	2412.552490
1630.547852	2203.171631
1629.513672	2581.003174
1628.479492	2304.677734
1627.445313	2527.563477
1626.411133	2581.742188
1625.375977	2497.319824
1624.340820	2549.197021
1623.305664	2681.889893
1622.270508	2782.240479
1621.235352	2700.260742
1620.199219	3012.896484
1619.163086	3000.159424
1618.126953	2950.559814
1617.090820	3500.605469
1616.053711	3077.471191
1615.017578	3325.381104
1613.980469	3448.763672
1612.943359	3479.974609
1611.905273	3368.363770
1610.868164	3883.397949
1609.830078	3852.462402
1608.791992	3888.372070
1607.753906	3809.220215
1606.715820	3877.466553
1605.676758	3862.887207
1604.638672	4096.877441
1603.599609	4415.935059
1602.560547	4698.141113
1601.520508	4656.078125
1600.481445	4818.729004
1599.441406	5050.329102
1598.401367	5720.838867
1597.361328	6280.887207
1596.320313	6574.311035
1595.280273	7049.162598
1594.239258	7622.634277
1593.198242	8508.200195
1592.157227	9127.250000
1591.115234	9881.531250
1590.074219	10761.827148
1589.032227	11006.419922
1587.990234	11691.377930
1586.947266	12272.960938
1585.905273	12570.149414
1584.862305	12702.272461
1583.819336	12655.693359
1582.776367	12652.775391
1581.733398	12258.236328
1580.689453	12015.111328
1579.646484	11937.091797
1578.602539	11055.585938
1577.557617	10604.870117
1576.513672	10543.531250
1575.469727	11342.688477
1574.424805	11620.041992
1573.379883	12540.132813
1572.334961	13306.776367
1571.289063	13755.424805
1570.244141	13881.733398
1569.198242	13459.596680
1568.152344	11844.977539
1567.105469	10690.314453
1566.059570	9476.871094
1565.012695	8206.938477
1563.965820	6955.910645
1562.918945	6036.523438
1561.872070	5391.522949
1560.824219	4938.585449
1559.777344	4517.933105
1558.729492	4172.854492
1557.681641	3568.081543
1556.632813	3627.192871
1555.584961	2895.417236
1554.536133	2683.728027
1553.487305	2470.001221
1552.438477	2486.630615
1551.388672	2302.949463
1550.339844	2135.459961
1549.290039	1788.309326
1548.240234	1885.382080
1547.190430	1736.769409
1546.139648	1893.304810
1545.088867	1699.573853
1544.038086	1820.003296
1542.987305	1867.782104
1541.936523	1513.253296
1540.884766	1654.619995
1539.833984	1441.547852
1538.782227	1649.135742
1537.730469	1254.733398
1536.677734	1346.775146
1535.625977	1511.651855
1534.573242	1367.822754
1533.520508	1410.396851
1532.467773	1010.531372
1531.414063	1246.415405
1530.360352	1042.231323
1529.307617	1312.432373
1528.252930	1203.942139
1527.199219	1082.092773
1526.145508	1141.852905
1525.090820	825.510132
1524.036133	620.530884
1522.981445	703.582092
1521.925781	594.235046
1520.871094	532.703125
1519.815430	364.956543
1518.759766	342.370819
1517.704102	347.157623
1516.647461	248.035629
1515.591797	20.194695
1514.535156	-82.941940
1513.478516	72.004028
1512.421875	-152.800766
1511.364258	-17.847658
1510.306641	-185.630081
1509.249023	-57.086945
1508.191406	-100.108337
1507.133789	-99.982819
1506.075195	-72.550453
1505.016602	-108.145622
1503.958008	61.933300
1502.899414	80.919144
1501.840820	9.839660
1500.781250	162.373230
1499.721680	213.543762
1498.662109	98.003937
1497.602539	185.673981
1496.541992	-28.591230
1495.482422	336.755432
1494.421875	476.798615
1493.361328	484.064819
1492.299805	496.044373
1491.239258	913.657715
1490.177734	1383.110229
1489.116211	1485.610962
1488.053711	1511.752563
1486.992188	1974.705933
1485.929688	1841.419800
1484.867188	1760.161255
1483.804688	2115.463379
1482.742188	1587.105591
1481.678711	1234.542969
1480.616211	1255.455200
1479.552734	1314.784058
1478.489258	682.314331
1477.424805	955.586060
1476.360352	752.909058
1475.296875	835.641479
1474.232422	981.431763
1473.166992	1125.272583
1472.102539	997.541504
1471.037109	854.476135
1469.971680	722.641052
1468.906250	681.061279
1467.840820	471.463135
1466.774414	71.814011
1465.708008	98.232185
1464.641602	153.996613
1463.575195	124.864716
1462.508789	178.621277
1461.441406	150.541199
1460.374023	285.517090
1459.306641	38.571922
1458.238281	177.785843
1457.170898	107.876221
1456.102539	162.578186
1455.034180	57.341850
1453.965820	86.119774
1452.897461	6.856692
1451.828125	-65.469696
1450.758789	8.507806
1449.689453	-33.064953
1448.620117	140.418793
1447.549805	12.441366
1446.479492	-109.505913
1445.409180	86.461014
1444.338867	34.704712
1443.268555	263.134583
1442.197266	131.761169
1441.125977	197.553238
1440.054688	44.275620
1438.983398	194.240005
1437.912109	216.541290
1436.839844	512.583374
1435.767578	236.777420
1434.695313	194.099075
1433.622070	263.984039
1432.549805	236.390457
1431.476563	219.136047
1430.403320	438.289124
1429.330078	192.590912
1428.255859	402.183014
1427.181641	218.844086
1426.107422	-159.940567
1425.033203	115.628807
1423.958984	159.340225
1422.883789	5.716967
1421.809570	74.084457
1420.734375	165.832245
1419.658203	434.748810
1418.583008	649.357666
1417.506836	566.580688
1416.430664	481.391846
1415.354492	641.547729
1414.278320	764.332397
1413.201172	805.073181
1412.124023	1043.987549
1411.046875	733.285156
1409.969727	978.205017
1408.892578	734.212769
1407.814453	616.820007
1406.736328	907.464111
1405.658203	717.542114
1404.579102	641.111145
1403.500977	646.273987
1402.421875	655.456726
1401.342773	457.826355
1400.263672	655.604065
1399.183594	758.845703
1398.104492	614.869263
1397.024414	468.110229
1395.944336	321.722839
1394.863281	543.622925
1393.783203	334.328308
1392.702148	308.373291
1391.621094	346.249390
1390.539063	379.388550
1389.458008	505.938324
1388.375977	738.199707
1387.293945	650.743713
1386.211914	644.018005
1385.129883	856.210632
1384.046875	691.730835
1382.963867	779.832581
1381.880859	1025.367920
1380.797852	690.499390
1379.713867	997.691406
1378.630859	904.752808
1377.546875	1139.821167
1376.462891	1169.389893
1375.377930	1258.050781
1374.292969	1515.041138
1373.208984	1217.502075
1372.124023	1135.972778
1371.038086	1450.447998
1369.953125	1206.029541
1368.867188	1348.788574
1367.781250	1403.682129
1366.695313	1488.124634
1365.608398	1402.754028
1364.522461	1653.217529
1363.435547	1543.308228
1362.348633	1526.621216
1361.260742	1574.460938
1360.173828	1631.247192
1359.085938	1764.498413
1357.998047	1785.340576
1356.910156	1713.996704
1355.821289	1454.830078
1354.733398	1740.824219
1353.644531	1320.748169
1352.554688	1460.862549
1351.465820	1436.776978
1350.375977	1561.228027
1349.287109	1695.864380
1348.197266	1692.477661
1347.106445	1853.361450
1346.016602	1577.345093
1344.925781	1394.804932
1343.834961	1377.879517
1342.744141	1530.692139
1341.652344	1584.167725
1340.561523	1300.970947
1339.469727	1700.039307
1338.377930	1434.917236
1337.285156	1479.137451
1336.193359	1176.246582
1335.100586	1468.891968
1334.007813	1444.375366
1332.915039	1625.704956
1331.821289	1508.687134
1330.728516	1644.854370
1329.634766	1609.833008
1328.541016	1633.965698
1327.446289	1615.662476
1326.352539	1615.820679
1325.257813	1639.598389
1324.163086	1555.482422
1323.067383	1360.156738
1321.972656	1260.631226
1320.876953	1233.560669
1319.781250	1293.328125
1318.685547	1136.129272
1317.588867	995.030945
1316.493164	1202.943115
1315.396484	1182.835449
1314.299805	1112.522461
1313.202148	1235.788086
1312.105469	1203.280151
1311.007813	1102.357422
1309.910156	986.722839
1308.811523	1093.877197
1307.713867	1020.038696
1306.615234	1057.864990
1305.516602	1169.174072
1304.417969	1160.941040
1303.319336	998.531494
1302.219727	1105.676880
1301.120117	902.060608
1300.020508	1016.456360
1298.919922	971.972778
1297.820313	784.915283
1296.719727	847.799561
1295.619141	909.713135
1294.518555	903.230591
1293.416992	746.997681
1292.315430	893.504333
1291.213867	715.536011
1290.112305	724.685059
1289.010742	786.111938
1287.908203	439.652069
1286.805664	487.117493
1285.703125	387.752808
1284.600586	297.074127
1283.497070	294.020325
1282.393555	333.839020
1281.290039	265.507263
1280.186523	208.384949
1279.082031	216.832886
1277.977539	81.188553
1276.873047	125.395844
1275.768555	17.728733
1274.664063	85.970978
1273.558594	-51.280273
1272.453125	-16.197229
1271.347656	44.493153
1270.242188	192.878372
1269.135742	-1.486404
1268.029297	-73.801643
1266.922852	38.173515
1265.816406	17.544199
1264.708984	-171.217468
1263.601563	-190.931976
1262.494141	-126.879883
1261.386719	-58.267559
1260.278320	-222.093628
1259.170898	-42.758186
1258.062500	-110.907631
1256.953125	-141.610641
1255.844727	-54.404835
1254.735352	-186.115433
1253.625977	-43.658302
1252.516602	-16.715282
1251.407227	-120.955521
1250.296875	-162.262558
1249.186523	0.466473
1248.076172	-7.182665
1246.965820	42.768406
1245.854492	50.654800
1244.744141	-2.075959
1243.632813	-64.350212
1242.520508	96.261528
1241.409180	-116.251945
1240.296875	-100.104263
1239.184570	-235.961670
1238.072266	-10.785143
1236.959961	-28.618647
1235.846680	-24.641977
1234.733398	3.367524
1233.620117	14.237019
1232.505859	142.565918
1231.392578	20.878101
1230.278320	4.616485
1229.164063	141.450317
1228.049805	4.815208
1226.934570	108.702003
1225.819336	54.636578
1224.704102	95.480377
1223.588867	73.698395
1222.472656	10.667039
1221.357422	204.154419
1220.241211	227.972733
1219.124023	-15.600638
1218.007813	77.356117
1216.890625	178.020126
1215.773438	105.385689
1214.656250	330.310455
1213.539063	154.872833
1212.420898	53.062107
1211.302734	126.882614
1210.184570	106.415726
1209.066406	201.041641
1207.947266	187.876434
1206.828125	151.608307
1205.708984	138.174179
1204.589844	88.625206
1203.469727	236.651474
1202.350586	66.116150
1201.230469	282.223206
1200.109375	295.204285
1198.989258	95.186722
1197.868164	327.298889
1196.747070	377.339111
1195.625977	521.745422
1194.503906	510.235718
1193.382813	727.532837
1192.260742	727.247986
1191.138672	772.436646
1190.015625	881.515808
1188.893555	1021.088867
1187.770508	1067.563232
1186.646484	1130.499878
1185.523438	1226.980225
1184.400391	1295.528442
1183.276367	1361.923584
1182.152344	1438.350708
1181.027344	1320.863159
1179.903320	1260.267578
1178.778320	1251.863892
1177.653320	829.273438
1176.527344	779.200439
1175.402344	693.334961
1174.276367	565.802856
1173.150391	451.427612
1172.024414	308.983459
1170.897461	341.562225
1169.771484	290.870453
1168.644531	304.593750
1167.516602	225.636093
1166.389648	284.943787
1165.261719	216.889526
1164.133789	188.104233
1163.005859	98.866150
1161.877930	282.003387
1160.749023	237.285858
1159.620117	296.143677
1158.491211	379.819000
1157.362305	82.240593
1156.232422	249.347061
1155.102539	284.510284
1153.972656	271.665833
1152.842773	353.765930
1151.711914	129.810516
1150.581055	9.581932
1149.450195	90.506065
1148.319336	58.679733
1147.187500	165.562561
1146.055664	-62.761982
1144.923828	6.648674
1143.791992	73.031029
1142.659180	52.096413
1141.527344	-96.401550
1140.394531	-13.068743
1139.260742	-233.040909
1138.127930	-243.269989
1136.994141	-188.629868
1135.860352	34.234234
1134.726563	-31.548506
1133.591797	-75.093407
1132.458008	8.894458
1131.323242	52.316917
1130.187500	126.081306
1129.052734	151.946884
1127.916992	140.972321
1126.781250	8.768907
1125.645508	215.185654
1124.509766	172.460220
1123.373047	97.392799
1122.236328	241.482697
1121.099609	458.865082
1119.961914	316.756927
1118.825195	481.938416
1117.687500	674.834167
1116.549805	544.569946
1115.411133	588.202332
1114.273438	868.415344
1113.134766	708.808044
1111.996094	932.671387
1110.856445	925.243408
1109.717773	900.795654
1108.578125	1022.804565
1107.438477	993.002869
1106.297852	1195.765991
1105.158203	900.679688
1104.017578	1126.319336
1102.876953	1022.255920
1101.735352	1245.479004
1100.594727	1285.085327
1099.453125	1289.328857
1098.311523	1236.062866
1097.169922	1314.730347
1096.027344	1671.782715
1094.884766	1569.672974
1093.742188	1538.548218
1092.599609	1616.290161
1091.456055	1758.893555
1090.312500	2122.113525
1089.168945	2164.160156
1088.025391	2399.682129
1086.881836	2896.379395
1085.737305	3018.507568
1084.592773	3732.622803
1083.447266	3925.813721
1082.302734	4886.492188
1081.157227	5421.343750
1080.011719	6342.992188
1078.866211	7763.342285
1077.719727	8540.919922
1076.573242	10022.868164
1075.426758	11311.565430
1074.280273	12677.036133
1073.133789	13801.056641
1071.986328	15294.967773
1070.838867	16130.007813
1069.691406	16329.232422
1068.542969	15949.821289
1067.394531	15216.062500
1066.246094	13680.762695
1065.097656	12050.902344
1063.949219	10573.033203
1062.799805	9053.322266
1061.650391	7308.406738
1060.500977	6427.507324
1059.350586	5302.830566
1058.200195	4368.374023
1057.049805	3508.332031
1055.899414	2782.827881
1054.749023	2485.980713
1053.597656	2269.732178
1052.446289	2027.330688
1051.294922	1860.090332
1050.142578	1665.438965
1048.990234	1369.037231
1047.837891	1314.215820
1046.685547	1326.259766
1045.533203	900.066345
1044.379883	817.088623
1043.226563	803.805664
1042.073242	715.212280
1040.918945	977.068237
1039.764648	889.210022
1038.610352	677.021240
1037.456055	672.057312
1036.301758	852.592407
1035.146484	741.991638
1033.991211	795.104187
1032.835938	568.727844
1031.679688	931.768494
1030.523438	882.331360
1029.367188	1037.084229
1028.210938	1262.038574
1027.054688	1849.384521
1025.897461	2395.102295
1024.740234	3526.897705
1023.583008	4680.090820
1022.424805	5476.678223
1021.266602	5891.162109
1020.108398	5305.724121
1018.950195	4414.961426
1017.791992	3106.477051
1016.632813	2384.726074
1015.473633	2050.544922
1014.314453	1801.481934
1013.154297	1758.578491
1011.994141	1373.927368
1010.833984	1550.566406
1009.673828	1422.161255
1008.512695	1314.978882
1007.352539	1569.117310
1006.191406	1685.902588
1005.029297	1702.373413
1003.868164	1906.906250
1002.706055	1870.359375
1001.543945	2732.705322
1000.381836	3803.522217
999.218750	5863.134766
998.055664	7928.057617
996.892578	9092.929688
995.729492	7956.607910
994.565430	6279.808105
993.401367	4575.952637
992.237305	4277.154297
991.073242	4007.347900
989.908203	4034.445557
988.744141	3965.753662
987.579102	3733.962158
986.413086	3485.574219
985.248047	3521.141602
984.082031	3072.811768
982.916016	2720.384033
981.749023	2427.270996
980.583008	2056.034180
979.416016	1579.661865
978.249023	1533.126953
977.081055	1333.086426
975.914063	1335.646606
974.746094	1076.989136
973.578125	659.668823
972.409180	758.453979
971.241211	640.660645
970.072266	408.715851
968.903320	534.947632
967.733398	507.850830
966.563477	329.668671
965.394531	309.604218
964.223633	310.234100
963.053711	385.617126
961.882813	264.012085
960.711914	390.705109
959.541016	162.300949
958.370117	297.671936
957.198242	408.870453
956.026367	544.555603
954.854492	571.821289
953.681641	692.584229
952.508789	778.257263
951.335938	887.036926
950.163086	1189.861816
948.990234	1588.982178
947.816406	1450.371094
946.642578	1654.218018
945.468750	1784.808960
944.293945	2109.809570
943.119141	2076.393555
941.944336	2412.387695
940.769531	2473.221436
939.593750	2498.331299
938.418945	2485.178467
937.242188	2593.741943
936.066406	2868.542969
934.890625	2927.364990
933.713867	2968.275879
932.537109	3245.125732
931.359375	3299.449463
930.182617	3349.006592
929.004883	3335.856689
927.827148	3509.215820
926.648438	3659.988770
925.470703	3626.517578
924.291992	3579.589600
923.112305	3725.820557
921.933594	3932.657959
920.753906	3883.473389
919.574219	3893.603516
919.442383	3790.551514
918.277344	3875.963867
917.111328	3972.577148
915.945313	3943.529053
914.778320	3894.322754
913.612305	3901.198975
912.445313	3849.794678
911.278320	3598.919434
910.111328	3406.422607
908.943359	2978.748535
907.775391	3044.103027
906.607422	2701.800537
905.439453	2706.735596
904.270508	2364.662598
903.102539	2342.813721
901.933594	1920.399414
900.763672	1730.867188
899.594727	1496.667603
898.424805	1412.425659
897.254883	1113.555298
896.084961	980.248413
894.914063	889.474915
893.744141	926.113037
892.573242	944.871460
891.401367	733.548645
890.230469	864.009949
889.058594	706.380127
887.886719	794.385620
886.714844	697.098145
885.542969	428.020020
884.370117	705.674744
883.197266	679.848328
882.024414	529.138672
880.850586	382.955078
879.677734	330.448029
878.503906	277.965698
877.330078	299.035248
876.155273	224.299103
874.981445	78.299454
873.806641	94.931259
872.631836	198.382736
871.456055	125.931038
870.280273	180.359116
869.105469	203.594421
867.928711	44.400463
866.752930	3.136299
865.576172	26.374411
864.400391	-6.002138
863.222656	79.450577
862.045898	138.175751
860.868164	116.878502
859.691406	100.007401
858.512695	16.511034
857.334961	-93.625282
856.156250	-61.637016
854.978516	-5.273746
853.799805	-99.855019
852.620117	-74.595634
851.441406	92.594780
850.261719	-55.236309
849.082031	-1.246304
847.901367	-164.557999
846.721680	-190.413910
845.541016	-171.957199
844.360352	-297.550293
843.178711	-108.562210
841.998047	-12.706990
840.816406	-18.769627
839.634766	-31.502136
838.453125	181.495880
837.270508	-37.129158
836.087891	-41.095024
834.905273	209.278931
833.722656	410.859894
832.539063	163.485489
831.355469	212.392166
830.171875	373.955872
828.988281	60.330872
827.803711	349.917145
826.620117	352.193787
825.434570	396.397888
824.250000	208.706314
823.065430	394.096161
821.879883	232.878311
820.694336	135.666458
819.507813	184.049698
818.322266	2.975498
817.135742	331.313507
815.949219	211.915878
814.762695	24.181887
813.575195	259.598877
812.387695	155.553223
811.200195	84.535103
810.012695	161.048294
808.824219	63.523262
807.635742	-34.022526
806.447266	-41.347973
805.258789	54.692322
804.069336	45.030552
802.879883	418.046692
801.690430	298.220123
800.500977	-21.710995
799.310547	188.216568
798.120117	233.148621
796.929688	326.333130
795.739258	371.074646
794.547852	213.653519
793.356445	267.041046
792.165039	208.357208
790.973633	314.252319
789.781250	60.109013
788.588867	73.683006
787.396484	313.127502
786.204102	368.154388
785.010742	407.730927
783.817383	304.703033
782.624023	265.197540
781.430664	304.516113
780.236328	253.905182
779.041992	424.472565
777.847656	334.257294
776.653320	239.609894
775.458008	151.482513
774.262695	282.172791
773.067383	268.288116
771.872070	276.192719
770.675781	362.748627
769.479492	490.722534
768.283203	568.257080
767.085938	656.593933
765.889648	430.068939
764.692383	664.599121
763.494141	647.698792
762.296875	593.565857
761.098633	469.476044
759.900391	594.227051
758.702148	491.806335
757.502930	393.688293
756.304688	478.781647
755.105469	465.568390
753.905273	508.959503
752.706055	495.523407
751.505859	667.294373
750.305664	673.226196
749.105469	790.182251
747.904297	723.962646
746.704102	677.257874
745.501953	671.840393
744.300781	672.837585
743.099609	678.070007
741.897461	670.125305
740.695313	686.001160
739.492188	688.698181
738.290039	776.100647
737.086914	671.977112
735.883789	652.568787
734.679688	867.811462
733.476563	732.939026
732.272461	808.765076
731.068359	966.984558
729.863281	797.053345
728.659180	700.894714
727.454102	891.224854
726.249023	862.120972
725.042969	858.942932
723.836914	901.200867
722.631836	1025.741089
721.424805	1167.450684
720.218750	868.805969
719.011719	1363.585449
717.804688	1353.025513
716.597656	1478.855957
715.389648	1647.830933
714.182617	1703.969116
712.974609	1974.342773
711.765625	1913.207275
710.557617	1901.751953
709.348633	1792.777100
708.139648	2114.301270
706.930664	1955.304810
705.720703	1943.312256
704.510742	1838.208008
703.300781	1828.138306
702.090820	1724.994751
700.879883	1721.164917
699.668945	1959.186890
698.458008	1862.155396
697.247070	2080.340088
696.035156	2175.221924
694.823242	2436.154053
693.611328	2897.563232
692.399414	3386.695801
691.186523	4065.338135
689.973633	5108.083984
688.760742	5531.342285
687.546875	6238.883789
686.333008	7191.730469
685.119141	8256.107422
683.905273	9593.547852
682.691406	10951.833984
681.476563	11997.114258
680.261719	13196.859375
679.045898	14098.871094
677.831055	14374.016602
676.615234	14388.525391
675.399414	14170.533203
674.183594	12999.582031
672.966797	12153.733398
671.750000	10624.363281
670.533203	9347.022461
669.315430	7857.313477
668.098633	6780.673340
666.880859	5551.826660
665.663086	4890.412598
664.444336	4237.737305
663.225586	3531.538574
662.006836	2934.985596
660.788086	2473.765381
659.569336	2469.633545
658.349609	2175.779785
657.129883	1929.114990
655.910156	1791.791504
654.689453	1720.861206
653.468750	1559.822144
652.248047	1469.451904
651.027344	1501.123657
649.805664	1554.083252
648.583984	1574.784546
647.362305	1610.352661
646.139648	1438.148682
644.917969	1535.576538
643.695313	1406.039551
642.472656	1421.920532
641.249023	1448.379150
640.025391	1517.489990
638.801758	1607.847290
637.578125	1495.007324
636.354492	1241.072144
635.129883	1380.268433
633.905273	1271.520020
632.679688	1220.379761
631.455078	1579.132568
630.229492	1194.742798
629.003906	1271.433350
627.777344	1070.596802
626.551758	1140.706299
625.325195	1368.532349
624.097656	1203.794434
622.871094	1422.817627
621.643555	1375.213013
620.416016	1333.944336
619.188477	1448.157349
617.959961	1332.176758
616.732422	1248.126221
615.502930	1106.534912
614.274414	1177.829834
613.045898	1112.809570
611.816406	911.555603
610.585938	965.619751
609.356445	949.415527
608.125977	979.936890
606.895508	931.722717
605.665039	930.240051
604.434570	971.211853
603.203125	986.612000
601.971680	808.641907
600.740234	821.852539
599.507813	741.576294
598.275391	858.732361
597.042969	801.751770
595.810547	704.439575
594.577148	416.179871
593.343750	511.945679
592.110352	501.605621
590.876953	478.522369
589.642578	234.953094
588.408203	141.941284
587.173828	229.059647
585.938477	100.031143
584.703125	91.769455
583.467773	-39.319649
582.232422	-81.443710
580.996094	-106.631729
579.760742	-23.878931
578.523438	-66.010597
577.287109	65.340553
576.049805	116.264496
574.812500	133.341019
573.575195	-52.523148
572.337891	-187.574554
571.099609	-3.490596
569.861328	-15.943467
568.623047	7.532158
567.383789	92.249176
566.144531	-74.287910
564.905273	191.986786
563.666016	200.711395
562.425781	327.607117
561.185547	277.286682
559.945313	237.566956
558.705078	60.843796
557.463867	4.390231
556.222656	-22.491709
554.981445	-42.996010
553.739258	-204.606461
552.497070	-58.579762
551.254883	1.096069
550.012695	-52.893158
548.769531	166.831161
547.526367	9.813802
546.283203	105.408440
545.039063	85.318954
543.795898	134.712250
542.551758	259.840668
541.306641	124.296158
540.062500	68.755981
538.817383	210.830078
537.572266	298.293976
536.327148	171.549866
535.081055	135.230499
533.834961	-115.146736
532.588867	37.689362
531.341797	47.828629
530.095703	39.170517
528.848633	-0.871622
527.600586	78.731232
526.353516	-110.000969
525.105469	-141.339203
523.857422	101.996605
522.608398	-96.834312
521.360352	-16.839201
520.111328	-269.828766
518.862305	-20.019579
517.612305	114.621628
516.362305	-37.471676
515.112305	-170.565323
513.862305	-23.127371
512.611328	63.677238
511.361328	-4.215343
510.109375	-23.895767
508.858398	42.252754
507.606445	323.751373
506.354492	408.803680
505.102539	525.260315
503.850586	781.715881
502.597656	1029.806152
501.344727	929.221252
500.090820	880.961182
498.837891	757.698608
497.583984	753.515747
496.330078	786.985657
495.075195	520.207825
493.821289	578.933899
492.566406	616.880920
491.310547	713.263672
490.055664	572.149414
488.799805	772.857788
487.543945	792.358887
486.287109	1199.277100
485.031250	1198.036865
483.774414	1196.880737
482.517578	1258.242676
481.259766	1367.512329
480.001953	1422.728882
478.744141	1297.057373
477.486328	1743.329956
476.227539	1601.154541
474.969727	1810.367310
473.709961	1917.725830
472.451172	2062.497803
471.191406	2209.338135
469.931641	2258.566162
468.671875	1979.784302
467.411133	2064.418701
466.151367	1972.660278
464.889648	1895.493286
463.628906	1857.807251
462.367188	1569.212402
461.105469	1369.920776
459.843750	1288.894653
458.582031	1253.507813
457.319336	1187.053345
456.056641	1101.977661
454.793945	793.231140
453.530273	803.503479
452.266602	660.538330
451.002930	623.169128
449.738281	399.520142
448.474609	295.926086
447.209961	570.867188
445.944336	419.586945
444.679688	504.017975
443.414063	757.839722
442.148438	755.177673
440.881836	903.255310
439.616211	1011.909119
438.349609	990.267883
437.082031	1290.639160
435.815430	1617.580688
434.547852	1717.170776
433.280273	1905.288452
432.011719	1919.833862
430.744141	2041.450439
429.475586	2243.238525
428.207031	2193.174805
426.937500	2402.638916
425.667969	2749.854248
424.398438	3115.208496
423.128906	3632.578857
421.858398	4347.160156
420.587891	4935.520020
419.317383	5737.416016
418.046875	6308.103516
416.775391	6456.329590
415.503906	6272.881836
414.231445	5560.487305
412.959961	4568.321289
411.687500	3532.982178
410.415039	2888.224365
409.141602	2255.613770
407.868164	1883.752319
406.594727	1495.123413
405.321289	1627.822632
404.047852	1414.958496
402.773438	1384.332886
401.498047	1338.764038
400.223633	1157.187988
398.948242	1418.204224
397.672852	1352.324951
396.397461	1230.433472
395.121094	1343.669556
393.845703	1288.064575
392.568359	1366.970825
391.291992	1406.155151
390.014648	1579.711548
388.737305	1588.524658
387.459961	1635.387085
386.181641	1548.267700
384.904297	1470.528442
383.625000	1324.323364
382.346680	1160.865845
381.067383	914.647156
379.788086	839.281006
378.508789	906.001404
377.228516	812.142639
375.949219	651.827332
374.667969	249.283279
373.387695	446.299988
372.106445	-48.305489
370.825195	56.334114
369.543945	106.552841
368.261719	306.412354
366.980469	-78.736496
365.697266	59.098442
364.415039	5.770169
363.131836	69.211845
361.848633	-44.233349
360.565430	105.771729
359.281250	82.883423
357.998047	315.095337
356.712891	258.220795
355.428711	450.153870
354.143555	518.009827
352.858398	221.663437
351.573242	208.486847
350.287109	417.159790
349.001953	509.892548
347.714844	393.010773
346.428711	585.261536
345.141602	498.770569
343.854492	576.802979
342.567383	504.232208
341.279297	411.067749
339.991211	429.350494
338.703125	242.160278
337.415039	322.630859
336.125977	250.289413
334.836914	218.033890
333.547852	-44.070984
332.257813	-75.534943
330.967773	-71.194328
329.677734	96.605606
328.387695	-93.287903
327.096680	86.813248
325.805664	83.502014
324.513672	-135.665009
323.222656	-222.074753
321.930664	-119.353317
320.638672	16.502611
319.345703	209.597610
318.052734	196.841064
316.759766	338.425964
315.466797	92.081429
314.172852	252.651413
312.878906	520.657776
311.584961	649.341248
310.291016	509.372131
308.996094	450.289673
307.701172	522.573792
306.405273	384.614777
305.110352	420.361450
303.814453	276.084290
302.518555	131.573349
301.221680	47.145153
299.924805	-33.685566
