1999.901367	-8.073415
1998.937500	126.488380
1997.973633	-54.110313
1997.008789	35.552536
1996.043945	68.275146
1995.079102	-384.467072
1994.114258	-133.583405
1993.149414	374.807953
1992.183594	-84.958107
1991.218750	-160.817673
1990.252930	114.847427
1989.287109	207.360825
1988.320313	-170.153000
1987.354492	-260.552216
1986.387695	91.809464
1985.421875	159.737839
1984.455078	277.131470
1983.487305	137.476486
1982.520508	185.723190
1981.553711	-97.091164
1980.585938	-83.325653
1979.618164	-205.369370
1978.650391	267.783539
1977.682617	74.183929
1976.713867	206.527771
1975.745117	-85.648163
1974.777344	96.075630
1973.808594	-134.244659
1972.838867	281.803467
1971.870117	167.488617
1970.901367	-136.623703
1969.931641	170.780197
1968.961914	49.213821
1967.992188	-52.578114
1967.021484	-80.398926
1966.051758	177.555206
1965.081055	-170.457626
1964.110352	414.955139
1963.139648	256.624359
1962.168945	238.668030
1961.198242	395.465942
1960.226563	202.801041
1959.254883	285.755493
1958.283203	58.752155
1957.311523	139.249054
1956.339844	288.565613
1955.367188	78.908798
1954.395508	235.555420
1953.422852	296.305145
1952.450195	99.047012
1951.477539	292.450195
1950.503906	168.946411
1949.530273	-23.272451
1948.557617	66.915161
1947.583984	174.254395
1946.609375	-25.231922
1945.635742	-57.795982
1944.662109	47.033184
1943.687500	26.722628
1942.712891	38.292538
1941.738281	84.179947
1940.762695	-75.884377
1939.788086	-199.136749
1938.812500	371.177826
1937.836914	245.423431
1936.861328	-54.224503
1935.885742	-52.512413
1934.910156	110.807426
1933.933594	168.780289
1932.957031	-59.682678
1931.980469	108.412384
1931.003906	149.188278
1930.027344	13.789289
1929.049805	162.172852
1928.073242	34.132439
1927.095703	30.833145
1926.118164	-77.598862
1925.139648	-100.454216
1924.162109	-326.150177
1923.183594	-114.418228
1922.205078	-269.208252
1921.226563	113.376152
1920.248047	-58.522572
1919.269531	343.382629
1918.290039	-201.995773
1917.310547	111.900276
1916.331055	86.486748
1915.351563	61.066338
1914.372070	62.474934
1913.391602	88.257828
1912.412109	-115.187340
1911.431641	212.884323
1910.451172	143.523193
1909.469727	-115.903191
1908.489258	-39.018528
1907.507813	-227.699112
1906.527344	24.511503
1905.544922	-5.852597
1904.563477	78.205833
1903.582031	-76.336311
1902.599609	114.763412
1901.618164	106.240952
1900.635742	-167.467667
1899.652344	-83.522583
1898.669922	-116.361595
1897.687500	-30.058645
1896.704102	14.874746
1895.720703	295.542023
1894.737305	204.281143
1893.753906	210.228912
1892.769531	-104.493393
1891.785156	37.495060
1890.801758	-7.565452
1889.817383	-72.043861
1888.832031	-291.860016
1887.847656	-421.814697
1886.862305	195.629364
1885.876953	-19.303164
1884.892578	-15.867992
1883.906250	-36.692070
1882.920898	41.886906
1881.934570	236.788849
1880.949219	-11.946931
1879.962891	-158.820496
1878.976563	-22.177382
1877.989258	303.353485
1877.002930	229.125977
1876.015625	-278.531952
1875.028320	37.141621
1874.041016	251.021820
1873.053711	-60.361984
1872.066406	-71.599518
1871.078125	379.230988
1870.089844	75.223534
1869.101563	496.815735
1868.113281	-220.580215
1867.125000	-265.675171
1866.135742	-25.561096
1865.146484	-58.614616
1864.157227	-74.753624
1863.167969	-151.288574
1862.178711	83.747398
1861.188477	200.367737
1860.198242	186.563034
1859.208984	59.302464
1858.217773	-12.407107
1857.227539	241.632660
1856.237305	-73.765999
1855.246094	-335.990112
1854.254883	-226.752167
1853.263672	-57.288429
1852.272461	22.907022
1851.280273	117.525230
1850.289063	-26.466145
1849.296875	99.424294
1848.304688	179.491928
1847.312500	184.857910
1846.319336	-115.585640
1845.327148	-228.152191
1844.333984	-306.983307
1843.340820	69.038742
1842.347656	33.468632
1841.354492	113.372810
1840.360352	-141.081268
1839.366211	268.255371
1838.372070	57.124920
1837.377930	93.656303
1836.383789	305.609283
1835.388672	36.891537
1834.394531	299.207306
1833.399414	179.496811
1832.404297	230.332932
1831.409180	19.416815
1830.413086	-49.787315
1829.416992	217.051208
1828.421875	83.018959
1827.425781	244.141983
1826.428711	98.144844
1825.432617	103.288605
1824.435547	182.759399
1823.439453	127.925758
1822.442383	20.372200
1821.444336	-151.858353
1820.447266	-249.756729
1819.449219	52.452976
1818.452148	162.916702
1817.454102	0.326266
1816.456055	67.641373
1815.457031	-80.525536
1814.458984	75.313377
1813.459961	379.449463
1812.460938	271.947876
1811.461914	-139.318344
1810.462891	176.611664
1809.462891	-24.079422
1808.462891	124.339645
1807.463867	179.467316
1806.462891	217.840012
1805.462891	91.317673
1804.462891	7.832958
1803.461914	-94.738152
1802.460938	175.245789
1801.459961	337.675323
1800.458984	34.548454
1799.457031	-65.606575
1798.456055	177.870255
1797.454102	163.586349
1796.452148	-275.285553
1795.450195	41.988831
1794.447266	-24.751724
1793.445313	149.293533
1792.442383	137.352951
1791.439453	-98.601822
1790.436523	-158.170502
1789.432617	-170.082733
1788.429688	79.977966
1787.425781	153.722260
1786.421875	339.322998
1785.417969	-25.016764
1784.413086	124.824791
1783.409180	281.730682
1782.404297	350.544281
1781.399414	79.190437
1780.394531	-37.500851
1779.389648	38.425411
1778.383789	-118.651215
1777.378906	-57.027233
1776.373047	-40.587971
1775.366211	1.969186
1774.360352	113.377098
1773.354492	108.357109
1772.347656	72.460587
1771.340820	-53.651138
1770.333984	-160.739868
1769.327148	47.819332
1768.319336	308.485962
1767.312500	-80.948311
1766.304688	196.214905
1765.296875	63.021797
1764.288086	147.986526
1763.280273	-23.105005
1762.271484	71.291206
1761.262695	94.551476
1760.253906	84.621063
1759.245117	60.464737
1758.236328	206.810959
1757.226563	-96.777405
1756.216797	-66.482513
1755.207031	283.301025
1754.197266	72.112228
1753.186523	92.847916
1752.176758	170.327545
1751.166016	235.938553
1750.155273	-202.139801
1749.144531	-131.788437
1748.132813	411.250732
1747.122070	382.172333
1746.110352	-176.163696
1745.098633	-127.195175
1744.086914	-196.355743
1743.074219	-8.110053
1742.062500	-56.050407
1741.049805	-101.627541
1740.037109	-3.240150
1739.024414	-91.315994
1738.010742	42.387268
1736.998047	-64.568222
1735.984375	-341.289581
1734.970703	-75.630508
1733.957031	133.334793
1732.942383	123.012657
1731.928711	96.180237
1730.914063	104.683403
1729.899414	124.943954
1728.884766	-118.588867
1727.869141	2.922843
1726.854492	-63.964279
1725.838867	-337.968964
1724.823242	7.026026
1723.807617	-78.696106
1722.791016	-42.074825
1721.775391	-151.309204
1720.758789	71.044037
1719.742188	-49.956417
1718.725586	14.769578
1717.708984	-219.012299
1716.691406	-285.893921
1715.673828	-141.334122
1714.656250	5.501189
1713.638672	-68.479721
1712.621094	-212.884186
1711.602539	199.092316
1710.583984	68.743057
1709.565430	-82.693596
1708.546875	-37.014416
1707.528320	-155.565002
1706.508789	284.068512
1705.490234	-5.695224
1704.470703	213.348389
1703.450195	216.658401
1702.430664	121.530548
1701.411133	-60.267815
1700.390625	-31.184187
1699.370117	119.658875
1698.349609	-314.968964
1697.328125	48.885178
1696.307617	117.655853
1695.286133	-108.483810
1694.264648	100.652328
1693.243164	-123.085945
1692.220703	144.416275
1691.199219	421.154266
1690.176758	197.441711
1689.154297	-166.449265
1688.131836	112.485443
1687.108398	295.499390
1686.085938	158.369278
1685.062500	252.519974
1684.039063	-3.672775
1683.015625	158.156494
1681.992188	-25.577917
1680.967773	96.492729
1679.943359	-122.183472
1678.918945	139.819504
1677.894531	-46.150452
1676.870117	-143.434875
1675.844727	517.108398
1674.819336	284.517365
1673.793945	387.641937
1672.768555	609.564331
1671.743164	495.886505
1670.716797	549.963440
1669.690430	217.395691
1668.664063	266.830078
1667.637695	27.550058
1666.610352	286.475159
1665.583984	296.278992
1664.556641	31.515091
1663.529297	436.823181
1662.501953	209.334427
1661.473633	798.146057
1660.446289	452.088043
1659.417969	117.780281
1658.389648	318.130127
1657.360352	481.221130
1656.332031	330.615723
1655.302734	275.295166
1654.273438	301.272247
1653.244141	208.820831
1652.214844	376.394379
1651.185547	520.690491
1650.155273	495.535034
1649.125000	468.067749
1648.094727	394.214844
1647.064453	271.687653
1646.033203	327.747467
1645.001953	323.508789
1643.971680	745.740356
1642.939453	590.795776
1641.908203	662.964783
1640.876953	533.577209
1639.844727	786.376831
1638.812500	571.345276
1637.780273	518.451721
1636.747070	970.174438
1635.714844	567.786743
1634.681641	262.738892
1633.648438	473.674530
1632.615234	494.879364
1631.582031	708.010071
1630.547852	768.474548
1629.513672	613.953735
1628.479492	882.416870
1627.445313	515.372131
1626.411133	628.984192
1625.375977	1058.991089
1624.340820	754.497375
1623.305664	676.390503
1622.270508	683.733276
1621.235352	958.799744
1620.199219	470.003723
1619.163086	562.772217
1618.126953	540.185852
1617.090820	679.049744
1616.053711	951.598206
1615.017578	792.979431
1613.980469	675.923279
1612.943359	591.184753
1611.905273	610.170044
1610.868164	638.372986
1609.830078	915.300842
1608.791992	860.575867
1607.753906	1019.979736
1606.715820	937.669250
1605.676758	1057.910278
1604.638672	987.163025
1603.599609	1328.210449
1602.560547	1632.346680
1601.520508	1671.958374
1600.481445	1861.002075
1599.441406	2151.125977
1598.401367	2356.131836
1597.361328	2352.000732
1596.320313	3089.867432
1595.280273	3329.087158
1594.239258	3549.868408
1593.198242	3736.149658
1592.157227	4172.576172
1591.115234	4266.919434
1590.074219	4629.698242
1589.032227	4618.444336
1587.990234	4983.361328
1586.947266	5084.461914
1585.905273	5217.640137
1584.862305	5263.698730
1583.819336	5559.564941
1582.776367	5415.419434
1581.733398	5438.591309
1580.689453	5830.539551
1579.646484	5904.065918
1578.602539	5828.772461
1577.557617	6060.281250
1576.513672	6257.400391
1575.469727	7436.098633
1574.424805	8376.448242
1573.379883	8927.630859
1572.334961	10009.171875
1571.289063	10104.905273
1570.244141	9274.837891
1569.198242	8589.118164
1568.152344	7055.964844
1567.105469	6227.104004
1566.059570	4996.596191
1565.012695	4150.273438
1563.965820	3130.799072
1562.918945	3075.097900
1561.872070	2054.035889
1560.824219	1756.776245
1559.777344	1868.052490
1558.729492	1420.489990
1557.681641	1559.246582
1556.632813	1132.532959
1555.584961	1000.105347
1554.536133	733.306458
1553.487305	865.440369
1552.438477	901.882751
1551.388672	794.856079
1550.339844	826.841003
1549.290039	943.112000
1548.240234	535.791443
1547.190430	392.704193
1546.139648	356.684296
1545.088867	254.748474
1544.038086	687.465698
1542.987305	565.143188
1541.936523	372.435730
1540.884766	457.212830
1539.833984	341.989227
1538.782227	304.138123
1537.730469	214.099701
1536.677734	310.427246
1535.625977	231.892899
1534.573242	391.874146
1533.520508	402.014130
1532.467773	167.073135
1531.414063	311.268738
1530.360352	-161.668167
1529.307617	248.059433
1528.252930	104.304703
1527.199219	266.785828
1526.145508	86.931442
1525.090820	-385.181213
1524.036133	-45.743496
1522.981445	-59.831078
1521.925781	-144.069641
1520.871094	61.686317
1519.815430	111.188889
1518.759766	99.611610
1517.704102	99.423729
1516.647461	189.831879
1515.591797	-251.448776
1514.535156	-260.405762
1513.478516	-13.715505
1512.421875	176.413513
1511.364258	61.332733
1510.306641	-469.540680
1509.249023	-215.938705
1508.191406	-373.589417
1507.133789	-232.914276
1506.075195	-257.092712
1505.016602	-53.116177
1503.958008	-413.568207
1502.899414	-159.835083
1501.840820	-233.361755
1500.781250	-4.428915
1499.721680	-267.295929
1498.662109	-207.454559
1497.602539	186.181503
1496.541992	-76.332275
1495.482422	197.808441
1494.421875	293.884186
1493.361328	175.945740
1492.299805	159.511703
1491.239258	575.604553
1490.177734	559.257385
1489.116211	241.305740
1488.053711	504.319305
1486.992188	549.001587
1485.929688	627.505371
1484.867188	683.562439
1483.804688	631.717957
1482.742188	413.573792
1481.678711	676.729370
1480.616211	245.301331
1479.552734	625.378845
1478.489258	726.788818
1477.424805	738.480530
1476.360352	734.411743
1475.296875	1056.033813
1474.232422	1022.966064
1473.166992	1295.160034
1472.102539	869.533936
1471.037109	874.705322
1469.971680	882.225098
1468.906250	446.111176
1467.840820	357.635193
1466.774414	486.926758
1465.708008	478.981812
1464.641602	493.853241
1463.575195	622.605713
1462.508789	363.100677
1461.441406	491.995544
1460.374023	382.502533
1459.306641	307.362030
1458.238281	144.610504
1457.170898	243.571991
1456.102539	261.051788
1455.034180	405.328125
1453.965820	367.901093
1452.897461	127.458290
1451.828125	-68.551254
1450.758789	141.951126
1449.689453	380.399078
1448.620117	258.128632
1447.549805	150.065613
1446.479492	394.651642
1445.409180	253.878967
1444.338867	-64.498528
1443.268555	178.345398
1442.197266	-25.000937
1441.125977	-61.703804
1440.054688	273.217255
1438.983398	-192.327591
1437.912109	86.716309
1436.839844	154.103683
1435.767578	50.279118
1434.695313	352.863678
1433.622070	-296.963867
1432.549805	0.640035
1431.476563	-152.580261
1430.403320	58.856533
1429.330078	215.717880
1428.255859	59.405582
1427.181641	165.318588
1426.107422	357.718536
1425.033203	556.454895
1423.958984	404.435699
1422.883789	774.992798
1421.809570	598.442749
1420.734375	763.892639
1419.658203	726.541809
1418.583008	760.495361
1417.506836	1117.233887
1416.430664	947.259094
1415.354492	1264.642944
1414.278320	1332.291626
1413.201172	1436.734619
1412.124023	1087.030029
1411.046875	1401.001831
1409.969727	1028.233643
1408.892578	1093.240845
1407.814453	861.811401
1406.736328	641.717651
1405.658203	477.000183
1404.579102	580.548767
1403.500977	373.848877
1402.421875	345.918457
1401.342773	240.156342
1400.263672	226.866867
1399.183594	612.611938
1398.104492	407.960175
1397.024414	475.713531
1395.944336	332.647339
1394.863281	179.040466
1393.783203	12.449296
1392.702148	305.674316
1391.621094	172.176041
1390.539063	-142.160843
1389.458008	184.401031
1388.375977	276.186127
1387.293945	389.306976
1386.211914	91.335449
1385.129883	131.003510
1384.046875	-7.184632
1382.963867	-2.476131
1381.880859	-88.027695
1380.797852	373.511780
1379.713867	117.541222
1378.630859	312.009399
1377.546875	362.476501
1376.462891	394.323822
1375.377930	730.427124
1374.292969	558.261292
1373.208984	250.859543
1372.124023	428.761230
1371.038086	434.860535
1369.953125	505.288666
1368.867188	281.141937
1367.781250	360.748322
1366.695313	90.443176
1365.608398	160.307877
1364.522461	26.943647
1363.435547	3.131009
1362.348633	93.769844
1361.260742	288.347961
1360.173828	195.600861
1359.085938	188.004822
1357.998047	177.820770
1356.910156	-64.432396
1355.821289	139.635757
1354.733398	213.687805
1353.644531	175.784561
1352.554688	365.171661
1351.465820	-156.457474
1350.375977	215.044266
1349.287109	213.061523
1348.197266	194.636108
1347.106445	80.669838
1346.016602	203.994263
1344.925781	5.153460
1343.834961	216.837234
1342.744141	84.660103
1341.652344	40.196686
1340.561523	327.496735
1339.469727	-72.588531
1338.377930	-77.988747
1337.285156	192.829865
1336.193359	23.817049
1335.100586	50.593899
1334.007813	-29.187403
1332.915039	-36.283493
1331.821289	301.259552
1330.728516	-234.027039
1329.634766	12.023239
1328.541016	23.974394
1327.446289	160.300018
1326.352539	308.970490
1325.257813	198.160370
1324.163086	-9.984464
1323.067383	287.156219
1321.972656	124.841492
1320.876953	1.056778
1319.781250	211.574738
1318.685547	63.343742
1317.588867	463.974396
1316.493164	177.830887
1315.396484	289.150879
1314.299805	251.353378
1313.202148	362.693573
1312.105469	366.230713
1311.007813	238.362885
1309.910156	-1.047754
1308.811523	-53.079838
1307.713867	144.682999
1306.615234	170.033630
1305.516602	95.238373
1304.417969	-9.014220
1303.319336	103.991760
1302.219727	149.316498
1301.120117	137.482040
1300.020508	32.651566
1298.919922	-149.618607
1297.820313	-55.621559
1296.719727	85.461365
1295.619141	182.003662
1294.518555	140.772003
1293.416992	-218.268997
1292.315430	-272.681458
1291.213867	132.949707
1290.112305	15.332587
1289.010742	-18.906801
1287.908203	-94.641663
1286.805664	37.890022
1285.703125	-128.283386
1284.600586	-65.055382
1283.497070	-173.344055
1282.393555	63.704350
1281.290039	-120.002907
1280.186523	-18.195251
1279.082031	-154.064194
1277.977539	4.878756
1276.873047	-65.216949
1275.768555	-15.645216
1274.664063	-296.151093
1273.558594	-69.209297
1272.453125	170.885452
1271.347656	-38.092392
1270.242188	-207.149628
1269.135742	45.555492
1268.029297	13.892254
1266.922852	141.654648
1265.816406	-66.210960
1264.708984	-44.146080
1263.601563	-201.097794
1262.494141	-156.602188
1261.386719	-187.035172
1260.278320	-78.951538
1259.170898	-162.973007
1258.062500	-106.872276
1256.953125	-313.851471
1255.844727	-7.415053
1254.735352	-85.757668
1253.625977	-12.648608
1252.516602	-113.848541
1251.407227	-225.856415
1250.296875	-210.588409
1249.186523	-232.227844
1248.076172	-106.627151
1246.965820	-258.232544
1245.854492	-257.819672
1244.744141	-95.943443
1243.632813	-127.165970
1242.520508	-191.976456
1241.409180	-317.419983
1240.296875	-229.968903
1239.184570	-6.288724
1238.072266	-192.112747
1236.959961	-182.387161
1235.846680	96.200172
1234.733398	-135.949783
1233.620117	-174.492172
1232.505859	-5.927442
1231.392578	0.398997
1230.278320	-146.770737
1229.164063	-304.201538
1228.049805	-39.364933
1226.934570	133.011948
1225.819336	79.724846
1224.704102	-3.605943
1223.588867	178.759003
1222.472656	10.236991
1221.357422	223.985138
1220.241211	9.629840
1219.124023	323.871368
1218.007813	351.855377
1216.890625	761.321289
1215.773438	971.850464
1214.656250	1022.371704
1213.539063	1407.841309
1212.420898	1425.133423
1211.302734	1132.151733
1210.184570	1021.809448
1209.066406	890.281738
1207.947266	764.004944
1206.828125	718.634949
1205.708984	632.114380
1204.589844	527.424988
1203.469727	609.583130
1202.350586	520.593079
1201.230469	612.624817
1200.109375	429.949158
1198.989258	701.742493
1197.868164	514.809387
1196.747070	557.901794
1195.625977	584.505554
1194.503906	748.763489
1193.382813	844.087036
1192.260742	890.805725
1191.138672	932.001892
1190.015625	1186.550781
1188.893555	946.682434
1187.770508	1292.790649
1186.646484	1463.251465
1185.523438	1580.074829
1184.400391	1524.598755
1183.276367	1630.219604
1182.152344	1664.660889
1181.027344	1576.696045
1179.903320	1406.610596
1178.778320	1443.819092
1177.653320	1294.683838
1176.527344	1057.858765
1175.402344	1144.139893
1174.276367	1079.583740
1173.150391	938.195557
1172.024414	1143.927979
1170.897461	1021.639832
1169.771484	1025.520386
1168.644531	889.596130
1167.516602	578.765137
1166.389648	852.181702
1165.261719	520.854614
1164.133789	551.481079
1163.005859	607.502075
1161.877930	501.888062
1160.749023	474.835236
1159.620117	513.101624
1158.491211	446.101013
1157.362305	367.057709
1156.232422	281.353271
1155.102539	426.085907
1153.972656	331.446716
1152.842773	247.101486
1151.711914	151.517548
1150.581055	25.517960
1149.450195	126.413040
1148.319336	404.638123
1147.187500	218.049026
1146.055664	64.269875
1144.923828	167.075882
1143.791992	-101.105385
1142.659180	-69.318726
1141.527344	176.302261
1140.394531	156.373199
1139.260742	69.671104
1138.127930	-70.368835
1136.994141	14.483861
1135.860352	86.746597
1134.726563	337.036499
1133.591797	145.907913
1132.458008	169.865128
1131.323242	263.679047
1130.187500	86.611160
1129.052734	137.718887
1127.916992	157.479813
1126.781250	401.224457
1125.645508	326.132507
1124.509766	275.260651
1123.373047	275.664734
1122.236328	150.865036
1121.099609	313.732727
1119.961914	302.352783
1118.825195	569.086670
1117.687500	478.815155
1116.549805	800.406616
1115.411133	651.674255
1114.273438	857.820007
1113.134766	889.257385
1111.996094	1040.624634
1110.856445	1037.504150
1109.717773	1380.243042
1108.578125	1421.021973
1107.438477	1322.330933
1106.297852	1356.373413
1105.158203	1115.420776
1104.017578	1021.069153
1102.876953	877.109741
1101.735352	1203.536743
1100.594727	1051.137817
1099.453125	1315.155029
1098.311523	1063.616333
1097.169922	1143.064819
1096.027344	1344.926147
1094.884766	1442.771484
1093.742188	1392.698608
1092.599609	1626.315430
1091.456055	1704.559082
1090.312500	2096.408936
1089.168945	2393.807129
1088.025391	2300.267334
1086.881836	2746.993164
1085.737305	3509.208984
1084.592773	3377.907959
1083.447266	3987.628662
1082.302734	4644.143066
1081.157227	5359.500488
1080.011719	6114.646973
1078.866211	6956.861816
1077.719727	7883.998047
1076.573242	9062.646484
1075.426758	10057.734375
1074.280273	10968.453125
1073.133789	12063.204102
1071.986328	12312.971680
1070.838867	12268.628906
1069.691406	11519.667969
1068.542969	10469.956055
1067.394531	9123.865234
1066.246094	7524.553711
1065.097656	6633.304688
1063.949219	5620.376465
1062.799805	4877.651855
1061.650391	4067.637695
1060.500977	3749.614014
1059.350586	3227.309570
1058.200195	2840.065186
1057.049805	2718.768066
1055.899414	2306.938721
1054.749023	2528.932861
1053.597656	2117.210205
1052.446289	2161.591797
1051.294922	2150.400635
1050.142578	1933.150757
1048.990234	2059.884277
1047.837891	2228.967041
1046.685547	2175.154053
1045.533203	1877.822754
1044.379883	1832.256348
1043.226563	1988.405640
1042.073242	1793.744019
1040.918945	1795.517456
1039.764648	2258.229492
1038.610352	2081.504150
1037.456055	2082.801025
1036.301758	2782.777344
1035.146484	3189.454102
1033.991211	3646.218018
1032.835938	4721.509277
1031.679688	6355.132813
1030.523438	7391.292969
1029.367188	8266.985352
1028.210938	8849.250977
1027.054688	8740.107422
1025.897461	8914.522461
1024.740234	8673.719727
1023.583008	7831.380371
1022.424805	7173.167969
1021.266602	6427.401855
1020.108398	4907.719238
1018.950195	4223.650391
1017.791992	3410.271240
1016.632813	3125.835938
1015.473633	2865.542725
1014.314453	2518.367188
1013.154297	2362.519287
1011.994141	2228.140137
1010.833984	2109.905029
1009.673828	1937.117065
1008.512695	1838.699585
1007.352539	1686.010376
1006.191406	1656.646484
1005.029297	1589.645996
1003.868164	1436.015259
1002.706055	1951.796509
1001.543945	2500.984863
1000.381836	3708.241211
999.218750	5495.480957
998.055664	6834.698730
996.892578	6943.920898
995.729492	5249.880859
994.565430	3207.026855
993.401367	2206.830811
992.237305	1371.916260
991.073242	854.657532
989.908203	762.424561
988.744141	868.298401
987.579102	1071.277954
986.413086	962.752930
985.248047	1175.278931
984.082031	733.854980
982.916016	539.493591
981.749023	615.600159
980.583008	695.261475
979.416016	551.285095
978.249023	240.935669
977.081055	597.120361
975.914063	194.484619
974.746094	230.962952
973.578125	287.527008
972.409180	342.460876
971.241211	144.048691
970.072266	183.650726
968.903320	204.605789
967.733398	60.401112
966.563477	255.754379
965.394531	-28.519110
964.223633	198.737915
963.053711	341.069122
961.882813	682.704102
960.711914	366.229492
959.541016	211.751694
958.370117	604.873108
957.198242	656.036072
956.026367	921.532349
954.854492	670.825745
953.681641	853.294067
952.508789	1052.791626
951.335938	840.328979
950.163086	822.203674
948.990234	773.420532
947.816406	942.480591
946.642578	766.743713
945.468750	1037.716553
944.293945	432.808411
943.119141	414.299011
941.944336	525.831665
940.769531	475.401276
939.593750	187.729675
938.418945	273.045197
937.242188	194.914459
936.066406	215.826904
934.890625	148.273926
933.713867	206.149338
932.537109	43.882977
931.359375	216.114761
930.182617	-94.833656
929.004883	107.568939
927.827148	-39.325935
926.648438	191.057297
925.470703	141.270432
924.291992	115.298035
923.112305	373.670044
921.933594	164.678238
920.753906	308.934296
919.574219	319.514038
919.442383	226.171356
918.277344	-62.298386
917.111328	-42.878971
915.945313	-126.692017
914.778320	-96.415672
913.612305	60.766663
912.445313	211.490448
911.278320	11.797931
910.111328	188.351593
908.943359	91.989021
907.775391	-152.526978
906.607422	159.423035
905.439453	13.874556
904.270508	-82.176559
903.102539	-77.258247
901.933594	-72.283363
900.763672	-146.646072
899.594727	-102.946861
898.424805	-380.938232
897.254883	-64.756325
896.084961	-207.469299
894.914063	-116.419006
893.744141	-239.675156
892.573242	-199.978226
891.401367	-423.736237
890.230469	-34.800369
889.058594	-166.319183
887.886719	-317.001495
886.714844	7.619522
885.542969	-262.780334
884.370117	-21.634502
883.197266	-146.341522
882.024414	-187.534225
880.850586	-117.456558
879.677734	-229.087601
878.503906	-169.614380
877.330078	-71.650551
876.155273	-114.680222
874.981445	111.502708
873.806641	42.926266
872.631836	162.332031
871.456055	66.130531
870.280273	85.276093
869.105469	55.373295
867.928711	151.427704
866.752930	260.280853
865.576172	-70.175591
864.400391	113.404251
863.222656	102.985298
862.045898	-33.140312
860.868164	46.069752
859.691406	-123.980469
858.512695	-138.401855
857.334961	-127.227020
856.156250	-52.124355
854.978516	-49.395264
853.799805	-80.663147
852.620117	-377.844452
851.441406	-132.381500
850.261719	-76.266655
849.082031	26.652592
847.901367	-304.138733
846.721680	-62.964123
845.541016	-238.380264
844.360352	-360.562958
843.178711	-66.275215
841.998047	-175.622101
840.816406	18.781265
839.634766	-139.280197
838.453125	-201.725281
837.270508	-13.682174
836.087891	-177.885635
834.905273	-95.920525
833.722656	-83.943993
832.539063	110.427490
831.355469	46.113277
830.171875	168.374115
828.988281	49.037163
827.803711	249.708588
826.620117	130.460114
825.434570	273.915070
824.250000	154.774170
823.065430	209.293961
821.879883	75.459480
820.694336	-145.056381
819.507813	108.448212
818.322266	448.577820
817.135742	388.913055
815.949219	335.632477
814.762695	147.104034
813.575195	60.123219
812.387695	380.999420
811.200195	196.856339
810.012695	439.446533
808.824219	489.794037
807.635742	371.231506
806.447266	269.611053
805.258789	244.011429
804.069336	345.034607
802.879883	207.646027
801.690430	289.656738
800.500977	183.965607
799.310547	198.494919
798.120117	236.202225
796.929688	33.654308
795.739258	132.466827
794.547852	205.964264
793.356445	239.408783
792.165039	159.126907
790.973633	114.654106
789.781250	-37.142273
788.588867	297.191315
787.396484	-31.337053
786.204102	52.517029
785.010742	26.972311
783.817383	424.021393
782.624023	181.848099
781.430664	189.845184
780.236328	122.178505
779.041992	260.385620
777.847656	251.478378
776.653320	376.937408
775.458008	340.658813
774.262695	308.557190
773.067383	356.175598
771.872070	372.260162
770.675781	577.101440
769.479492	509.164734
768.283203	646.700195
767.085938	482.257813
765.889648	502.266815
764.692383	673.104614
763.494141	558.892029
762.296875	379.726593
761.098633	527.284119
759.900391	829.661194
758.702148	401.267914
757.502930	812.259277
756.304688	530.389465
755.105469	708.827942
753.905273	638.230591
752.706055	713.959351
751.505859	810.499695
750.305664	637.270813
749.105469	691.831177
747.904297	683.612549
746.704102	577.122070
745.501953	558.327026
744.300781	625.054688
743.099609	764.732910
741.897461	712.244385
740.695313	893.403198
739.492188	488.126953
738.290039	1084.164063
737.086914	889.453125
735.883789	1159.689697
734.679688	964.841614
733.476563	678.253662
732.272461	1129.338501
731.068359	871.785950
729.863281	980.827332
728.659180	1329.181274
727.454102	1121.376587
726.249023	1367.324463
725.042969	1436.154297
723.836914	1694.177368
722.631836	1594.145508
721.424805	1710.346558
720.218750	2315.021484
719.011719	2420.360107
717.804688	2317.665039
716.597656	2447.621094
715.389648	2492.203125
714.182617	2711.106689
712.974609	2784.401123
711.765625	2521.154297
710.557617	2675.123779
709.348633	2623.408936
708.139648	2679.466064
706.930664	2299.669678
705.720703	2280.792236
704.510742	2185.033936
703.300781	2228.064697
702.090820	2243.964844
700.879883	2089.759521
699.668945	1864.999512
698.458008	2187.063721
697.247070	2407.331055
696.035156	2745.369873
694.823242	3281.836426
693.611328	3896.553467
692.399414	4595.676758
691.186523	5486.743652
689.973633	6534.458984
688.760742	6760.513672
687.546875	7439.108887
686.333008	8280.539063
685.119141	9065.619141
683.905273	10432.890625
682.691406	11179.613281
681.476563	12454.593750
680.261719	13051.500977
679.045898	13978.299805
677.831055	14006.579102
676.615234	13692.064453
675.399414	13330.019531
674.183594	12268.603516
672.966797	10840.313477
671.750000	9589.748047
670.533203	8273.526367
669.315430	6617.562500
668.098633	5872.915039
666.880859	4792.542969
665.663086	3967.828613
664.444336	3299.762451
663.225586	3210.329590
662.006836	2906.626953
660.788086	2804.526367
659.569336	2449.152344
658.349609	2250.054443
657.129883	2410.756836
655.910156	2260.655273
654.689453	1760.881226
653.468750	1513.918457
652.248047	1560.703369
651.027344	1453.143799
649.805664	1579.578003
648.583984	1718.048706
647.362305	1441.457886
646.139648	1829.885498
644.917969	1669.914063
643.695313	1932.490967
642.472656	1825.435791
641.249023	1769.468750
640.025391	1945.020996
638.801758	1847.576782
637.578125	1747.885742
636.354492	1963.613892
635.129883	1408.592041
633.905273	1843.016113
632.679688	1543.792969
631.455078	1680.618896
630.229492	1546.908691
629.003906	1398.691406
627.777344	1238.015869
626.551758	1218.347534
625.325195	828.207397
624.097656	709.987976
622.871094	1018.915833
621.643555	871.614563
620.416016	969.392212
619.188477	605.097046
617.959961	810.688904
616.732422	872.992249
615.502930	720.609192
614.274414	841.638489
613.045898	605.176636
611.816406	495.106628
610.585938	615.397644
609.356445	776.214661
608.125977	873.501953
606.895508	882.843689
605.665039	739.061462
604.434570	908.988586
603.203125	603.825562
601.971680	675.464111
600.740234	887.392090
599.507813	866.850586
598.275391	787.054382
597.042969	784.423096
595.810547	590.278687
594.577148	562.836548
593.343750	573.841553
592.110352	499.211670
590.876953	461.003418
589.642578	485.615387
588.408203	274.240631
587.173828	150.131241
585.938477	186.361252
584.703125	143.157547
583.467773	30.729443
582.232422	263.311676
580.996094	113.966164
579.760742	167.453049
578.523438	74.613174
577.287109	10.038442
576.049805	251.550995
574.812500	0.035614
573.575195	494.500854
572.337891	129.179901
571.099609	-39.606232
569.861328	107.569008
568.623047	102.593254
567.383789	60.988461
566.144531	231.834030
564.905273	141.312683
563.666016	101.269287
562.425781	67.147339
561.185547	28.843346
559.945313	158.278442
558.705078	-94.667168
557.463867	54.656776
556.222656	80.481346
554.981445	-49.444023
553.739258	-187.541504
552.497070	-212.591354
551.254883	-72.154579
550.012695	-220.630066
548.769531	46.671085
547.526367	-138.343369
546.283203	-240.662079
545.039063	-16.242783
543.795898	-227.671143
542.551758	-291.918945
541.306641	-448.990601
540.062500	-100.149040
538.817383	-112.284386
537.572266	-62.044792
536.327148	-38.096535
535.081055	-90.782547
533.834961	-105.266388
532.588867	-172.155746
531.341797	-1.612073
530.095703	176.856583
528.848633	-115.580246
527.600586	-29.835115
526.353516	-66.833832
525.105469	101.186600
523.857422	39.941792
522.608398	-93.683174
521.360352	208.714172
520.111328	34.859352
518.862305	-52.600365
517.612305	-119.989098
516.362305	-221.503372
515.112305	196.817123
513.862305	20.989330
512.611328	314.643951
511.361328	142.845444
510.109375	223.743149
508.858398	374.783630
507.606445	389.437744
506.354492	444.160950
505.102539	615.067261
503.850586	551.536377
502.597656	640.227722
501.344727	672.824829
500.090820	369.092407
498.837891	253.650681
497.583984	164.270660
496.330078	447.047485
495.075195	-102.342300
493.821289	206.404327
492.566406	119.171417
491.310547	579.665649
490.055664	314.580109
488.799805	419.245819
487.543945	475.952148
486.287109	281.011353
485.031250	491.523987
483.774414	556.232666
482.517578	487.226654
481.259766	647.731812
480.001953	542.870056
478.744141	755.211548
477.486328	764.095642
476.227539	753.050110
474.969727	937.390137
473.709961	930.338806
472.451172	1040.879395
471.191406	1039.833130
469.931641	939.231812
468.671875	834.712036
467.411133	1144.296021
466.151367	1049.759644
464.889648	788.101929
463.628906	777.241089
462.367188	762.395081
461.105469	652.107117
459.843750	519.994080
458.582031	334.262024
457.319336	333.393707
456.056641	310.651703
454.793945	361.389557
453.530273	318.717621
452.266602	75.493103
451.002930	84.429642
449.738281	220.313965
448.474609	268.787933
447.209961	221.933563
445.944336	325.741852
444.679688	247.001984
443.414063	318.854767
442.148438	124.970383
440.881836	592.905273
439.616211	491.913971
438.349609	685.945068
437.082031	820.311951
435.815430	875.270142
434.547852	983.453369
433.280273	958.796082
432.011719	1123.871338
430.744141	1417.249634
429.475586	1571.795532
428.207031	1753.697388
426.937500	1711.835327
425.667969	2086.734619
424.398438	2556.007568
423.128906	2738.275146
421.858398	3706.226318
420.587891	4766.194824
419.317383	5691.046875
418.046875	6362.415527
416.775391	6472.554688
415.503906	5848.192383
414.231445	4967.142090
412.959961	3419.361572
411.687500	2826.028809
410.415039	2078.609863
409.141602	1788.145264
407.868164	1666.633057
406.594727	1526.773438
405.321289	1658.087402
404.047852	1223.446777
402.773438	1176.053955
401.498047	1279.421265
400.223633	836.809692
398.948242	1105.726196
397.672852	1190.673218
396.397461	1365.096069
395.121094	1180.565063
393.845703	1508.178223
392.568359	1429.642212
391.291992	1583.873047
390.014648	1866.491577
388.737305	1988.674683
387.459961	1846.405884
386.181641	1848.125122
384.904297	1544.271729
383.625000	1272.417847
382.346680	1262.142212
381.067383	1075.721924
379.788086	575.977356
378.508789	710.057861
377.228516	558.091980
375.949219	643.560120
374.667969	286.201416
373.387695	103.447220
372.106445	28.436485
370.825195	-30.960190
369.543945	205.129562
368.261719	-146.342026
366.980469	-30.219707
365.697266	-82.887184
364.415039	-34.220760
363.131836	201.564682
361.848633	104.254341
360.565430	-91.452522
359.281250	67.750687
357.998047	-98.268776
356.712891	340.241821
355.428711	416.261688
354.143555	161.030945
352.858398	328.272034
351.573242	615.093323
350.287109	931.469177
349.001953	292.249054
347.714844	593.534973
346.428711	678.494019
345.141602	894.007874
343.854492	1023.604858
342.567383	580.038940
341.279297	890.272461
339.991211	440.270508
338.703125	558.583862
337.415039	615.817383
336.125977	691.577087
334.836914	293.437775
333.547852	149.294693
332.257813	-52.539242
330.967773	111.948250
329.677734	-137.375793
328.387695	-211.328888
327.096680	-236.659714
325.805664	-100.709862
324.513672	-279.884003
323.222656	-185.290787
321.930664	85.318275
320.638672	-4.050050
319.345703	66.712006
318.052734	215.984756
316.759766	270.850891
315.466797	729.731445
314.172852	676.577637
312.878906	862.112000
311.584961	851.742615
310.291016	1071.793823
308.996094	1291.109863
307.701172	1071.862183
306.405273	1039.509033
305.110352	1139.949951
303.814453	714.162781
302.518555	480.612915
301.221680	607.048767
299.924805	218.741135
