1999.946289	-226.657791
1998.981445	-45.417477
1998.017578	125.997025
1997.052734	56.634026
1996.088867	143.048721
1995.124023	18.550365
1994.159180	-130.984497
1993.193359	-107.425713
1992.228516	17.328711
1991.262695	102.147301
1990.296875	-83.109398
1989.331055	63.003716
1988.365234	-238.991272
1987.398438	3.048705
1986.432617	49.373531
1985.465820	33.630653
1984.499023	148.684219
1983.532227	216.506683
1982.565430	153.111359
1981.597656	25.291317
1980.629883	-8.813555
1979.662109	119.906281
1978.694336	-35.592121
1977.726563	181.592468
1976.758789	62.806450
1975.790039	121.592880
1974.821289	185.126129
1973.852539	53.576427
1972.883789	-38.611748
1971.915039	7.193447
1970.945313	3.526799
1969.975586	41.634129
1969.005859	222.555115
1968.036133	255.422058
1967.066406	137.859329
1966.096680	27.614244
1965.125977	77.393913
1964.155273	252.637573
1963.184570	36.247429
1962.213867	196.466415
1961.242188	-91.395699
1960.271484	263.002136
1959.299805	14.428028
1958.328125	218.464645
1957.356445	292.006714
1956.384766	198.246689
1955.412109	212.623123
1954.439453	384.239136
1953.467773	-147.110596
1952.495117	-100.916565
1951.521484	308.777649
1950.548828	-13.652363
1949.575195	101.098183
1948.601563	110.187851
1947.627930	195.330658
1946.654297	47.246391
1945.680664	-100.816910
1944.706055	111.787727
1943.732422	356.173096
1942.757813	-98.512390
1941.783203	96.728294
1940.807617	41.816139
1939.833008	-89.077614
1938.857422	199.118759
1937.881836	55.959705
1936.906250	125.968864
1935.930664	252.274307
1934.955078	243.838974
1933.978516	176.638901
1933.001953	-137.779617
1932.025391	-45.807335
1931.048828	-37.068516
1930.072266	-50.351540
1929.094727	-36.721748
1928.118164	-40.210754
1927.140625	110.349831
1926.163086	-100.956039
1925.184570	91.124413
1924.207031	-112.751259
1923.228516	-3.793763
1922.250000	139.334488
1921.271484	116.336716
1920.292969	-23.853407
1919.314453	-41.900921
1918.334961	-235.684204
1917.355469	14.812683
1916.375977	62.699947
1915.396484	-84.589035
1914.416992	-119.598473
1913.436523	-247.250839
1912.457031	0.668963
1911.476563	168.066193
1910.496094	203.801071
1909.515625	39.711941
1908.534180	126.667229
1907.552734	-125.000420
1906.572266	115.441910
1905.590820	27.071369
1904.608398	-41.766003
1903.626953	62.277878
1902.644531	-101.409264
1901.663086	-53.311543
1900.680664	-53.866409
1899.698242	-20.342304
1898.714844	193.157349
1897.732422	-125.896820
1896.749023	-250.324051
1895.765625	82.271057
1894.782227	154.741898
1893.798828	154.317871
1892.814453	-54.996113
1891.831055	87.965385
1890.846680	77.912560
1889.862305	-36.512470
1888.877930	162.266190
1887.892578	140.138229
1886.908203	-83.358253
1885.922852	273.077850
1884.937500	25.428268
1883.952148	144.089081
1882.965820	-52.483654
1881.980469	136.491989
1880.994141	-47.845879
1880.007813	-101.234505
1879.021484	121.623459
1878.035156	-137.645569
1877.047852	128.767029
1876.061523	126.310738
1875.074219	99.660942
1874.086914	114.187561
1873.098633	-4.383797
1872.111328	-79.340172
1871.123047	-101.031517
1870.135742	-171.076019
1869.147461	44.283825
1868.158203	22.621580
1867.169922	78.337502
1866.180664	-134.241547
1865.192383	-114.743706
1864.203125	-153.228806
1863.213867	-128.883850
1862.223633	165.957153
1861.234375	6.730418
1860.244141	-159.672699
1859.253906	93.994324
1858.263672	-31.325001
1857.273438	87.109749
1856.282227	-67.102821
1855.291992	111.600327
1854.300781	-3.969500
1853.309570	160.190948
1852.317383	-5.967170
1851.326172	-37.092804
1850.333984	-89.896133
1849.342773	213.890915
1848.350586	88.790543
1847.357422	339.437653
1846.365234	-31.256165
1845.372070	132.640488
1844.379883	195.375168
1843.386719	209.946625
1842.393555	-54.603844
1841.399414	97.114288
1840.406250	152.556641
1839.412109	152.658401
1838.417969	73.406235
1837.423828	49.459427
1836.429688	71.171600
1835.434570	66.429291
1834.440430	-80.072487
1833.445313	64.109138
1832.450195	-106.386749
1831.454102	56.920071
1830.458984	-58.331882
1829.462891	215.275711
1828.466797	138.392776
1827.470703	-63.247192
1826.474609	-48.935059
1825.478516	102.056847
1824.481445	154.651993
1823.484375	87.326576
1822.487305	226.148117
1821.490234	12.589444
1820.493164	84.225899
1819.495117	-14.288676
1818.498047	59.664314
1817.500000	126.373795
1816.500977	190.632843
1815.502930	-6.097968
1814.504883	34.164276
1813.505859	244.279327
1812.506836	205.457123
1811.507813	412.999664
1810.508789	60.787018
1809.508789	60.173008
1808.508789	133.635300
1807.508789	164.006195
1806.508789	-94.841011
1805.508789	200.705276
1804.508789	137.761551
1803.507813	53.303497
1802.506836	217.189926
1801.505859	120.726807
1800.504883	-28.258404
1799.502930	-60.285259
1798.501953	-25.529514
1797.500000	-62.405640
1796.498047	248.942535
1795.496094	54.535900
1794.493164	184.434784
1793.491211	166.432693
1792.488281	67.349106
1791.485352	-19.830597
1790.482422	57.373486
1789.478516	82.088905
1788.475586	113.891891
1787.471680	78.955048
1786.467773	13.029647
1785.463867	201.774368
1784.459961	138.126205
1783.455078	55.411713
1782.450195	46.423405
1781.445313	35.005550
1780.440430	21.159653
1779.435547	-83.086403
1778.429688	14.709935
1777.424805	81.518692
1776.418945	86.459740
1775.413086	10.563352
1774.406250	24.900814
1773.400391	79.552002
1772.393555	-100.952461
1771.386719	131.633774
1770.379883	-22.819508
1769.373047	102.755737
1768.365234	31.287968
1767.358398	-33.092407
1766.350586	51.910263
1765.342773	-199.907455
1764.334961	-276.246002
1763.326172	157.020081
1762.318359	120.809944
1761.309570	-83.687706
1760.300781	-6.249207
1759.291016	-47.338123
1758.282227	-55.315086
1757.272461	-68.090439
1756.262695	51.642765
1755.252930	-37.013081
1754.243164	127.503410
1753.233398	29.278059
1752.222656	-64.246773
1751.211914	-65.564552
1750.201172	-52.758389
1749.190430	2.533964
1748.179688	-67.533264
1747.167969	-24.208378
1746.156250	-80.200310
1745.144531	-133.872360
1744.132813	105.283257
1743.121094	-80.771538
1742.108398	84.958855
1741.095703	-13.815199
1740.083008	-84.295807
1739.070313	85.865700
1738.057617	76.602974
1737.043945	-53.020256
1736.030273	227.678406
1735.016602	-189.705231
1734.002930	-38.870289
1732.989258	-1.289315
1731.974609	50.347275
1730.959961	-58.309010
1729.945313	4.967562
1728.930664	98.773834
1727.916016	-47.695679
1726.900391	198.974792
1725.885742	-142.946182
1724.870117	-68.269859
1723.853516	-17.218834
1722.837891	-109.741966
1721.822266	51.718082
1720.805664	-45.616554
1719.789063	-128.869965
1718.772461	-207.453018
1717.754883	92.302589
1716.738281	-75.705544
1715.720703	216.738754
1714.703125	58.039047
1713.685547	-220.427368
1712.667969	-38.657249
1711.649414	-44.820450
1710.630859	-231.760193
1709.612305	-181.686066
1708.593750	-286.534241
1707.575195	-2.021125
1706.555664	-90.569725
1705.536133	-146.316895
1704.516602	79.216286
1703.497070	60.844696
1702.477539	152.562912
1701.457031	101.262146
1700.437500	110.837006
1699.416992	-24.863148
1698.395508	-87.982529
1697.375000	52.554451
1696.354492	26.792284
1695.333008	96.929565
1694.311523	21.918007
1693.290039	-55.457710
1692.267578	-36.967854
1691.246094	-116.745186
1690.223633	-53.932350
1689.201172	-75.347870
1688.178711	24.723652
1687.155273	96.660187
1686.132813	191.888062
1685.109375	-68.013115
1684.085938	-77.984657
1683.062500	14.733790
1682.039063	95.696526
1681.014648	129.894592
1679.990234	276.041199
1678.965820	58.127190
1677.941406	87.509613
1676.916992	228.779922
1675.891602	71.483696
1674.866211	168.312881
1673.840820	83.258331
1672.815430	193.945724
1671.790039	216.010468
1670.763672	387.104431
1669.737305	187.778168
1668.710938	107.245262
1667.684570	317.720245
1666.658203	262.720398
1665.630859	142.533188
1664.603516	238.745514
1663.576172	323.253601
1662.548828	212.317886
1661.520508	259.511902
1660.493164	229.936813
1659.464844	-36.770851
1658.436523	261.343201
1657.408203	131.761124
1656.378906	113.701836
1655.350586	132.791229
1654.321289	288.849152
1653.291992	303.185547
1652.261719	196.766281
1651.232422	338.709656
1650.202148	318.127350
1649.171875	1851.953369
1648.141602	2352.941650
1647.111328	713.144287
1646.080078	469.800812
1645.049805	374.903717
1644.018555	565.101624
1642.987305	546.642090
1641.955078	525.842529
1640.923828	535.153625
1639.891602	664.863525
1638.859375	579.158325
1637.827148	491.153198
1636.794922	562.876221
1635.761719	662.315491
1634.729492	736.257935
1633.696289	669.036377
1632.662109	553.248291
1631.628906	650.241089
1630.594727	643.135742
1629.561523	834.820740
1628.527344	769.883728
1627.493164	619.468201
1626.458008	626.184204
1625.423828	609.800171
1624.388672	591.096252
1623.353516	692.451111
1622.318359	431.346985
1621.282227	742.692932
1620.247070	719.338379
1619.210938	1042.034058
1618.174805	817.943054
1617.137695	794.560120
1616.101563	720.469177
1615.064453	657.923950
1614.027344	770.564941
1612.990234	772.555908
1611.953125	1039.493530
1610.916016	940.084534
1609.877930	859.132507
1608.839844	918.670471
1607.801758	810.137695
1606.763672	775.304565
1605.724609	595.508789
1604.685547	977.170105
1603.646484	891.731689
1602.607422	845.432617
1601.568359	909.532410
1600.528320	842.569153
1599.489258	704.397949
1598.449219	761.618347
1597.408203	738.405090
1596.368164	800.217590
1595.327148	820.670227
1594.287109	701.068237
1593.246094	535.604004
1592.204102	544.659363
1591.163086	854.369385
1590.121094	884.045776
1589.079102	649.917664
1588.037109	748.467224
1586.995117	867.637634
1585.953125	681.857300
1584.910156	750.600159
1583.867188	718.501282
1582.824219	894.949097
1581.781250	629.213989
1580.737305	840.007996
1579.693359	704.958496
1578.649414	638.675476
1577.605469	723.525024
1576.561523	497.115173
1575.516602	874.894653
1574.472656	669.192871
1573.427734	660.301025
1572.381836	715.466064
1571.336914	818.663696
1570.291016	704.682312
1569.246094	732.486877
1568.200195	536.372620
1567.153320	925.218384
1566.107422	706.371582
1565.060547	1006.038940
1564.013672	871.808105
1562.966797	970.513672
1561.919922	868.372131
1560.872070	754.892212
1559.825195	684.851501
1558.777344	699.268738
1557.729492	695.477234
1556.680664	598.236938
1555.632813	631.025269
1554.583984	638.764526
1553.535156	594.133728
1552.486328	620.192993
1551.436523	739.672058
1550.387695	622.304749
1549.337891	457.207245
1548.288086	688.336548
1547.238281	491.520325
1546.187500	445.013977
1545.136719	350.796814
1544.086914	381.782562
1543.035156	546.975525
1541.984375	539.350037
1540.933594	390.827576
1539.881836	446.974213
1538.830078	519.059021
1537.778320	622.976013
1536.725586	486.110931
1535.673828	419.766388
1534.621094	367.119385
1533.568359	339.521667
1532.515625	518.543091
1531.461914	525.073425
1530.409180	461.327850
1529.355469	297.846161
1528.301758	331.804077
1527.247070	327.253632
1526.193359	436.124390
1525.138672	252.606979
1524.083984	76.020401
1523.029297	219.037933
1521.974609	362.059418
1520.918945	106.463470
1519.863281	149.933990
1518.807617	139.114960
1517.751953	-5.185582
1516.696289	4.524961
1515.639648	18.814882
1514.583008	-27.916393
1513.526367	-2.187037
1512.469727	48.470135
1511.412109	31.343363
1510.355469	32.377842
1509.297852	94.491539
1508.240234	70.786591
1507.181641	-25.136040
1506.124023	77.808929
1505.065430	-54.072350
1504.006836	-18.762022
1502.948242	-285.869141
1501.888672	29.451702
1500.830078	175.494080
1499.770508	213.259094
1498.710938	61.620682
1497.650391	-47.045219
1496.590820	241.211609
1495.530273	173.269745
1494.469727	123.454987
1493.409180	105.277344
1492.348633	3.826902
1491.287109	109.699692
1490.225586	66.978020
1489.164063	175.193375
1488.102539	-141.997772
1487.041016	29.378407
1485.978516	-13.002646
1484.916016	-142.997467
1483.853516	-90.741615
1482.791016	-101.361862
1481.727539	-127.643448
1480.664063	-68.413933
1479.600586	15.553410
1478.537109	79.403259
1477.473633	-29.693342
1476.409180	-19.701004
1475.344727	6.157795
1474.280273	-140.581665
1473.215820	26.691086
1472.151367	-34.764084
1471.085938	-221.817703
1470.020508	129.542694
1468.955078	162.638489
1467.888672	81.208717
1466.823242	56.153553
1465.756836	85.180519
1464.690430	30.893509
1463.624023	316.884369
1462.556641	238.483261
1461.490234	287.530029
1460.422852	426.251495
1459.355469	492.439545
1458.287109	524.425659
1457.219727	374.697479
1456.151367	452.242096
1455.083008	607.000610
1454.014648	357.994415
1452.945313	470.328735
1451.876953	588.559814
1450.807617	617.667664
1449.738281	560.430786
1448.668945	612.605042
1447.598633	474.315399
1446.528320	519.601929
1445.458008	477.138397
1444.387695	425.283142
1443.317383	440.427643
1442.246094	488.304749
1441.174805	584.832947
1440.103516	278.277771
1439.032227	367.925262
1437.960938	451.752869
1436.888672	425.493683
1435.816406	233.026779
1434.744141	427.866699
1433.670898	237.495773
1432.598633	431.246796
1431.525391	377.886444
1430.452148	358.638123
1429.378906	312.407928
1428.304688	399.897247
1427.231445	455.954773
1426.157227	130.014816
1425.083008	256.935150
1424.007813	338.383331
1422.933594	245.557968
1421.858398	402.061890
1420.783203	383.889343
1419.708008	496.167023
1418.631836	112.669212
1417.555664	188.772690
1416.479492	270.169617
1415.403320	383.556976
1414.327148	234.886703
1413.250000	235.571075
1412.173828	354.089508
1411.096680	196.561829
1410.018555	21.290686
1408.941406	-192.526184
1407.863281	71.503891
1406.785156	212.090912
1405.707031	226.794174
1404.628906	234.193451
1403.549805	170.611755
1402.470703	276.343750
1401.391602	205.186020
1400.312500	268.973175
1399.233398	429.775269
1398.153320	559.859863
1397.073242	574.052612
1395.993164	528.065063
1394.913086	424.092163
1393.832031	703.585388
1392.750977	628.469727
1391.669922	901.133362
1390.588867	937.389526
1389.506836	791.531616
1388.425781	747.957031
1387.343750	714.573486
1386.261719	601.352356
1385.178711	676.643066
1384.096680	611.779785
1383.013672	558.312500
1381.930664	557.483704
1380.846680	586.203552
1379.763672	511.319550
1378.679688	276.509918
1377.595703	351.359772
1376.511719	575.812012
1375.427734	530.806641
1374.342773	757.918335
1373.257813	622.350952
1372.172852	624.300415
1371.087891	557.121704
1370.001953	415.366272
1368.916992	642.169373
1367.831055	604.408508
1366.744141	477.343323
1365.658203	426.044189
1364.571289	530.184998
1363.484375	443.507233
1362.397461	670.436279
1361.310547	473.471588
1360.222656	599.086914
1359.135742	699.746582
1358.047852	635.486389
1356.958984	607.294250
1355.871094	521.638184
1354.782227	582.300293
1353.693359	527.909363
1352.604492	384.088837
1351.515625	533.967224
1350.425781	524.306702
1349.335938	359.881256
1348.246094	305.643555
1347.156250	353.953400
1346.066406	427.319153
1344.975586	403.918213
1343.884766	485.256775
1342.793945	746.287476
1341.702148	975.098083
1340.611328	1095.069214
1339.519531	1128.222534
1338.427734	1079.382568
1337.334961	807.875244
1336.243164	568.820251
1335.150391	783.891052
1334.057617	638.787720
1332.964844	468.690399
1331.871094	479.883514
1330.778320	534.848389
1329.684570	463.215057
1328.590820	581.496826
1327.496094	371.145264
1326.402344	307.880707
1325.307617	483.631226
1324.212891	318.403198
1323.117188	427.843658
1322.022461	447.318115
1320.926758	504.052795
1319.831055	553.447510
1318.735352	636.106140
1317.638672	446.016754
1316.542969	472.903870
1315.446289	573.845642
1314.349609	455.699677
1313.251953	489.979523
1312.155273	552.177917
1311.057617	497.186859
1309.959961	289.286621
1308.862305	365.783264
1307.763672	397.338928
1306.665039	239.849091
1305.566406	263.370789
1304.467773	511.074371
1303.369141	343.460297
1302.269531	438.641022
1301.169922	143.796021
1300.070313	395.419861
1298.970703	340.682861
1297.870117	229.059982
1296.769531	105.117249
1295.668945	222.989853
1294.568359	422.138214
1293.466797	164.286346
1292.366211	138.327362
1291.264648	100.516533
1290.162109	159.388535
1289.060547	62.880314
1287.958008	54.194519
1286.855469	-94.566872
1285.752930	-2.615339
1284.650391	0.011479
1283.546875	247.875702
1282.444336	102.143494
1281.339844	114.842209
1280.236328	169.867249
1279.132813	29.614752
1278.028320	20.606909
1276.923828	10.321486
1275.819336	16.038231
1274.713867	30.565517
1273.608398	94.650597
1272.503906	152.959595
1271.397461	119.702972
1270.291992	36.646774
1269.185547	-14.034973
1268.080078	112.118378
1266.972656	6.227627
1265.866211	260.169006
1264.759766	68.588852
1263.652344	-23.445480
1262.544922	-126.611687
1261.436523	-108.532845
1260.329102	-89.255325
1259.220703	-31.521822
1258.112305	-107.963203
1257.003906	-94.698120
1255.895508	-154.588409
1254.786133	-112.341049
1253.676758	-313.633820
1252.567383	-296.822632
1251.458008	-216.579910
1250.347656	-318.256134
1249.237305	-147.359161
1248.126953	-59.001781
1247.016602	-105.010651
1245.905273	-166.322159
1244.793945	-53.041878
1243.682617	-77.678062
1242.571289	-72.787834
1241.459961	-45.073799
1240.347656	102.306961
1239.235352	7.574095
1238.123047	47.283779
1237.009766	84.376610
1235.897461	20.955402
1234.784180	-25.939024
1233.670898	12.044813
1232.556641	-74.518692
1231.443359	-18.003283
1230.329102	13.840864
1229.214844	-55.569336
1228.099609	19.467480
1226.985352	-60.499573
1225.870117	-27.409134
1224.754883	41.488731
1223.639648	174.824463
1222.523438	46.527946
1221.408203	178.968643
1220.291992	231.933502
1219.174805	225.890839
1218.058594	218.538269
1216.941406	289.988922
1215.824219	367.340393
1214.707031	244.675339
1213.589844	313.870300
1212.471680	149.807312
1211.353516	127.919960
1210.235352	334.400269
1209.117188	161.029099
1207.998047	179.017578
1206.878906	203.563980
1205.759766	226.725571
1204.640625	77.328163
1203.520508	130.082840
1202.401367	123.791924
1201.281250	18.607449
1200.160156	137.457748
1199.040039	137.900116
1197.918945	7.953702
1196.797852	65.495621
1195.676758	120.198402
1194.555664	67.628113
1193.433594	-12.804024
1192.311523	68.426628
1191.189453	-34.172432
1190.066406	-106.952713
1188.944336	-172.370361
1187.821289	-136.384918
1186.698242	-135.841766
1185.574219	39.626293
1184.451172	-30.199476
1183.327148	-19.864620
1182.203125	-119.780891
1181.078125	-3.096729
1179.954102	-8.437011
1178.829102	-55.196003
1177.704102	-101.476799
1176.579102	-106.874390
1175.453125	-41.679859
1174.327148	-79.410301
1173.201172	42.126411
1172.075195	-13.230140
1170.949219	37.387966
1169.822266	-19.859245
1168.695313	45.093262
1167.568359	115.677864
1166.440430	94.891464
1165.313477	-80.393280
1164.185547	37.926067
1163.057617	157.187103
1161.928711	128.889603
1160.800781	-24.425648
1159.671875	2.600490
1158.541992	-59.484394
1157.413086	-163.506592
1156.283203	-186.907822
1155.154297	-92.755531
1154.023438	0.956613
1152.893555	169.777573
1151.763672	51.917007
1150.632813	-65.267044
1149.501953	40.528107
1148.370117	140.544250
1147.239258	265.448639
1146.107422	289.966217
1144.975586	303.668335
1143.843750	254.431793
1142.710938	151.142822
1141.578125	24.894300
1140.445313	272.538635
1139.312500	57.479988
1138.178711	134.292984
1137.045898	53.225349
1135.912109	93.123772
1134.777344	25.748791
1133.643555	327.512329
1132.508789	45.111557
1131.374023	281.664001
1130.239258	152.669510
1129.104492	257.724701
1127.968750	378.168671
1126.833008	155.046768
1125.697266	34.946827
1124.560547	169.374878
1123.424805	317.917114
1122.288086	230.563278
1121.151367	131.432129
1120.013672	175.567719
1118.876953	137.581818
1117.739258	282.180786
1116.601563	-32.885628
1115.462891	109.236107
1114.324219	242.382660
1113.186523	225.617386
1112.046875	183.948227
1110.908203	322.347565
1109.769531	165.732391
1108.629883	280.621216
1107.490234	290.910400
1106.349609	163.395737
1105.209961	379.339020
1104.069336	269.990051
1102.928711	194.662277
1101.787109	136.575287
1100.646484	129.590622
1099.504883	102.041908
1098.363281	320.608948
1097.221680	350.420654
1096.079102	256.251068
1094.936523	220.947144
1093.793945	230.891617
1092.651367	141.909698
1091.507813	30.265640
1090.364258	334.048615
1089.220703	67.487114
1088.077148	135.014740
1086.933594	172.171524
1085.789063	171.290939
1084.644531	238.261139
1083.499023	66.799332
1082.354492	110.358757
1081.208984	165.228333
1080.063477	-7.380449
1078.917969	183.182816
1077.771484	224.482880
1076.625977	148.890244
1075.479492	-121.690224
1074.332031	69.224846
1073.185547	59.505085
1072.038086	75.957603
1070.890625	241.465973
1069.743164	93.826126
1068.594727	-75.639526
1067.447266	75.550209
1066.298828	-98.277252
1065.149414	-45.224491
1064.000977	75.205467
1062.851563	296.830109
1061.702148	25.816444
1060.552734	-10.300362
1059.402344	-58.251770
1058.252930	-31.114779
1057.102539	35.942532
1055.951172	-34.064243
1054.800781	119.309532
1053.649414	-52.464710
1052.498047	117.764580
1051.346680	21.063862
1050.194336	-2.107109
1049.042969	129.258072
1047.890625	16.800512
1046.738281	49.610378
1045.584961	150.112183
1044.431641	47.734989
1043.278320	-89.446922
1042.125000	1.471783
1040.971680	106.606400
1039.817383	-78.636253
1038.663086	-67.341629
1037.508789	47.313576
1036.353516	192.895294
1035.198242	92.474403
1034.042969	53.772633
1032.887695	181.357437
1031.732422	-3.149046
1030.576172	-17.569664
1029.419922	37.354065
1028.263672	-107.166847
1027.106445	203.749756
1025.949219	107.461052
1024.792969	160.855591
1023.634766	75.705544
1022.477539	184.307236
1021.319336	86.066360
1020.161133	47.833378
1019.002930	-11.130892
1017.843750	58.291870
1016.684570	-6.922815
1015.525391	-208.389130
1014.366211	28.894953
1013.207031	153.783997
1012.046875	87.579788
1010.886719	19.291189
1009.726563	-183.019241
1008.565430	-18.663036
1007.404297	106.999557
1006.243164	-71.181770
1005.082031	-104.933525
1003.920898	-62.406010
1002.758789	66.978752
1001.596680	76.480766
1000.433594	45.097897
999.271484	-22.993544
998.108398	144.044876
996.945313	-124.238686
995.782227	58.565998
994.618164	38.742821
993.454102	-225.334793
992.290039	-136.444138
991.125977	-11.059752
989.960938	-6.237662
988.796875	248.626541
987.630859	113.756187
986.465820	-77.702789
985.300781	18.876173
984.134766	43.767017
982.968750	71.588455
981.801758	78.836075
980.635742	285.724915
979.468750	52.658142
978.301758	79.627625
977.133789	-114.083076
975.966797	253.011765
974.798828	158.966522
973.630859	-119.871414
972.461914	-211.986130
971.293945	188.307465
970.125000	84.807724
968.956055	-141.918167
967.786133	242.851685
966.617188	-79.337120
965.447266	-34.286987
964.276367	4.602656
963.106445	158.176346
961.935547	34.150131
960.764648	-96.356926
959.593750	-5.656309
958.422852	-145.573181
957.250977	-132.731567
956.079102	193.290436
954.907227	187.275070
953.734375	188.884384
952.562500	237.105865
951.389648	9.411013
950.215820	-181.830078
949.042969	88.199265
947.869141	-66.072517
946.695313	-64.649185
945.521484	17.664585
944.346680	-135.974197
943.172852	64.518913
941.998047	186.568222
940.822266	-148.719849
939.647461	39.201157
938.471680	-44.025818
937.295898	1.522383
936.119141	183.851242
934.943359	37.695854
933.766602	140.995880
932.589844	134.058334
931.413086	129.797256
930.235352	177.860626
929.057617	323.076965
927.879883	-27.994175
926.702148	140.859116
925.523438	212.482956
924.344727	328.665924
923.166016	56.460705
921.987305	7.327258
920.807617	157.537384
919.627930	160.304535
919.497070	132.266464
918.331055	14.877588
917.165039	-147.050461
915.999023	-156.926880
914.833008	-56.770283
913.666016	-132.200562
912.499023	90.971397
911.332031	83.581512
910.165039	-125.428856
908.997070	-213.963898
907.830078	-189.952698
906.661133	-113.639061
905.493164	-142.024384
904.325195	-345.662292
903.156250	-70.696388
901.987305	31.579273
900.818359	-242.614670
899.648438	134.013718
898.478516	-257.714386
897.308594	110.877708
896.138672	-285.958099
894.968750	1.492015
893.797852	27.728813
892.626953	-71.358040
891.456055	150.558533
890.284180	140.150146
889.113281	327.970764
887.941406	127.091263
886.768555	220.920639
885.596680	173.907547
884.423828	165.985931
883.250977	173.678452
882.078125	30.228161
880.905273	175.951385
879.731445	-45.620098
878.557617	115.632103
877.383789	37.290905
876.209961	11.010514
875.035156	70.589211
873.860352	-33.788128
872.685547	7.514151
871.510742	48.772312
870.334961	4.186887
869.159180	58.375458
867.983398	-238.351532
866.807617	0.300735
865.630859	108.933083
864.454102	43.466892
863.277344	55.906937
862.100586	247.461121
860.922852	-126.975906
859.745117	-148.330307
858.567383	87.177094
857.389648	-19.877657
856.210938	207.670532
855.032227	20.191460
853.853516	-50.570854
852.674805	111.954758
851.495117	-34.008121
850.315430	185.392807
849.135742	184.482635
847.956055	168.004379
846.775391	19.444242
845.595703	21.069698
844.415039	154.671555
843.233398	3.528920
842.052734	126.671143
840.871094	128.154495
839.689453	214.953583
838.506836	74.145218
837.325195	80.717934
836.142578	177.720001
834.959961	246.225708
833.777344	164.825745
832.593750	-17.310410
831.410156	107.915039
830.226563	-94.852531
829.042969	19.948280
827.858398	-40.830551
826.673828	112.554382
825.489258	232.306091
824.304688	96.623650
823.120117	-51.929581
821.934570	-50.914852
820.749023	24.820568
819.562500	33.484917
818.376953	-53.223457
817.190430	-168.266891
816.003906	280.759430
814.817383	62.624870
813.629883	233.301239
812.442383	125.880882
811.254883	-102.481033
810.067383	-40.041473
808.878906	-59.979164
807.690430	130.949753
806.501953	118.629906
805.313477	119.134438
804.124023	168.438797
802.934570	42.945160
801.745117	-43.994057
800.555664	156.760681
799.365234	167.352707
798.175781	180.472519
796.985352	185.850235
795.793945	157.823532
794.603516	29.698351
793.412109	37.560078
792.220703	86.422485
791.028320	130.097656
789.836914	-23.701038
788.644531	94.244408
787.452148	81.398071
786.258789	4.463521
785.066406	70.982513
783.873047	-98.198280
782.679688	-29.199614
781.485352	-116.439125
780.291992	-1.466608
779.097656	126.214767
777.903320	202.633789
776.708008	-137.979828
775.512695	263.189880
774.318359	17.238300
773.122070	32.107494
771.926758	67.379669
770.730469	97.487762
769.534180	155.648315
768.337891	264.831940
767.141602	205.381378
765.944336	248.045609
764.747070	239.598907
763.549805	261.743378
762.351563	240.459351
761.154297	193.634613
759.956055	355.939850
758.757813	0.470787
757.558594	231.506500
756.359375	153.974838
755.160156	247.184341
753.960938	195.082260
752.761719	428.275024
751.561523	258.918549
750.361328	104.871445
749.160156	200.339417
747.959961	183.735306
746.758789	-11.036445
745.557617	104.630051
744.356445	42.148865
743.154297	-76.296967
741.952148	31.561636
740.750000	174.925858
739.547852	71.655106
738.344727	214.868835
737.142578	192.850647
735.939453	112.379456
734.735352	-125.545769
733.532227	-43.504501
732.328125	370.991943
731.124023	341.147552
729.918945	237.690964
728.714844	93.650375
727.509766	177.894150
726.303711	-42.230068
725.098633	130.660614
723.892578	-170.550964
722.686523	-56.072697
721.480469	35.514450
720.274414	15.568001
719.067383	155.140610
717.860352	-26.954018
716.653320	-168.506760
715.445313	-72.130081
714.238281	-18.847738
713.030273	-322.346710
711.821289	-69.294922
710.613281	-71.800880
709.404297	26.787134
708.195313	82.323166
706.986328	13.961679
705.776367	-6.404130
704.566406	-112.690613
703.356445	-19.441534
702.146484	61.105015
700.935547	0.199555
699.724609	47.817482
698.513672	95.377945
697.302734	208.480759
696.090820	112.129303
694.878906	5.693629
693.666992	-120.906113
692.455078	90.313705
691.242188	-41.365303
690.029297	-24.354198
688.816406	83.310165
687.602539	158.146622
686.389648	84.341888
685.175781	45.779072
683.960938	165.777710
682.747070	200.128189
681.532227	342.620728
680.317383	208.303497
679.102539	81.553780
677.886719	25.228149
676.670898	-88.928825
675.455078	111.115402
674.239258	49.695148
673.022461	116.400322
671.805664	7.211945
670.588867	38.675289
669.372070	157.973328
668.154297	161.712479
666.936523	17.342678
665.718750	21.049812
664.500977	-128.307343
663.282227	178.858078
662.063477	290.267578
660.844727	-12.077521
659.625000	-81.211464
658.405273	-12.510344
657.185547	-69.142693
655.965820	-85.697937
654.745117	27.956568
653.525391	-3.689308
652.303711	-223.111557
651.083008	250.840515
649.861328	93.965904
648.640625	109.763420
647.417969	215.570358
646.196289	16.216372
644.973633	41.943680
643.750977	167.625519
642.528320	238.249695
641.305664	188.886002
640.082031	306.893524
638.858398	245.002029
637.634766	183.116333
636.410156	86.281013
635.185547	116.764961
633.960938	29.928080
632.736328	167.657593
631.510742	173.101608
630.285156	-85.829346
629.059570	131.568420
627.833984	136.965332
626.607422	204.649139
625.380859	105.338051
624.154297	1.070723
622.927734	88.622116
621.700195	168.647095
620.472656	223.728241
619.245117	47.282104
618.016602	-14.628227
616.788086	90.178467
615.559570	-158.305054
614.331055	108.124901
613.101563	195.398605
611.872070	-5.749001
610.642578	153.573318
609.413086	74.265549
608.182617	-136.694199
606.952148	-49.504547
605.721680	-46.792805
604.491211	75.088097
603.259766	5.771527
602.028320	117.648750
600.796875	-120.380219
599.564453	-77.995491
598.332031	-85.234497
597.099609	-107.349564
595.867188	-0.543209
594.633789	-22.674255
593.400391	-37.361187
592.166992	71.835083
590.933594	-61.761612
589.699219	-168.061829
588.464844	-135.661591
587.230469	-29.008558
585.995117	92.447662
584.760742	-130.079391
583.525391	-97.703423
582.289063	60.799828
581.053711	206.880173
579.817383	-131.662979
578.581055	-67.161034
577.343750	91.222527
576.107422	-22.224638
574.870117	141.040100
573.631836	-85.962143
572.394531	143.931198
571.156250	-31.114128
569.917969	-265.306610
568.679688	-97.180870
567.440430	127.622177
566.202148	-185.345383
564.961914	167.632202
563.722656	69.305099
562.482422	-14.180378
561.243164	210.434769
560.001953	3.789278
558.761719	48.510075
557.520508	19.341219
556.279297	71.455856
555.038086	2.941387
553.795898	160.901093
552.554688	279.445251
551.311523	14.165011
550.069336	-51.747646
548.826172	37.306969
547.583984	-1.498548
546.339844	139.163467
545.096680	166.743515
543.852539	88.679260
542.608398	113.842781
541.364258	-150.784119
540.119141	-71.519966
538.875000	61.744022
537.628906	45.251850
536.383789	146.577515
535.137695	22.175484
533.892578	0.872086
532.645508	205.203506
531.399414	213.336197
530.152344	125.889778
528.905273	190.449783
527.658203	85.945137
526.410156	40.300522
525.163086	21.643600
523.914063	7.912258
522.666016	153.338776
521.416992	129.847626
520.167969	-219.059906
518.918945	-27.118166
517.669922	81.604523
516.419922	-68.910477
515.169922	64.273468
513.919922	48.320381
512.668945	130.151077
511.417969	60.487206
510.166992	37.292515
508.916016	38.557102
507.664063	96.004501
506.412109	151.011444
505.160156	-86.863701
503.907227	24.332077
502.655273	-101.139061
501.402344	-141.163849
500.148438	-98.237663
498.895508	-77.246040
497.641602	-7.490705
496.387695	-152.199844
495.132813	-138.454681
493.878906	-336.619537
492.624023	-57.331104
491.368164	-94.684601
490.113281	74.926132
488.857422	86.279465
487.601563	14.912475
486.344727	77.399078
485.088867	64.476974
483.832031	122.098373
482.575195	-39.102238
481.317383	-64.099861
480.059570	-11.304045
478.801758	-206.345627
477.543945	52.963863
476.285156	-3.551883
475.027344	88.084534
473.767578	-182.024872
472.508789	-155.904343
471.249023	15.803434
469.989258	-176.460968
468.729492	-152.768204
467.469727	-51.481907
466.208984	120.068939
464.948242	-55.075672
463.686523	26.732723
462.425781	16.436758
461.164063	27.940248
459.901367	133.882156
458.639648	169.555542
457.376953	-131.288300
456.114258	15.736909
454.851563	58.636143
453.587891	38.599380
452.324219	134.652405
451.060547	-88.554489
449.796875	106.568382
448.532227	105.793716
447.267578	211.324844
446.002930	210.473907
444.737305	13.931336
443.471680	206.261642
442.206055	231.871536
440.940430	156.045532
439.673828	-4.262617
438.407227	281.851257
437.140625	157.683258
435.873047	376.008057
434.605469	278.294159
433.337891	175.747635
432.070313	-81.075027
430.801758	71.819183
429.533203	-105.491005
428.264648	92.976494
426.996094	402.066986
425.726563	41.598145
424.457031	92.839027
423.186523	317.254486
421.916992	175.753555
420.646484	118.418716
419.375977	48.990608
418.104492	121.363190
416.833008	292.170593
415.561523	342.620697
414.290039	150.233765
413.017578	118.780006
411.746094	204.923859
410.472656	-35.700520
409.200195	57.387817
407.926758	99.890953
406.653320	166.237930
405.379883	155.633926
404.105469	195.259933
402.831055	174.756943
401.556641	-8.944568
400.282227	178.852386
399.006836	-43.454285
397.731445	-153.213776
396.456055	218.440536
395.179688	261.597229
393.903320	168.047852
392.626953	91.102043
391.350586	138.457077
390.073242	257.371429
388.795898	64.979561
387.518555	78.170769
386.240234	213.092377
384.961914	173.173904
383.683594	104.345329
382.405273	75.929169
381.125977	166.739517
379.846680	159.299866
378.567383	125.322021
377.287109	124.505844
376.006836	99.532303
374.726563	203.171432
373.446289	337.489044
372.165039	41.978584
370.883789	82.614342
369.602539	-70.259903
368.320313	-89.887177
367.039063	119.008957
365.755859	10.471988
364.473633	-105.512108
363.190430	87.868668
361.907227	-66.937866
360.624023	-200.628845
359.340820	74.822105
358.056641	104.584702
356.772461	-96.900436
355.487305	172.335327
354.202148	-120.325684
352.916992	31.401999
351.631836	-59.896484
350.346680	-73.172264
349.060547	-44.148521
347.774414	-67.890205
346.487305	-125.383240
345.200195	44.643768
343.913086	-120.713165
342.625977	-106.102303
341.338867	-30.323404
340.050781	-40.564274
338.762695	74.378319
337.473633	-67.477531
336.184570	-98.397820
334.895508	-137.011169
333.606445	-211.766663
332.317383	-2.730730
331.027344	1.807034
329.736328	126.487465
328.446289	-50.288246
327.155273	35.143036
325.864258	39.370277
324.573242	52.369106
323.281250	38.603771
321.989258	142.406448
320.697266	-208.678360
319.405273	-47.234245
318.112305	-2.489252
316.819336	-64.902657
315.526367	160.214905
314.232422	37.105789
312.938477	-37.167553
311.644531	76.677513
310.349609	-136.225464
309.054688	58.463646
307.759766	209.705688
306.464844	116.960396
305.168945	216.745697
303.873047	150.467117
302.577148	260.116089
301.281250	201.380203
299.984375	250.074677
