1999.946289	91.788628
1998.981445	-131.598419
1998.017578	10.712615
1997.052734	-45.291138
1996.088867	94.448433
1995.124023	87.969643
1994.159180	24.516338
1993.193359	-95.878754
1992.228516	-10.747289
1991.262695	39.687222
1990.296875	20.795107
1989.331055	88.505913
1988.365234	59.696926
1987.398438	-53.210541
1986.432617	-126.515640
1985.465820	-34.138325
1984.499023	154.610138
1983.532227	98.584038
1982.565430	111.765640
1981.597656	70.577141
1980.629883	-2.716568
1979.662109	-100.688919
1978.694336	-92.447052
1977.726563	31.825237
1976.758789	-73.522659
1975.790039	-38.160892
1974.821289	125.495766
1973.852539	-4.498232
1972.883789	109.748001
1971.915039	53.781097
1970.945313	-21.895788
1969.975586	-50.709160
1969.005859	-12.965421
1968.036133	0.116912
1967.066406	23.046854
1966.096680	134.648361
1965.125977	113.203819
1964.155273	54.826782
1963.184570	-10.917124
1962.213867	-56.946148
1961.242188	-24.204481
1960.271484	3.602123
1959.299805	-3.046759
1958.328125	-110.546394
1957.356445	-1.587033
1956.384766	38.482384
1955.412109	17.075062
1954.439453	91.534973
1953.467773	43.092323
1952.495117	83.119232
1951.521484	19.954723
1950.548828	55.058048
1949.575195	-54.735794
1948.601563	63.844883
1947.627930	64.553642
1946.654297	3.905267
1945.680664	31.617668
1944.706055	42.146004
1943.732422	-133.750229
1942.757813	-88.858582
1941.783203	59.001274
1940.807617	25.391428
1939.833008	50.622627
1938.857422	78.295479
1937.881836	128.010727
1936.906250	-72.162682
1935.930664	55.941849
1934.955078	-60.880657
1933.978516	45.141346
1933.001953	-12.883130
1932.025391	-97.806053
1931.048828	-55.452045
1930.072266	-42.469952
1929.094727	-29.491066
1928.118164	0.605332
1927.140625	152.950134
1926.163086	-12.571797
1925.184570	15.066439
1924.207031	108.679382
1923.228516	31.226053
1922.250000	-165.897476
1921.271484	140.195557
1920.292969	77.439278
1919.314453	114.811295
1918.334961	115.556274
1917.355469	-15.489315
1916.375977	90.211189
1915.396484	117.805275
1914.416992	121.000015
1913.436523	33.960510
1912.457031	-74.988075
1911.476563	-15.679637
1910.496094	28.985432
1909.515625	-75.018730
1908.534180	-1.115389
1907.552734	75.199333
1906.572266	168.538177
1905.590820	-93.686119
1904.608398	48.349213
1903.626953	-55.522945
1902.644531	28.047649
1901.663086	-36.842461
1900.680664	-33.585217
1899.698242	-35.190456
1898.714844	-73.271866
1897.732422	92.911591
1896.749023	37.809307
1895.765625	53.218544
1894.782227	51.614391
1893.798828	-15.587634
1892.814453	-94.907944
1891.831055	15.249416
1890.846680	-25.187609
1889.862305	135.907318
1888.877930	136.735336
1887.892578	42.913757
1886.908203	169.943756
1885.922852	22.784065
1884.937500	55.177204
1883.952148	73.010353
1882.965820	-132.231995
1881.980469	33.513794
1880.994141	-60.144585
1880.007813	-102.875290
1879.021484	77.317749
1878.035156	44.272858
1877.047852	-66.260315
1876.061523	-62.937901
1875.074219	-1.508629
1874.086914	52.638618
1873.098633	-55.382744
1872.111328	160.879044
1871.123047	21.432573
1870.135742	75.545036
1869.147461	13.558537
1868.158203	24.134661
1867.169922	-105.502411
1866.180664	54.948917
1865.192383	171.845139
1864.203125	37.428310
1863.213867	86.650314
1862.223633	32.003979
1861.234375	78.798416
1860.244141	-65.149620
1859.253906	111.994095
1858.263672	62.218746
1857.273438	10.050654
1856.282227	134.011948
1855.291992	-48.394459
1854.300781	85.180946
1853.309570	81.275970
1852.317383	-69.675156
1851.326172	155.420334
1850.333984	4.514482
1849.342773	-16.231613
1848.350586	-70.693039
1847.357422	62.719997
1846.365234	-44.707409
1845.372070	-10.052963
1844.379883	29.403488
1843.386719	-15.383535
1842.393555	149.177948
1841.399414	-49.575466
1840.406250	64.423058
1839.412109	38.903919
1838.417969	20.607534
1837.423828	-0.085311
1836.429688	8.070924
1835.434570	21.030035
1834.440430	-42.894096
1833.445313	70.955711
1832.450195	-4.961890
1831.454102	-44.834206
1830.458984	-106.297066
1829.462891	120.289124
1828.466797	116.412331
1827.470703	-134.592560
1826.474609	-20.876007
1825.478516	-19.927822
1824.481445	-76.531509
1823.484375	-20.431532
1822.487305	-33.867706
1821.490234	110.876205
1820.493164	85.438324
1819.495117	-90.919937
1818.498047	41.774483
1817.500000	54.678272
1816.500977	98.702492
1815.502930	44.559467
1814.504883	-33.498180
1813.505859	84.697212
1812.506836	16.228834
1811.507813	-13.941477
1810.508789	97.004578
1809.508789	164.866013
1808.508789	125.117104
1807.508789	-36.521976
1806.508789	-83.390167
1805.508789	20.288345
1804.508789	159.760086
1803.507813	272.903625
1802.506836	27.799765
1801.505859	2.443027
1800.504883	36.771351
1799.502930	49.604740
1798.501953	-188.120819
1797.500000	156.367050
1796.498047	28.430862
1795.496094	34.092518
1794.493164	96.975723
1793.491211	202.744034
1792.488281	222.663467
1791.485352	37.630211
1790.482422	152.872253
1789.478516	163.253525
1788.475586	204.589935
1787.471680	69.695839
1786.467773	87.220848
1785.463867	-99.973251
1784.459961	131.761902
1783.455078	223.018768
1782.450195	114.403046
1781.445313	84.317505
1780.440430	25.703016
1779.435547	62.212856
1778.429688	96.328125
1777.424805	-47.827095
1776.418945	-42.226101
1775.413086	127.302742
1774.406250	-0.159865
1773.400391	19.668879
1772.393555	101.222397
1771.386719	2.315888
1770.379883	-136.908096
1769.373047	115.483490
1768.365234	-40.325130
1767.358398	43.516747
1766.350586	3.990362
1765.342773	-16.553898
1764.334961	-51.319195
1763.326172	-64.741936
1762.318359	-78.163269
1761.309570	55.326725
1760.300781	122.427574
1759.291016	149.232651
1758.282227	-8.693414
1757.272461	51.265835
1756.262695	-4.797482
1755.252930	78.798248
1754.243164	91.367447
1753.233398	-47.490776
1752.222656	-96.413551
1751.211914	-83.831192
1750.201172	-182.392639
1749.190430	-32.688755
1748.179688	-34.320610
1747.167969	13.670840
1746.156250	111.258141
1745.144531	-138.456680
1744.132813	-85.761719
1743.121094	82.617416
1742.108398	-32.387566
1741.095703	-8.083405
1740.083008	56.328720
1739.070313	35.765297
1738.057617	74.184814
1737.043945	41.823158
1736.030273	146.248123
1735.016602	-4.014400
1734.002930	-41.070881
1732.989258	-47.477959
1731.974609	59.222900
1730.959961	41.009666
1729.945313	72.265160
1728.930664	-99.034546
1727.916016	0.512399
1726.900391	12.909926
1725.885742	-2.946008
1724.870117	51.798637
1723.853516	-1.714543
1722.837891	-99.906944
1721.822266	88.872322
1720.805664	-2.255149
1719.789063	132.349319
1718.772461	64.745789
1717.754883	-117.994453
1716.738281	91.732147
1715.720703	-29.871784
1714.703125	43.517014
1713.685547	147.401978
1712.667969	162.022385
1711.649414	228.276154
1710.630859	90.310806
1709.612305	109.612686
1708.593750	100.750175
1707.575195	197.440582
1706.555664	183.864517
1705.536133	163.254990
1704.516602	34.811237
1703.497070	58.762768
1702.477539	12.398677
1701.457031	108.967941
1700.437500	-113.084442
1699.416992	-187.506638
1698.395508	72.945030
1697.375000	234.964584
1696.354492	90.284431
1695.333008	-129.232727
1694.311523	74.836105
1693.290039	56.582756
1692.267578	-34.174000
1691.246094	127.654457
1690.223633	43.924900
1689.201172	98.139900
1688.178711	-43.987110
1687.155273	94.335777
1686.132813	-47.743698
1685.109375	-180.429352
1684.085938	-142.590149
1683.062500	14.309595
1682.039063	-172.014252
1681.014648	-155.215118
1679.990234	132.261902
1678.965820	27.669260
1677.941406	70.068550
1676.916992	-8.824361
1675.891602	-118.003708
1674.866211	-136.224182
1673.840820	11.046992
1672.815430	-2.536817
1671.790039	2.520542
1670.763672	-25.040312
1669.737305	-22.316334
1668.710938	13.003570
1667.684570	-91.380348
1666.658203	-151.500748
1665.630859	-2.151180
1664.603516	-94.846565
1663.576172	107.934639
1662.548828	101.305779
1661.520508	-16.944185
1660.493164	97.347748
1659.464844	148.830215
1658.436523	184.021545
1657.408203	100.691795
1656.378906	19.714890
1655.350586	254.659622
1654.321289	27.375778
1653.291992	104.338722
1652.261719	165.019043
1651.232422	-50.516426
1650.202148	135.473724
1649.171875	49.944832
1648.141602	284.551270
1647.111328	55.237427
1646.080078	69.472450
1645.049805	41.973095
1644.018555	308.841583
1642.987305	274.351166
1641.955078	246.822479
1640.923828	258.684235
1639.891602	187.163193
1638.859375	53.149246
1637.827148	150.696198
1636.794922	69.976974
1635.761719	153.595474
1634.729492	112.238686
1633.696289	98.656784
1632.662109	103.581795
1631.628906	311.996613
1630.594727	157.352585
1629.561523	250.100372
1628.527344	248.057571
1627.493164	287.606750
1626.458008	218.562286
1625.423828	398.994476
1624.388672	279.151520
1623.353516	304.810577
1622.318359	505.896057
1621.282227	236.088028
1620.247070	125.601791
1619.210938	188.184631
1618.174805	202.305573
1617.137695	368.625671
1616.101563	251.284485
1615.064453	274.608459
1614.027344	330.190643
1612.990234	560.881653
1611.953125	309.973175
1610.916016	372.430542
1609.877930	467.105774
1608.839844	398.266235
1607.801758	532.037964
1606.763672	474.724274
1605.724609	456.553650
1604.685547	413.083954
1603.646484	567.458313
1602.607422	452.692963
1601.568359	462.141998
1600.528320	324.456757
1599.489258	327.036011
1598.449219	320.424042
1597.408203	550.469116
1596.368164	470.312622
1595.327148	495.838287
1594.287109	548.911621
1593.246094	595.079895
1592.204102	563.189880
1591.163086	623.112915
1590.121094	733.493042
1589.079102	669.488586
1588.037109	761.474670
1586.995117	782.341553
1585.953125	819.252869
1584.910156	558.165100
1583.867188	611.155273
1582.824219	586.223328
1581.781250	414.690247
1580.737305	490.592651
1579.693359	390.142120
1578.649414	292.024841
1577.605469	404.545532
1576.561523	478.119843
1575.516602	267.934845
1574.472656	190.526352
1573.427734	248.101913
1572.381836	259.922852
1571.336914	312.899536
1570.291016	322.427429
1569.246094	283.961823
1568.200195	240.946579
1567.153320	159.114731
1566.107422	170.970795
1565.060547	139.437225
1564.013672	286.015076
1562.966797	332.098511
1561.919922	275.463470
1560.872070	237.111572
1559.825195	267.224976
1558.777344	235.745239
1557.729492	316.031799
1556.680664	526.258667
1555.632813	451.452148
1554.583984	431.382477
1553.535156	349.800690
1552.486328	530.264526
1551.436523	510.211090
1550.387695	622.263367
1549.337891	497.472992
1548.288086	488.841858
1547.238281	475.669342
1546.187500	587.668579
1545.136719	490.314667
1544.086914	590.908325
1543.035156	361.698547
1541.984375	384.982391
1540.933594	462.826538
1539.881836	336.083252
1538.830078	354.837402
1537.778320	539.451416
1536.725586	421.878235
1535.673828	313.444672
1534.621094	384.447083
1533.568359	462.240875
1532.515625	342.540009
1531.461914	295.513702
1530.409180	318.851501
1529.355469	326.309418
1528.301758	233.980484
1527.247070	280.018402
1526.193359	387.259644
1525.138672	95.533936
1524.083984	137.067154
1523.029297	149.138657
1521.974609	168.010269
1520.918945	180.089600
1519.863281	-16.153341
1518.807617	-171.557861
1517.751953	19.429838
1516.696289	-68.008041
1515.639648	43.710983
1514.583008	-97.969528
1513.526367	-29.241390
1512.469727	-170.830612
1511.412109	-77.225960
1510.355469	-182.562958
1509.297852	-50.552601
1508.240234	-54.154713
1507.181641	-89.371201
1506.124023	-45.511509
1505.065430	90.925362
1504.006836	26.383360
1502.948242	-90.039314
1501.888672	-43.914337
1500.830078	54.100101
1499.770508	14.475809
1498.710938	17.732355
1497.650391	95.414307
1496.590820	206.895615
1495.530273	34.324436
1494.469727	-32.244057
1493.409180	43.178959
1492.348633	80.286415
1491.287109	54.325569
1490.225586	57.661118
1489.164063	18.230120
1488.102539	291.714264
1487.041016	69.982285
1485.978516	143.113007
1484.916016	252.259644
1483.853516	266.833893
1482.791016	391.643372
1481.727539	237.629791
1480.664063	312.987823
1479.600586	399.528076
1478.537109	310.827698
1477.473633	186.247131
1476.409180	194.203674
1475.344727	137.116058
1474.280273	176.481873
1473.215820	-15.086513
1472.151367	-42.930874
1471.085938	243.219696
1470.020508	147.917160
1468.955078	100.109291
1467.888672	135.152969
1466.823242	89.370224
1465.756836	-30.145834
1464.690430	54.362244
1463.624023	131.930130
1462.556641	162.195541
1461.490234	-8.407849
1460.422852	167.516434
1459.355469	95.294144
1458.287109	282.167023
1457.219727	94.082306
1456.151367	175.822830
1455.083008	299.775299
1454.014648	133.067657
1452.945313	138.073074
1451.876953	189.036530
1450.807617	201.450394
1449.738281	216.638855
1448.668945	349.756195
1447.598633	296.027710
1446.528320	293.058228
1445.458008	321.776031
1444.387695	333.664032
1443.317383	195.589905
1442.246094	294.821960
1441.174805	219.747208
1440.103516	256.607391
1439.032227	166.470840
1437.960938	124.677422
1436.888672	215.802139
1435.816406	144.716797
1434.744141	-11.298800
1433.670898	1.357708
1432.598633	220.609055
1431.525391	-24.473316
1430.452148	63.210861
1429.378906	-16.063015
1428.304688	-175.488419
1427.231445	72.911438
1426.157227	-82.959846
1425.083008	47.934460
1424.007813	27.078665
1422.933594	17.895746
1421.858398	161.781586
1420.783203	-81.511330
1419.708008	-9.486426
1418.631836	17.815765
1417.555664	104.819572
1416.479492	65.183174
1415.403320	308.634094
1414.327148	154.088852
1413.250000	254.460068
1412.173828	-48.380325
1411.096680	153.539001
1410.018555	224.003204
1408.941406	109.793335
1407.863281	6.956465
1406.785156	70.230743
1405.707031	56.392029
1404.628906	-25.702286
1403.549805	50.240437
1402.470703	33.180954
1401.391602	2.775972
1400.312500	26.519117
1399.233398	53.066120
1398.153320	248.453323
1397.073242	355.331360
1395.993164	180.152328
1394.913086	334.793671
1393.832031	231.900635
1392.750977	267.554474
1391.669922	262.036377
1390.588867	344.534302
1389.506836	283.669678
1388.425781	235.437851
1387.343750	258.572388
1386.261719	272.982117
1385.178711	348.086304
1384.096680	561.965149
1383.013672	493.767456
1381.930664	464.434082
1380.846680	586.482117
1379.763672	734.423706
1378.679688	672.865295
1377.595703	760.503113
1376.511719	808.435242
1375.427734	852.611328
1374.342773	899.904358
1373.257813	816.611755
1372.172852	860.752930
1371.087891	910.400085
1370.001953	911.803223
1368.916992	905.095459
1367.831055	1005.440002
1366.744141	849.895386
1365.658203	903.455505
1364.571289	801.385681
1363.484375	829.966003
1362.397461	813.143188
1361.310547	589.717896
1360.222656	607.090210
1359.135742	664.422852
1358.047852	676.179321
1356.958984	681.709839
1355.871094	643.445068
1354.782227	525.540100
1353.693359	392.017578
1352.604492	454.204651
1351.515625	439.697906
1350.425781	367.080536
1349.335938	360.907867
1348.246094	390.456238
1347.156250	457.258728
1346.066406	490.740570
1344.975586	446.818542
1343.884766	318.347687
1342.793945	349.378235
1341.702148	375.022278
1340.611328	356.577881
1339.519531	531.020752
1338.427734	410.241608
1337.334961	367.106934
1336.243164	475.370270
1335.150391	331.207642
1334.057617	303.240601
1332.964844	252.213730
1331.871094	225.835358
1330.778320	62.204666
1329.684570	233.625641
1328.590820	100.338501
1327.496094	189.694199
1326.402344	134.942200
1325.307617	-4.536732
1324.212891	77.034164
1323.117188	-0.494593
1322.022461	219.005783
1320.926758	76.844330
1319.831055	184.572205
1318.735352	46.059914
1317.638672	70.593552
1316.542969	80.292068
1315.446289	39.977257
1314.349609	209.543503
1313.251953	164.861389
1312.155273	40.233406
1311.057617	112.323196
1309.959961	38.968960
1308.862305	191.351746
1307.763672	41.522366
1306.665039	176.337540
1305.566406	126.615532
1304.467773	62.009060
1303.369141	-53.716339
1302.269531	66.781670
1301.169922	-0.807211
1300.070313	-83.217468
1298.970703	103.636246
1297.870117	60.934193
1296.769531	-43.016289
1295.668945	65.444359
1294.568359	15.592897
1293.466797	23.513411
1292.366211	132.719528
1291.264648	-25.036940
1290.162109	-3.454829
1289.060547	-81.993683
1287.958008	-14.103334
1286.855469	47.912167
1285.752930	-40.174828
1284.650391	-12.935712
1283.546875	-34.858124
1282.444336	100.820976
1281.339844	81.296135
1280.236328	130.689972
1279.132813	256.176483
1278.028320	103.661583
1276.923828	103.586807
1275.819336	197.231323
1274.713867	104.368294
1273.608398	139.813705
1272.503906	65.131096
1271.397461	76.129898
1270.291992	57.457005
1269.185547	-28.420256
1268.080078	1.035928
1266.972656	-50.595432
1265.866211	-59.953144
1264.759766	-92.012566
1263.652344	-154.386749
1262.544922	-68.949196
1261.436523	-142.083435
1260.329102	-117.879173
1259.220703	-57.677101
1258.112305	-135.694489
1257.003906	-149.756653
1255.895508	-197.886627
1254.786133	-126.143753
1253.676758	-135.316086
1252.567383	-149.568298
1251.458008	-214.191513
1250.347656	-20.154699
1249.237305	-148.161957
1248.126953	-190.191925
1247.016602	-99.850159
1245.905273	-122.012383
1244.793945	-132.986694
1243.682617	-15.152115
1242.571289	-119.090790
1241.459961	-83.690041
1240.347656	-132.957870
1239.235352	-22.037373
1238.123047	-76.360779
1237.009766	-139.586487
1235.897461	-69.189064
1234.784180	-53.306950
1233.670898	-103.392326
1232.556641	-144.178299
1231.443359	-101.122810
1230.329102	-86.786682
1229.214844	-7.373073
1228.099609	-17.644369
1226.985352	-79.045845
1225.870117	-57.299431
1224.754883	83.844345
1223.639648	-47.432983
1222.523438	40.508545
1221.408203	-86.290512
1220.291992	60.012867
1219.174805	-26.693735
1218.058594	64.529663
1216.941406	165.746765
1215.824219	91.945839
1214.707031	104.919250
1213.589844	86.242577
1212.471680	56.989864
1211.353516	50.808533
1210.235352	40.038334
1209.117188	46.290489
1207.998047	52.559444
1206.878906	104.013634
1205.759766	33.424442
1204.640625	-32.946518
1203.520508	79.751160
1202.401367	82.365685
1201.281250	137.466125
1200.160156	28.272106
1199.040039	71.432625
1197.918945	-20.039408
1196.797852	-10.963825
1195.676758	207.847748
1194.555664	98.267296
1193.433594	98.281433
1192.311523	22.004412
1191.189453	72.156364
1190.066406	50.508072
1188.944336	-76.083885
1187.821289	-6.828812
1186.698242	32.106808
1185.574219	60.448833
1184.451172	74.048981
1183.327148	75.708176
1182.203125	-73.509575
1181.078125	1.628895
1179.954102	93.256577
1178.829102	-14.776781
1177.704102	36.002491
1176.579102	-48.203541
1175.453125	-14.441499
1174.327148	25.642679
1173.201172	75.283768
1172.075195	109.622322
1170.949219	228.402390
1169.822266	289.238953
1168.695313	193.956314
1167.568359	287.479675
1166.440430	449.196991
1165.313477	430.795013
1164.185547	438.885162
1163.057617	504.662354
1161.928711	413.930511
1160.800781	576.172363
1159.671875	425.182343
1158.541992	376.791962
1157.413086	262.024933
1156.283203	223.964294
1155.154297	332.181183
1154.023438	224.946869
1152.893555	100.422089
1151.763672	296.358978
1150.632813	177.501877
1149.501953	163.260117
1148.370117	116.948799
1147.239258	147.485382
1146.107422	219.898560
1144.975586	128.171432
1143.843750	247.799072
1142.710938	199.203964
1141.578125	242.558212
1140.445313	199.581482
1139.312500	225.088638
1138.178711	17.513424
1137.045898	30.324133
1135.912109	62.095306
1134.777344	58.679409
1133.643555	59.919300
1132.508789	180.375809
1131.374023	53.660034
1130.239258	37.753380
1129.104492	7.459493
1127.968750	136.877594
1126.833008	33.940086
1125.697266	-91.409218
1124.560547	87.817047
1123.424805	99.065384
1122.288086	138.031769
1121.151367	18.069542
1120.013672	-166.898865
1118.876953	23.478848
1117.739258	12.348323
1116.601563	82.751907
1115.462891	-97.818672
1114.324219	1.968982
1113.186523	88.960976
1112.046875	85.109573
1110.908203	96.593781
1109.769531	20.492235
1108.629883	-39.897713
1107.490234	-7.252896
1106.349609	27.219152
1105.209961	-89.676949
1104.069336	84.430374
1102.928711	-47.025822
1101.787109	11.138514
1100.646484	72.471214
1099.504883	-12.144958
1098.363281	-13.531800
1097.221680	58.016720
1096.079102	149.290085
1094.936523	110.749725
1093.793945	70.126099
1092.651367	189.539780
1091.507813	22.351025
1090.364258	-20.851740
1089.220703	82.102852
1088.077148	64.723091
1086.933594	83.465004
1085.789063	103.154640
1084.644531	50.758888
1083.499023	-12.207746
1082.354492	94.105057
1081.208984	72.248314
1080.063477	183.162064
1078.917969	60.522579
1077.771484	118.476173
1076.625977	236.545120
1075.479492	354.229584
1074.332031	197.141815
1073.185547	307.346649
1072.038086	152.868607
1070.890625	200.410980
1069.743164	111.415665
1068.594727	96.350716
1067.447266	172.618408
1066.298828	200.397003
1065.149414	172.136200
1064.000977	90.143600
1062.851563	34.620865
1061.702148	87.311401
1060.552734	182.346069
1059.402344	176.883316
1058.252930	147.379700
1057.102539	111.889893
1055.951172	-63.845421
1054.800781	-12.421348
1053.649414	46.985748
1052.498047	52.881054
1051.346680	222.749451
1050.194336	42.620388
1049.042969	-19.274496
1047.890625	23.292658
1046.738281	-128.697830
1045.584961	-99.532913
1044.431641	-141.665848
1043.278320	-36.416447
1042.125000	-43.089375
1040.971680	83.355423
1039.817383	-152.134674
1038.663086	125.546692
1037.508789	76.110489
1036.353516	-6.871428
1035.198242	-18.629581
1034.042969	26.685169
1032.887695	-56.280666
1031.732422	-6.333219
1030.576172	76.182365
1029.419922	62.301701
1028.263672	39.360748
1027.106445	71.103706
1025.949219	3.717077
1024.792969	6.340053
1023.634766	-12.989721
1022.477539	51.608620
1021.319336	72.786957
1020.161133	-69.005943
1019.002930	25.739222
1017.843750	-88.305672
1016.684570	-12.270947
1015.525391	-41.761059
1014.366211	-68.878998
1013.207031	40.243912
1012.046875	86.902084
1010.886719	18.923721
1009.726563	44.219513
1008.565430	-95.415672
1007.404297	-55.884068
1006.243164	22.641514
1005.082031	6.846162
1003.920898	-64.618713
1002.758789	19.336653
1001.596680	38.399902
1000.433594	-56.597996
999.271484	94.475082
998.108398	26.479259
996.945313	202.259933
995.782227	144.009018
994.618164	113.179054
993.454102	121.694534
992.290039	197.972504
991.125977	-118.107620
989.960938	1.376888
988.796875	92.381996
987.630859	35.289501
986.465820	-64.709557
985.300781	-11.632900
984.134766	-71.306381
982.968750	-58.598404
981.801758	-36.577023
980.635742	-211.585999
979.468750	-86.013412
978.301758	-113.709114
977.133789	44.009327
975.966797	51.264008
974.798828	34.785442
973.630859	-16.394825
972.461914	-3.329265
971.293945	4.740505
970.125000	50.364288
968.956055	-16.401449
967.786133	64.614929
966.617188	-177.852585
965.447266	4.001663
964.276367	-93.414116
963.106445	-141.976715
961.935547	-141.297546
960.764648	27.475803
959.593750	13.503041
958.422852	-166.000458
957.250977	-93.190727
956.079102	20.909145
954.907227	16.625872
953.734375	32.577320
952.562500	-83.996529
951.389648	-152.057266
950.215820	-50.860207
949.042969	44.640301
947.869141	31.094471
946.695313	-96.859604
945.521484	-104.863472
944.346680	105.234375
943.172852	-11.794265
941.998047	37.525967
940.822266	34.923122
939.647461	-19.585371
938.471680	133.141342
937.295898	114.161804
936.119141	46.137749
934.943359	38.028049
933.766602	225.955948
932.589844	8.193852
931.413086	38.192989
930.235352	13.726894
929.057617	122.701294
927.879883	57.400909
926.702148	111.856529
925.523438	188.076050
924.344727	65.680550
923.166016	54.844879
921.987305	-53.888451
920.807617	190.899078
919.627930	192.108353
919.497070	60.566551
918.331055	163.880432
917.165039	68.776878
915.999023	57.930241
914.833008	-18.107691
913.666016	120.427277
912.499023	-61.493153
911.332031	-1.739069
910.165039	76.985458
908.997070	-47.842010
907.830078	-36.973385
906.661133	-156.309067
905.493164	-23.394878
904.325195	49.811661
903.156250	-26.107897
901.987305	120.239067
900.818359	38.908737
899.648438	71.391815
898.478516	198.658585
897.308594	147.139221
896.138672	222.888947
894.968750	122.653381
893.797852	214.608276
892.626953	274.052521
891.456055	152.215134
890.284180	68.290901
889.113281	233.179382
887.941406	51.935150
886.768555	108.631454
885.596680	103.142479
884.423828	-21.233570
883.250977	11.119110
882.078125	-67.279930
880.905273	37.970200
879.731445	-75.505577
878.557617	134.965195
877.383789	-72.944138
876.209961	18.716637
875.035156	-11.052089
873.860352	32.006134
872.685547	-111.010536
871.510742	-16.734921
870.334961	-54.571411
869.159180	-89.702034
867.983398	-41.300117
866.807617	-33.327091
865.630859	17.730108
864.454102	87.610367
863.277344	63.237999
862.100586	33.488979
860.922852	-31.232529
859.745117	-17.910776
858.567383	-195.574570
857.389648	89.383492
856.210938	129.549683
855.032227	-126.002113
853.853516	91.566460
852.674805	18.839872
851.495117	-48.486744
850.315430	93.714691
849.135742	149.921219
847.956055	90.652351
846.775391	71.669624
845.595703	125.150604
844.415039	98.111542
843.233398	122.049957
842.052734	44.055069
840.871094	78.713890
839.689453	-85.038857
838.506836	62.202881
837.325195	21.788090
836.142578	101.956100
834.959961	66.899956
833.777344	-24.388664
832.593750	-48.701019
831.410156	79.588554
830.226563	-25.040468
829.042969	33.606701
827.858398	-6.766579
826.673828	-92.600548
825.489258	-50.033913
824.304688	-162.570602
823.120117	-50.510475
821.934570	5.372285
820.749023	7.784903
819.562500	68.967812
818.376953	15.265227
817.190430	39.025234
816.003906	97.480469
814.817383	-6.926729
813.629883	171.603622
812.442383	-39.516628
811.254883	216.302307
810.067383	-0.083642
808.878906	-40.385757
807.690430	148.608109
806.501953	-19.664093
805.313477	67.967995
804.124023	-1.642469
802.934570	-105.860466
801.745117	-39.586437
800.555664	-23.938114
799.365234	-26.936369
798.175781	-192.302307
796.985352	-59.557125
795.793945	51.843540
794.603516	75.411034
793.412109	-34.010643
792.220703	-114.144348
791.028320	90.196999
789.836914	-29.807743
788.644531	185.049164
787.452148	-123.564987
786.258789	-46.909920
785.066406	-18.094820
783.873047	-15.848027
782.679688	-122.443649
781.485352	105.400085
780.291992	102.294235
779.097656	101.837082
777.903320	-7.371447
776.708008	-82.067657
775.512695	-26.829355
774.318359	118.501534
773.122070	-27.746719
771.926758	-14.967465
770.730469	191.178711
769.534180	29.095484
768.337891	110.680733
767.141602	17.498842
765.944336	91.098114
764.747070	58.809490
763.549805	76.795494
762.351563	-63.942951
761.154297	1.649225
759.956055	257.579773
758.757813	66.642097
757.558594	89.857071
756.359375	-74.556602
755.160156	56.978622
753.960938	-49.266811
752.761719	174.619629
751.561523	179.267197
750.361328	-27.268459
749.160156	167.419250
747.959961	19.004198
746.758789	168.738617
745.557617	260.377380
744.356445	96.189476
743.154297	171.970123
741.952148	71.111908
740.750000	99.414070
739.547852	77.636314
738.344727	-15.263557
737.142578	181.563248
735.939453	36.001667
734.735352	87.929535
733.532227	168.778198
732.328125	125.907661
731.124023	154.078720
729.918945	-28.195677
728.714844	-86.805420
727.509766	133.295959
726.303711	-88.318382
725.098633	-7.617889
723.892578	73.039078
722.686523	66.961235
721.480469	131.790100
720.274414	49.530510
719.067383	-56.332512
717.860352	16.325708
716.653320	-31.773218
715.445313	132.658463
714.238281	11.086047
713.030273	70.513817
711.821289	135.151154
710.613281	81.781761
709.404297	2.214567
708.195313	-124.496986
706.986328	-17.999443
705.776367	117.255142
704.566406	-56.571842
703.356445	-54.916492
702.146484	90.697693
700.935547	94.915802
699.724609	49.406090
698.513672	-74.576614
697.302734	18.564802
696.090820	22.748344
694.878906	-103.799583
693.666992	-10.745057
692.455078	152.816177
691.242188	41.961765
690.029297	145.340012
688.816406	-9.887498
687.602539	-18.841885
686.389648	-87.846489
685.175781	119.822807
683.960938	123.857826
682.747070	-44.306908
681.532227	53.635689
680.317383	-57.096649
679.102539	14.710889
677.886719	31.735458
676.670898	-32.049793
675.455078	-74.975456
674.239258	77.481377
673.022461	-20.168667
671.805664	-104.770752
670.588867	16.317677
669.372070	82.683014
668.154297	-64.379959
666.936523	-3.254461
665.718750	120.260666
664.500977	121.480843
663.282227	159.088974
662.063477	-37.290264
660.844727	-46.471844
659.625000	-8.890537
658.405273	18.270237
657.185547	14.238502
655.965820	147.825775
654.745117	32.104092
653.525391	69.564148
652.303711	-25.357292
651.083008	-76.142883
649.861328	161.019852
648.640625	37.571899
647.417969	-0.269339
646.196289	26.702589
644.973633	302.469513
643.750977	93.530289
642.528320	-3.930008
641.305664	170.610611
640.082031	119.763168
638.858398	151.776047
637.634766	-93.214973
636.410156	88.909386
635.185547	141.569458
633.960938	300.258911
632.736328	101.947510
631.510742	76.957642
630.285156	114.012894
629.059570	130.361847
627.833984	149.275543
626.607422	137.164200
625.380859	-6.691878
624.154297	146.492996
622.927734	155.008926
621.700195	80.901840
620.472656	99.726006
619.245117	-15.648402
618.016602	212.128250
616.788086	34.851967
615.559570	-26.318996
614.331055	7.915728
613.101563	-53.248058
611.872070	32.494957
610.642578	-0.330250
609.413086	10.638709
608.182617	44.769482
606.952148	45.400139
605.721680	33.147949
604.491211	-51.176933
603.259766	8.623673
602.028320	117.268745
600.796875	128.114822
599.564453	126.086632
598.332031	-27.644184
597.099609	163.127548
595.867188	207.319427
594.633789	102.455750
593.400391	133.775101
592.166992	167.639389
590.933594	227.156158
589.699219	137.737885
588.464844	35.513805
587.230469	143.746231
585.995117	226.265594
584.760742	52.237061
583.525391	-6.326096
582.289063	68.450737
581.053711	48.340675
579.817383	115.366234
578.581055	146.481430
577.343750	146.832565
576.107422	37.042912
574.870117	-11.253736
573.631836	14.703960
572.394531	2.248790
571.156250	156.126328
569.917969	89.900482
568.679688	21.136341
567.440430	59.802906
566.202148	-47.294312
564.961914	-13.759774
563.722656	-169.371094
562.482422	-8.080529
561.243164	239.993149
560.001953	35.873833
558.761719	89.744911
557.520508	51.676537
556.279297	-19.565163
555.038086	-24.433680
553.795898	-11.447859
552.554688	-23.982258
551.311523	-8.466712
550.069336	60.581093
548.826172	-161.016342
547.583984	-84.332253
546.339844	35.628254
545.096680	-2.416624
543.852539	-119.409554
542.608398	48.845802
541.364258	-14.655345
540.119141	-24.683859
538.875000	0.915062
537.628906	-154.148926
536.383789	13.904424
535.137695	-57.182064
533.892578	-29.078775
532.645508	52.389702
531.399414	-11.050542
530.152344	50.040031
528.905273	113.639488
527.658203	34.970535
526.410156	169.637711
525.163086	154.451111
523.914063	245.872162
522.666016	50.484917
521.416992	-58.560253
520.167969	-68.633446
518.918945	-76.171661
517.669922	-126.816017
516.419922	-53.228668
515.169922	-96.264099
513.919922	-83.539536
512.668945	-10.025258
511.417969	7.729396
510.166992	-73.288322
508.916016	-58.070179
507.664063	-90.958107
506.412109	-93.468742
505.160156	-88.394173
503.907227	-65.621307
502.655273	-15.043682
501.402344	-126.318314
500.148438	-42.900429
498.895508	-12.599130
497.641602	15.155079
496.387695	-169.320526
495.132813	75.657341
493.878906	-33.009003
492.624023	65.387535
491.368164	-68.488266
490.113281	-48.373764
488.857422	-114.060966
487.601563	82.613022
486.344727	-0.746299
485.088867	21.822435
483.832031	36.807850
482.575195	-38.955334
481.317383	81.846786
480.059570	89.220291
478.801758	26.054884
477.543945	-21.985340
476.285156	15.580391
475.027344	-27.427240
473.767578	93.142487
472.508789	85.332123
471.249023	69.963402
469.989258	89.794739
468.729492	16.571110
467.469727	-46.582153
466.208984	56.149906
464.948242	-54.762451
463.686523	-42.548786
462.425781	145.457245
461.164063	119.916824
459.901367	199.808563
458.639648	46.213371
457.376953	23.154034
456.114258	235.921494
454.851563	109.938637
453.587891	46.679604
452.324219	224.123764
451.060547	48.008820
449.796875	142.613953
448.532227	-18.433098
447.267578	156.247833
446.002930	-19.823977
444.737305	222.324249
443.471680	191.448593
442.206055	-24.670547
440.940430	137.134399
439.673828	-13.908740
438.407227	52.690933
437.140625	164.234131
435.873047	28.156981
434.605469	19.578709
433.337891	153.411224
432.070313	-12.700687
430.801758	26.051279
429.533203	224.577805
428.264648	135.806229
426.996094	74.477783
425.726563	95.481934
424.457031	121.406555
423.186523	12.532996
421.916992	85.729164
420.646484	39.122673
419.375977	94.689522
418.104492	107.781891
416.833008	125.778572
415.561523	116.283043
414.290039	243.720505
413.017578	-32.448471
411.746094	102.269371
410.472656	154.682999
409.200195	97.473961
407.926758	30.239710
406.653320	-34.574154
405.379883	-7.430158
404.105469	-15.218843
402.831055	-95.210457
401.556641	118.032631
400.282227	99.951866
399.006836	-2.717487
397.731445	8.804106
396.456055	27.647295
395.179688	38.901272
393.903320	-2.112909
392.626953	36.175549
391.350586	-59.685596
390.073242	171.813934
388.795898	127.753990
387.518555	24.045805
386.240234	14.430454
384.961914	12.092791
383.683594	116.148811
382.405273	81.243233
381.125977	68.464317
379.846680	50.556061
378.567383	121.603752
377.287109	46.372154
376.006836	-36.449379
374.726563	-15.515660
373.446289	89.309891
372.165039	55.365623
370.883789	-149.403625
369.602539	-18.091619
368.320313	-188.619232
367.039063	-18.290071
365.755859	144.292969
364.473633	44.734707
363.190430	-74.802498
361.907227	101.722160
360.624023	23.648024
359.340820	29.235678
358.056641	-44.430622
356.772461	69.117874
355.487305	179.838669
354.202148	31.296839
352.916992	72.321022
351.631836	51.383770
350.346680	69.545837
349.060547	28.219738
347.774414	8.726256
346.487305	97.219688
345.200195	-105.210953
343.913086	-101.172272
342.625977	30.442793
341.338867	-246.821350
340.050781	70.895248
338.762695	-64.457092
337.473633	72.730553
336.184570	-80.653282
334.895508	119.486595
333.606445	-113.381790
332.317383	-42.000069
331.027344	-224.123413
329.736328	-21.157074
328.446289	-137.923752
327.155273	-53.906120
325.864258	100.706833
324.573242	36.356236
323.281250	-1.558073
321.989258	-89.071770
320.697266	-83.962189
319.405273	-74.547913
318.112305	0.403621
316.819336	-60.061474
315.526367	-64.795731
314.232422	-26.116131
312.938477	24.122181
311.644531	51.624004
310.349609	26.997757
309.054688	153.380661
307.759766	198.247223
306.464844	164.079971
305.168945	63.118267
303.873047	279.250366
302.577148	210.953995
301.281250	88.112396
299.984375	272.315887
