1999.946289	-81.827942
1998.981445	-103.801506
1998.017578	-77.291840
1997.052734	-1.711690
1996.088867	-50.534267
1995.124023	-99.797874
1994.159180	-360.019745
1993.193359	-3.987027
1992.228516	-64.464066
1991.262695	80.124367
1990.296875	152.479706
1989.331055	19.031672
1988.365234	88.115974
1987.398438	119.704346
1986.432617	96.501770
1985.465820	285.607605
1984.499023	157.865005
1983.532227	286.891754
1982.565430	-4.559771
1981.597656	-244.322922
1980.629883	17.169617
1979.662109	162.190109
1978.694336	20.420759
1977.726563	-64.785515
1976.758789	-31.740063
1975.790039	-70.534996
1974.821289	77.969856
1973.852539	53.479191
1972.883789	142.228745
1971.915039	72.884727
1970.945313	146.363693
1969.975586	207.275879
1969.005859	21.481295
1968.036133	104.173782
1967.066406	312.304810
1966.096680	10.244634
1965.125977	222.883179
1964.155273	-7.978670
1963.184570	199.328644
1962.213867	93.778214
1961.242188	153.013626
1960.271484	-51.212612
1959.299805	59.407368
1958.328125	-88.422203
1957.356445	-123.197731
1956.384766	296.806885
1955.412109	-8.692240
1954.439453	174.940720
1953.467773	9.434673
1952.495117	94.503929
1951.521484	120.483948
1950.548828	-59.951855
1949.575195	113.202827
1948.601563	158.539703
1947.627930	247.962372
1946.654297	-35.779015
1945.680664	43.680798
1944.706055	-78.136879
1943.732422	111.546135
1942.757813	-125.633003
1941.783203	-144.553589
1940.807617	-102.236984
1939.833008	60.117458
1938.857422	33.660652
1937.881836	-247.650970
1936.906250	0.238239
1935.930664	-33.670879
1934.955078	-45.567028
1933.978516	126.131866
1933.001953	30.910282
1932.025391	207.362411
1931.048828	178.170227
1930.072266	-188.656219
1929.094727	90.391289
1928.118164	80.730247
1927.140625	44.156071
1926.163086	-36.430244
1925.184570	-204.996460
1924.207031	159.233093
1923.228516	161.698898
1922.250000	-155.867279
1921.271484	-23.918106
1920.292969	98.205009
1919.314453	-75.149971
1918.334961	151.886444
1917.355469	-94.646660
1916.375977	-138.558777
1915.396484	29.795616
1914.416992	-40.962452
1913.436523	-277.534149
1912.457031	-72.678703
1911.476563	-209.204727
1910.496094	-65.376312
1909.515625	97.894997
1908.534180	-4.474101
1907.552734	-4.488148
1906.572266	-116.537498
1905.590820	192.737869
1904.608398	-87.297478
1903.626953	22.255825
1902.644531	-262.504059
1901.663086	-145.652512
1900.680664	-16.679344
1899.698242	14.954396
1898.714844	19.826029
1897.732422	-150.367599
1896.749023	-53.080299
1895.765625	209.456146
1894.782227	-150.220383
1893.798828	22.342064
1892.814453	-11.641747
1891.831055	-16.465508
1890.846680	17.566170
1889.862305	85.579636
1888.877930	114.726814
1887.892578	168.134415
1886.908203	107.477295
1885.922852	-52.627460
1884.937500	-38.030235
1883.952148	117.219543
1882.965820	119.652733
1881.980469	76.022125
1880.994141	-30.615868
1880.007813	189.933136
1879.021484	-234.091400
1878.035156	-13.598400
1877.047852	-13.594330
1876.061523	146.222321
1875.074219	37.233917
1874.086914	-115.294960
1873.098633	182.371307
1872.111328	138.739258
1871.123047	170.107162
1870.135742	-321.007721
1869.147461	107.016060
1868.158203	27.106178
1867.169922	101.928383
1866.180664	-239.016159
1865.192383	-96.543106
1864.203125	-43.538109
1863.213867	-41.301136
1862.223633	-101.882050
1861.234375	-109.336693
1860.244141	85.984283
1859.253906	-203.967133
1858.263672	-30.471350
1857.273438	87.437325
1856.282227	5.038894
1855.291992	26.359776
1854.300781	156.160294
1853.309570	206.316360
1852.317383	155.170349
1851.326172	207.653183
1850.333984	-29.090334
1849.342773	61.884521
1848.350586	200.960709
1847.357422	53.349861
1846.365234	26.153112
1845.372070	112.073524
1844.379883	-129.430161
1843.386719	117.643761
1842.393555	135.999695
1841.399414	-81.454048
1840.406250	-178.608978
1839.412109	-114.659996
1838.417969	2.110138
1837.423828	61.093815
1836.429688	-72.266777
1835.434570	-143.155365
1834.440430	-194.849625
1833.445313	-160.109451
1832.450195	57.083485
1831.454102	-179.680328
1830.458984	138.145126
1829.462891	218.167694
1828.466797	216.504578
1827.470703	212.383194
1826.474609	28.282873
1825.478516	122.405655
1824.481445	168.463730
1823.484375	-104.431229
1822.487305	-82.454132
1821.490234	-50.965416
1820.493164	-84.255203
1819.495117	95.609123
1818.498047	-76.764305
1817.500000	98.096207
1816.500977	169.855469
1815.502930	50.004848
1814.504883	112.023773
1813.505859	71.039795
1812.506836	89.806084
1811.507813	130.015030
1810.508789	9.888344
1809.508789	-72.020866
1808.508789	-244.828247
1807.508789	55.621552
1806.508789	212.481934
1805.508789	120.705147
1804.508789	105.319641
1803.507813	-98.838692
1802.506836	126.833824
1801.505859	-63.105045
1800.504883	-28.671711
1799.502930	215.678436
1798.501953	-119.999779
1797.500000	143.176590
1796.498047	-178.238998
1795.496094	184.826965
1794.493164	20.699976
1793.491211	323.801086
1792.488281	80.863945
1791.485352	54.778522
1790.482422	162.030502
1789.478516	102.388359
1788.475586	321.334686
1787.471680	261.485138
1786.467773	246.792725
1785.463867	293.895538
1784.459961	160.005951
1783.455078	159.306061
1782.450195	-67.498756
1781.445313	5.374229
1780.440430	239.826904
1779.435547	48.487751
1778.429688	170.899780
1777.424805	233.747086
1776.418945	251.309448
1775.413086	92.945396
1774.406250	145.937866
1773.400391	-314.174652
1772.393555	52.089996
1771.386719	-156.405258
1770.379883	133.520950
1769.373047	15.051978
1768.365234	62.597206
1767.358398	-108.221519
1766.350586	-39.544216
1765.342773	45.598213
1764.334961	225.432190
1763.326172	-42.930199
1762.318359	-86.143318
1761.309570	-58.375473
1760.300781	0.069618
1759.291016	8.631852
1758.282227	66.819847
1757.272461	236.148163
1756.262695	88.088951
1755.252930	86.714500
1754.243164	-111.176315
1753.233398	64.711472
1752.222656	-22.155478
1751.211914	63.545219
1750.201172	-132.282028
1749.190430	173.048447
1748.179688	38.509487
1747.167969	-29.930738
1746.156250	128.371078
1745.144531	128.225677
1744.132813	26.410656
1743.121094	141.773895
1742.108398	18.513676
1741.095703	-5.665584
1740.083008	-29.947163
1739.070313	127.360664
1738.057617	133.514099
1737.043945	231.533264
1736.030273	378.931763
1735.016602	-115.159119
1734.002930	-260.281952
1732.989258	-35.420670
1731.974609	215.155365
1730.959961	265.268951
1729.945313	-49.854774
1728.930664	-127.098160
1727.916016	-103.167694
1726.900391	-13.444468
1725.885742	-3.877679
1724.870117	184.420319
1723.853516	33.719360
1722.837891	-168.768982
1721.822266	-157.252075
1720.805664	6.992094
1719.789063	-78.140182
1718.772461	41.162331
1717.754883	392.971008
1716.738281	119.535690
1715.720703	250.166382
1714.703125	-145.484222
1713.685547	-52.622383
1712.667969	-128.942657
1711.649414	104.518463
1710.630859	35.033268
1709.612305	-4.016576
1708.593750	-136.987656
1707.575195	-44.818596
1706.555664	98.801460
1705.536133	-46.128174
1704.516602	162.895355
1703.497070	-47.800880
1702.477539	-38.225735
1701.457031	50.903969
1700.437500	-230.188278
1699.416992	224.131256
1698.395508	64.673859
1697.375000	24.606878
1696.354492	-284.708466
1695.333008	-76.805779
1694.311523	-25.833158
1693.290039	-241.646988
1692.267578	-204.870895
1691.246094	86.720078
1690.223633	-112.878281
1689.201172	-230.659332
1688.178711	-58.670818
1687.155273	-213.972168
1686.132813	95.636887
1685.109375	89.708199
1684.085938	-68.083252
1683.062500	-62.445301
1682.039063	-103.566231
1681.014648	149.324310
1679.990234	17.020706
1678.965820	-5.645750
1677.941406	39.279266
1676.916992	58.470802
1675.891602	77.573990
1674.866211	133.910904
1673.840820	346.328491
1672.815430	199.730331
1671.790039	36.822788
1670.763672	76.567207
1669.737305	120.899223
1668.710938	99.960762
1667.684570	258.245300
1666.658203	34.676037
1665.630859	374.315674
1664.603516	190.252518
1663.576172	262.106995
1662.548828	268.763245
1661.520508	154.434311
1660.493164	230.770432
1659.464844	544.118164
1658.436523	434.323761
1657.408203	563.865234
1656.378906	635.223022
1655.350586	585.748840
1654.321289	550.177734
1653.291992	642.285828
1652.261719	634.487122
1651.232422	877.340637
1650.202148	416.944458
1649.171875	692.151001
1648.141602	556.655090
1647.111328	669.335144
1646.080078	533.829590
1645.049805	801.744568
1644.018555	935.084290
1642.987305	1024.324341
1641.955078	814.612976
1640.923828	1035.843628
1639.891602	1185.156982
1638.859375	1024.116699
1637.827148	858.493774
1636.794922	1054.010376
1635.761719	1288.763794
1634.729492	1206.452393
1633.696289	1320.777344
1632.662109	1416.533081
1631.628906	1581.638428
1630.594727	1501.589600
1629.561523	1627.313232
1628.527344	1524.174683
1627.493164	1397.971924
1626.458008	1318.009766
1625.423828	1605.341431
1624.388672	1652.389160
1623.353516	2015.732178
1622.318359	1958.821045
1621.282227	1661.900146
1620.247070	1669.712036
1619.210938	1629.067627
1618.174805	1528.483765
1617.137695	1958.347168
1616.101563	1979.972656
1615.064453	1768.765137
1614.027344	1725.909058
1612.990234	1996.478271
1611.953125	1856.878540
1610.916016	2178.042725
1609.877930	2045.405029
1608.839844	2249.014648
1607.801758	2277.617676
1606.763672	2455.847900
1605.724609	2210.604248
1604.685547	2142.647217
1603.646484	2428.997559
1602.607422	2386.395264
1601.568359	2764.636719
1600.528320	2613.997559
1599.489258	2955.350342
1598.449219	2823.200684
1597.408203	2796.819336
1596.368164	2621.196045
1595.327148	2569.693604
1594.287109	2975.229004
1593.246094	2779.138672
1592.204102	2555.616943
1591.163086	2738.449707
1590.121094	2618.381592
1589.079102	2636.054932
1588.037109	2539.100098
1586.995117	2662.381836
1585.953125	2629.772217
1584.910156	2523.870605
1583.867188	2406.614014
1582.824219	2291.759521
1581.781250	2337.374756
1580.737305	2016.557129
1579.693359	2142.477783
1578.649414	2147.071533
1577.605469	1890.781128
1576.561523	1771.982910
1575.516602	1955.327148
1574.472656	2065.481934
1573.427734	1848.572876
1572.381836	2075.458984
1571.336914	1973.108398
1570.291016	1848.004883
1569.246094	2043.014893
1568.200195	2046.073242
1567.153320	1987.515503
1566.107422	1906.238892
1565.060547	1715.448242
1564.013672	1319.329224
1562.966797	1717.867310
1561.919922	1938.317627
1560.872070	1494.723999
1559.825195	1683.375244
1558.777344	1539.004761
1557.729492	1634.244507
1556.680664	1494.680054
1555.632813	1836.288452
1554.583984	1851.921143
1553.535156	1838.024292
1552.486328	2081.683105
1551.436523	2077.047363
1550.387695	1500.896606
1549.337891	1842.684326
1548.288086	2029.641479
1547.238281	2029.991455
1546.187500	1884.797485
1545.136719	1687.440063
1544.086914	1722.305542
1543.035156	1759.518677
1541.984375	1862.782715
1540.933594	1679.672485
1539.881836	1992.235840
1538.830078	1784.391968
1537.778320	1601.739502
1536.725586	1367.019775
1535.673828	1393.701904
1534.621094	1509.039551
1533.568359	1367.914185
1532.515625	1217.885376
1531.461914	1056.681152
1530.409180	1161.136841
1529.355469	966.229797
1528.301758	1095.848511
1527.247070	1066.802002
1526.193359	1065.111694
1525.138672	723.539063
1524.083984	955.581665
1523.029297	550.982422
1521.974609	536.308411
1520.918945	385.869232
1519.863281	643.220337
1518.807617	402.524567
1517.751953	334.089203
1516.696289	376.704041
1515.639648	636.642090
1514.583008	172.713913
1513.526367	636.418274
1512.469727	263.400269
1511.412109	460.392456
1510.355469	53.927868
1509.297852	97.484673
1508.240234	272.216339
1507.181641	87.822632
1506.124023	124.995689
1505.065430	182.613098
1504.006836	-89.277718
1502.948242	131.167496
1501.888672	101.156952
1500.830078	-285.194855
1499.770508	30.334772
1498.710938	109.060036
1497.650391	-267.618958
1496.590820	-37.514603
1495.530273	-147.733292
1494.469727	-345.654755
1493.409180	-38.622337
1492.348633	-49.205982
1491.287109	-91.174744
1490.225586	-164.502716
1489.164063	-206.130966
1488.102539	-40.500584
1487.041016	-21.068291
1485.978516	7.502970
1484.916016	182.418015
1483.853516	2.089217
1482.791016	78.317612
1481.727539	174.897812
1480.664063	19.844536
1479.600586	-22.631054
1478.537109	184.430222
1477.473633	355.676971
1476.409180	625.769714
1475.344727	635.413757
1474.280273	499.363190
1473.215820	437.670868
1472.151367	544.370117
1471.085938	590.670837
1470.020508	749.023804
1468.955078	981.620422
1467.888672	1115.499146
1466.823242	956.536499
1465.756836	1074.920898
1464.690430	977.084473
1463.624023	1057.671875
1462.556641	1335.433105
1461.490234	1468.424805
1460.422852	1289.748901
1459.355469	1538.504639
1458.287109	1539.050293
1457.219727	1490.909790
1456.151367	1264.693970
1455.083008	1333.845459
1454.014648	1753.537842
1452.945313	1227.547974
1451.876953	1318.730225
1450.807617	1651.148193
1449.738281	1489.214111
1448.668945	1532.400635
1447.598633	1522.647095
1446.528320	1616.435913
1445.458008	1720.251099
1444.387695	1481.612061
1443.317383	1565.541992
1442.246094	1579.390991
1441.174805	1679.779419
1440.103516	1500.634644
1439.032227	1335.678955
1437.960938	1461.173950
1436.888672	1177.806274
1435.816406	1624.019653
1434.744141	1510.055786
1433.670898	1366.473267
1432.598633	1195.951050
1431.525391	1148.356567
1430.452148	1351.462524
1429.378906	1138.053589
1428.304688	1157.124634
1427.231445	1278.395996
1426.157227	974.082092
1425.083008	888.101563
1424.007813	762.310730
1422.933594	762.241638
1421.858398	1053.213135
1420.783203	954.465454
1419.708008	972.259766
1418.631836	1067.175781
1417.555664	1253.502197
1416.479492	987.269714
1415.403320	1030.729614
1414.327148	801.373535
1413.250000	949.023926
1412.173828	1335.672974
1411.096680	864.296265
1410.018555	1020.825256
1408.941406	853.803955
1407.863281	703.810425
1406.785156	739.760681
1405.707031	401.204895
1404.628906	625.195129
1403.549805	479.914307
1402.470703	287.324799
1401.391602	157.806824
1400.312500	157.777557
1399.233398	429.107391
1398.153320	339.718140
1397.073242	227.343002
1395.993164	400.196045
1394.913086	343.094849
1393.832031	335.401123
1392.750977	196.597565
1391.669922	-150.347916
1390.588867	259.378326
1389.506836	332.947083
1388.425781	209.856232
1387.343750	229.524414
1386.261719	285.708893
1385.178711	750.744934
1384.096680	546.191895
1383.013672	752.635437
1381.930664	821.814697
1380.846680	816.282104
1379.763672	873.848145
1378.679688	985.009338
1377.595703	1018.201660
1376.511719	983.420288
1375.427734	1263.318604
1374.342773	1537.078613
1373.257813	1231.375977
1372.172852	1299.578857
1371.087891	1161.086792
1370.001953	1111.259766
1368.916992	1196.099487
1367.831055	1322.495117
1366.744141	1162.901123
1365.658203	1127.505737
1364.571289	1515.271362
1363.484375	1266.761108
1362.397461	1381.647949
1361.310547	1196.985596
1360.222656	1354.343750
1359.135742	1448.528931
1358.047852	1274.344238
1356.958984	1191.056519
1355.871094	1270.947998
1354.782227	1370.826172
1353.693359	1368.101196
1352.604492	1505.164673
1351.515625	1417.652100
1350.425781	1311.480103
1349.335938	1363.579590
1348.246094	1354.834351
1347.156250	1523.598877
1346.066406	1194.498901
1344.975586	1452.734375
1343.884766	1287.240234
1342.793945	1282.899780
1341.702148	1228.098999
1340.611328	1370.812866
1339.519531	1668.806519
1338.427734	1864.174316
1337.334961	1539.712524
1336.243164	1512.416870
1335.150391	1604.691772
1334.057617	1548.127441
1332.964844	1512.742065
1331.871094	1578.976929
1330.778320	1595.141602
1329.684570	1667.506348
1328.590820	1737.346436
1327.496094	1787.234131
1326.402344	1766.785034
1325.307617	1406.793579
1324.212891	1364.056030
1323.117188	1588.359863
1322.022461	1383.156006
1320.926758	1473.884033
1319.831055	1549.683594
1318.735352	1808.629761
1317.638672	1564.709473
1316.542969	1415.429810
1315.446289	1305.136841
1314.349609	1087.712402
1313.251953	1254.393677
1312.155273	1478.048462
1311.057617	1043.017700
1309.959961	865.239319
1308.862305	777.931091
1307.763672	798.926086
1306.665039	697.156433
1305.566406	1002.222534
1304.467773	655.334045
1303.369141	453.874542
1302.269531	775.355225
1301.169922	768.495056
1300.070313	930.743958
1298.970703	1186.905518
1297.870117	887.047485
1296.769531	947.396667
1295.668945	1218.496704
1294.568359	1132.203857
1293.466797	1101.527710
1292.366211	872.181824
1291.264648	932.165100
1290.162109	651.679504
1289.060547	380.008972
1287.958008	430.550903
1286.855469	390.957336
1285.752930	330.813049
1284.650391	360.425446
1283.546875	280.978149
1282.444336	232.658966
1281.339844	170.431381
1280.236328	489.831543
1279.132813	160.365372
1278.028320	244.437302
1276.923828	110.451157
1275.819336	149.944809
1274.713867	366.338440
1273.608398	165.330658
1272.503906	217.463867
1271.397461	204.946213
1270.291992	430.688324
1269.185547	251.926315
1268.080078	309.308441
1266.972656	236.689606
1265.866211	360.976318
1264.759766	216.075180
1263.652344	124.701424
1262.544922	128.553619
1261.436523	100.014969
1260.329102	-131.692123
1259.220703	94.584679
1258.112305	-40.793968
1257.003906	72.631767
1255.895508	-63.783745
1254.786133	-111.862312
1253.676758	-138.491333
1252.567383	-13.810555
1251.458008	-116.032005
1250.347656	-5.440359
1249.237305	-243.329254
1248.126953	-171.414581
1247.016602	-160.261871
1245.905273	-145.741730
1244.793945	-133.934875
1243.682617	59.333450
1242.571289	-31.488579
1241.459961	160.084335
1240.347656	275.705017
1239.235352	276.824036
1238.123047	122.208000
1237.009766	161.105362
1235.897461	272.246643
1234.784180	212.473526
1233.670898	131.750397
1232.556641	210.194855
1231.443359	-95.230064
1230.329102	-134.924927
1229.214844	-94.772911
1228.099609	102.374748
1226.985352	51.787937
1225.870117	-57.400845
1224.754883	-105.180153
1223.639648	-18.099741
1222.523438	97.229332
1221.408203	5.711978
1220.291992	-74.492165
1219.174805	-42.257122
1218.058594	95.341736
1216.941406	-82.967735
1215.824219	135.748047
1214.707031	117.687424
1213.589844	222.085892
1212.471680	133.845840
1211.353516	69.244774
1210.235352	49.008411
1209.117188	-31.701956
1207.998047	-89.009407
1206.878906	15.822683
1205.759766	52.373592
1204.640625	111.960899
1203.520508	175.203583
1202.401367	162.871078
1201.281250	112.905228
1200.160156	98.922363
1199.040039	138.252686
1197.918945	276.275391
1196.797852	146.440338
1195.676758	278.828888
1194.555664	197.829010
1193.433594	305.926575
1192.311523	179.393951
1191.189453	107.310577
1190.066406	-37.359276
1188.944336	-45.147827
1187.821289	-140.799652
1186.698242	38.254768
1185.574219	-52.108295
1184.451172	28.678940
1183.327148	41.635235
1182.203125	-49.905994
1181.078125	-164.996368
1179.954102	-136.682922
1178.829102	-280.710907
1177.704102	-14.510381
1176.579102	-135.755692
1175.453125	-118.098312
1174.327148	-142.766891
1173.201172	-70.834259
1172.075195	-88.738419
1170.949219	147.988846
1169.822266	151.379486
1168.695313	113.242218
1167.568359	327.775787
1166.440430	339.396759
1165.313477	268.917023
1164.185547	78.752144
1163.057617	373.881134
1161.928711	77.835579
1160.800781	157.798965
1159.671875	-166.057693
1158.541992	169.550186
1157.413086	-28.675978
1156.283203	-39.909229
1155.154297	-175.809219
1154.023438	-142.160141
1152.893555	-350.793762
1151.763672	-205.842850
1150.632813	-245.649292
1149.501953	-319.002838
1148.370117	-149.034561
1147.239258	-279.491150
1146.107422	-241.646194
1144.975586	-200.468842
1143.843750	-133.332443
1142.710938	-166.727722
1141.578125	-122.113838
1140.445313	-207.508621
1139.312500	121.933388
1138.178711	6.275911
1137.045898	35.560642
1135.912109	-16.098434
1134.777344	26.995539
1133.643555	389.540924
1132.508789	563.334900
1131.374023	816.706177
1130.239258	970.529480
1129.104492	882.861328
1127.968750	1052.973999
1126.833008	1095.612305
1125.697266	934.577026
1124.560547	945.308044
1123.424805	968.946472
1122.288086	932.081360
1121.151367	876.309570
1120.013672	856.328796
1118.876953	870.116455
1117.739258	762.311951
1116.601563	455.512482
1115.462891	539.360718
1114.324219	274.772339
1113.186523	206.956284
1112.046875	412.793457
1110.908203	347.494690
1109.769531	133.179153
1108.629883	104.729431
1107.490234	-93.493057
1106.349609	78.212532
1105.209961	13.425006
1104.069336	86.055717
1102.928711	117.480072
1101.787109	256.478760
1100.646484	377.941681
1099.504883	274.416412
1098.363281	487.436890
1097.221680	491.839142
1096.079102	522.842957
1094.936523	484.459076
1093.793945	595.089905
1092.651367	456.706360
1091.507813	419.004517
1090.364258	704.456360
1089.220703	358.435059
1088.077148	517.776672
1086.933594	360.709961
1085.789063	219.336975
1084.644531	225.063644
1083.499023	122.130638
1082.354492	127.369576
1081.208984	-20.435656
1080.063477	360.675812
1078.917969	259.917053
1077.771484	180.094925
1076.625977	228.686218
1075.479492	405.441010
1074.332031	238.874985
1073.185547	345.771973
1072.038086	408.446198
1070.890625	617.243774
1069.743164	414.385803
1068.594727	411.235168
1067.447266	545.295166
1066.298828	530.682190
1065.149414	541.792725
1064.000977	501.114838
1062.851563	771.787964
1061.702148	590.678345
1060.552734	564.667175
1059.402344	266.366974
1058.252930	465.461823
1057.102539	285.123688
1055.951172	442.819519
1054.800781	470.725891
1053.649414	348.127777
1052.498047	533.288452
1051.346680	470.858612
1050.194336	358.638000
1049.042969	220.422867
1047.890625	323.921448
1046.738281	121.459877
1045.584961	269.103180
1044.431641	251.775253
1043.278320	338.896423
1042.125000	87.900696
1040.971680	36.266972
1039.817383	43.202633
1038.663086	166.659225
1037.508789	12.016064
1036.353516	38.689358
1035.198242	-12.239283
1034.042969	315.440521
1032.887695	328.991913
1031.732422	461.506165
1030.576172	300.184326
1029.419922	360.361298
1028.263672	520.308960
1027.106445	256.470490
1025.949219	307.118347
1024.792969	156.068237
1023.634766	350.263641
1022.477539	342.469025
1021.319336	287.653870
1020.161133	248.954254
1019.002930	159.786621
1017.843750	93.883812
1016.684570	88.909363
1015.525391	125.801247
1014.366211	47.555065
1013.207031	168.657623
1012.046875	119.202843
1010.886719	-168.709946
1009.726563	-221.026535
1008.565430	-101.397285
1007.404297	-142.876038
1006.243164	-167.675171
1005.082031	236.707718
1003.920898	-38.162395
1002.758789	6.278761
1001.596680	88.492218
1000.433594	263.966980
999.271484	65.466728
998.108398	68.601738
996.945313	-194.728317
995.782227	237.620636
994.618164	61.621742
993.454102	73.868195
992.290039	-135.231323
991.125977	125.256325
989.960938	142.107849
988.796875	165.046631
987.630859	104.845123
986.465820	257.213318
985.300781	58.430809
984.134766	129.304443
982.968750	332.666962
981.801758	107.257759
980.635742	172.365158
979.468750	-199.528748
978.301758	93.892349
977.133789	-136.900894
975.966797	10.050086
974.798828	85.318878
973.630859	354.989502
972.461914	94.809822
971.293945	110.646858
970.125000	-126.921188
968.956055	115.307014
967.786133	105.920029
966.617188	322.096619
965.447266	336.971375
964.276367	29.735132
963.106445	303.101959
961.935547	300.463135
960.764648	69.529915
959.593750	435.422913
958.422852	199.382782
957.250977	390.614990
956.079102	521.765503
954.907227	430.362061
953.734375	620.296570
952.562500	556.798340
951.389648	645.095886
950.215820	566.248169
949.042969	652.332214
947.869141	595.168274
946.695313	452.672089
945.521484	475.029510
944.346680	664.015076
943.172852	471.807526
941.998047	574.959351
940.822266	468.832153
939.647461	313.828522
938.471680	882.206726
937.295898	739.065308
936.119141	947.931396
934.943359	831.780945
933.766602	1055.130981
932.589844	845.317139
931.413086	972.736389
930.235352	841.739014
929.057617	489.274231
927.879883	449.328613
926.702148	606.056824
925.523438	472.627441
924.344727	582.614685
923.166016	495.886047
921.987305	357.550262
920.807617	600.130249
919.627930	602.730591
919.497070	405.563599
918.331055	456.367340
917.165039	182.961029
915.999023	91.339127
914.833008	313.952057
913.666016	210.030685
912.499023	98.770401
911.332031	78.309151
910.165039	50.478230
908.997070	76.592361
907.830078	215.460266
906.661133	50.290245
905.493164	46.923256
904.325195	178.306793
903.156250	81.786720
901.987305	-90.642624
900.818359	-260.569916
899.648438	-33.812443
898.478516	-120.489120
897.308594	-18.702326
896.138672	207.813721
894.968750	-111.311905
893.797852	24.602423
892.626953	74.858719
891.456055	291.326263
890.284180	123.928802
889.113281	293.832855
887.941406	192.440475
886.768555	325.588654
885.596680	116.735909
884.423828	127.720749
883.250977	14.176305
882.078125	164.273544
880.905273	-37.117359
879.731445	222.692810
878.557617	67.690727
877.383789	363.923309
876.209961	294.266571
875.035156	75.914497
873.860352	-69.242867
872.685547	-38.902779
871.510742	-64.626755
870.334961	-34.330238
869.159180	-23.545074
867.983398	9.134975
866.807617	-118.883858
865.630859	-49.720211
864.454102	-262.871735
863.277344	-220.500595
862.100586	-5.464234
860.922852	-123.697800
859.745117	-105.740898
858.567383	-202.059418
857.389648	-308.076294
856.210938	-387.336121
855.032227	-245.506393
853.853516	-118.324532
852.674805	-81.061142
851.495117	-340.031403
850.315430	-239.658676
849.135742	-263.114960
847.956055	-104.600563
846.775391	114.479385
845.595703	-93.416878
844.415039	-153.326035
843.233398	-84.735580
842.052734	121.969986
840.871094	129.855453
839.689453	62.609856
838.506836	19.597448
837.325195	-180.840576
836.142578	-3.475517
834.959961	40.648281
833.777344	-84.694000
832.593750	-239.042496
831.410156	-44.953255
830.226563	-88.016342
829.042969	207.494568
827.858398	270.745300
826.673828	312.191589
825.489258	179.581192
824.304688	520.622864
823.120117	199.539001
821.934570	117.693535
820.749023	57.594009
819.562500	60.272305
818.376953	91.893280
817.190430	87.276802
816.003906	171.916779
814.817383	350.582428
813.629883	271.074097
812.442383	-6.163124
811.254883	-107.313148
810.067383	104.910805
808.878906	239.903687
807.690430	302.531586
806.501953	208.526535
805.313477	275.898010
804.124023	367.295685
802.934570	598.260559
801.745117	150.340073
800.555664	65.952843
799.365234	-23.240788
798.175781	156.984222
796.985352	252.933304
795.793945	-43.114697
794.603516	-40.979534
793.412109	-62.909649
792.220703	-104.085609
791.028320	42.116619
789.836914	-23.146952
788.644531	50.870144
787.452148	-48.046757
786.258789	-149.355774
785.066406	78.141304
783.873047	118.349907
782.679688	-19.017792
781.485352	71.493065
780.291992	241.065277
779.097656	199.551285
777.903320	47.757149
776.708008	281.825073
775.512695	-66.468102
774.318359	-122.404099
773.122070	-46.629776
771.926758	5.129802
770.730469	35.283318
769.534180	67.777634
768.337891	432.847687
767.141602	352.718597
765.944336	545.270630
764.747070	601.385315
763.549805	860.671692
762.351563	1217.819336
761.154297	1395.523682
759.956055	1625.680298
758.757813	1800.749878
757.558594	1572.038330
756.359375	1298.006348
755.160156	1193.557983
753.960938	1027.046265
752.761719	836.691467
751.561523	534.224976
750.361328	549.115662
749.160156	494.786285
747.959961	371.279755
746.758789	359.826660
745.557617	438.905823
744.356445	110.398659
743.154297	322.821442
741.952148	203.997864
740.750000	273.317169
739.547852	228.266235
738.344727	52.248943
737.142578	19.060898
735.939453	42.942749
734.735352	47.728954
733.532227	126.197815
732.328125	259.275299
731.124023	23.716108
729.918945	308.784180
728.714844	49.439804
727.509766	160.818588
726.303711	243.588028
725.098633	276.390320
723.892578	366.112793
722.686523	237.322021
721.480469	193.979584
720.274414	501.819580
719.067383	427.479553
717.860352	455.114258
716.653320	295.320984
715.445313	638.213806
714.238281	525.744385
713.030273	709.528809
711.821289	580.380188
710.613281	804.232788
709.404297	873.967102
708.195313	479.453125
706.986328	627.238403
705.776367	687.311768
704.566406	408.868408
703.356445	303.208954
702.146484	183.339096
700.935547	269.225891
699.724609	250.967224
698.513672	76.619576
697.302734	261.561676
696.090820	89.520233
694.878906	66.337509
693.666992	182.471359
692.455078	225.280075
691.242188	308.144501
690.029297	220.941299
688.816406	232.838364
687.602539	485.356049
686.389648	272.939667
685.175781	138.383926
683.960938	251.430832
682.747070	444.530884
681.532227	375.831085
680.317383	434.358978
679.102539	466.880188
677.886719	690.132568
676.670898	727.165283
675.455078	1023.138550
674.239258	1208.271118
673.022461	1419.151367
671.805664	1684.003540
670.588867	1981.616821
669.372070	2013.233276
668.154297	2216.449219
666.936523	2377.191895
665.718750	2368.545654
664.500977	2331.635742
663.282227	2383.965820
662.063477	1980.446533
660.844727	1927.005737
659.625000	1638.688232
658.405273	1413.820557
657.185547	1278.182251
655.965820	755.312683
654.745117	741.748779
653.525391	549.850952
652.303711	639.401306
651.083008	311.476746
649.861328	567.364624
648.640625	419.946198
647.417969	310.013000
646.196289	403.898285
644.973633	324.344177
643.750977	256.472870
642.528320	317.346222
641.305664	111.275261
640.082031	293.728180
638.858398	10.411380
637.634766	108.473724
636.410156	9.966384
635.185547	278.571472
633.960938	-98.255402
632.736328	-58.920994
631.510742	-113.139854
630.285156	12.511557
629.059570	114.694931
627.833984	-89.158501
626.607422	181.004150
625.380859	273.583221
624.154297	387.074463
622.927734	73.446205
621.700195	23.516914
620.472656	-89.419327
619.245117	-11.137249
618.016602	-159.094879
616.788086	-50.633694
615.559570	-56.460049
614.331055	145.036133
613.101563	-33.311260
611.872070	147.034393
610.642578	-70.915421
609.413086	248.949402
608.182617	240.451935
606.952148	73.675850
605.721680	207.048676
604.491211	-138.836990
603.259766	-86.957993
602.028320	-56.068371
600.796875	56.127609
599.564453	-22.340101
598.332031	-333.166840
597.099609	-174.643768
595.867188	-71.965347
594.633789	-50.645638
593.400391	-61.871063
592.166992	-56.879028
590.933594	-272.376678
589.699219	13.317179
588.464844	-83.876343
587.230469	-7.125287
585.995117	30.139168
584.760742	171.680466
583.525391	132.354111
582.289063	-62.236515
581.053711	327.024689
579.817383	46.726543
578.581055	185.654602
577.343750	150.856094
576.107422	123.000977
574.870117	314.973816
573.631836	335.625122
572.394531	-27.730583
571.156250	-67.183411
569.917969	161.576721
568.679688	18.038969
567.440430	151.883301
566.202148	116.979019
564.961914	239.157135
563.722656	116.445816
562.482422	-96.294052
561.243164	261.308838
560.001953	76.298286
558.761719	-41.713539
557.520508	4.124412
556.279297	165.270660
555.038086	-12.680263
553.795898	-79.890350
552.554688	-130.937561
551.311523	159.126022
550.069336	144.902817
548.826172	45.433167
547.583984	217.797272
546.339844	270.325775
545.096680	-114.603584
543.852539	0.119772
542.608398	20.436590
541.364258	206.406052
540.119141	86.342514
538.875000	166.423615
537.628906	131.491623
536.383789	266.699402
535.137695	22.610529
533.892578	-5.361169
532.645508	-37.928181
531.399414	-49.799171
530.152344	-151.227051
528.905273	-188.322250
527.658203	-99.150940
526.410156	-49.033848
525.163086	-251.313370
523.914063	-386.991180
522.666016	-261.147461
521.416992	-160.582199
520.167969	-121.953079
518.918945	-71.875389
517.669922	40.055016
516.419922	-19.889172
515.169922	-27.121696
513.919922	34.351269
512.668945	-18.680149
511.417969	31.319317
510.166992	-131.533646
508.916016	-24.327457
507.664063	-31.547647
506.412109	130.475540
505.160156	109.503067
503.907227	-7.482033
502.655273	325.846497
501.402344	42.049210
500.148438	32.513676
498.895508	107.495613
497.641602	376.539673
496.387695	252.762222
495.132813	270.546112
493.878906	281.472900
492.624023	239.895416
491.368164	125.319786
490.113281	377.971832
488.857422	365.989258
487.601563	499.892059
486.344727	620.033020
485.088867	336.776337
483.832031	684.671265
482.575195	308.073364
481.317383	619.321289
480.059570	470.500763
478.801758	182.859100
477.543945	434.651154
476.285156	554.322388
475.027344	296.289063
473.767578	659.182190
472.508789	992.315186
471.249023	766.007019
469.989258	805.657104
468.729492	752.058472
467.469727	861.988281
466.208984	812.794861
464.948242	806.693542
463.686523	752.829102
462.425781	778.351501
461.164063	590.444885
459.901367	570.414551
458.639648	641.031616
457.376953	298.748688
456.114258	620.850708
454.851563	718.269531
453.587891	584.339111
452.324219	729.045288
451.060547	526.940369
449.796875	671.316650
448.532227	616.198425
447.267578	656.033875
446.002930	516.870605
444.737305	737.405640
443.471680	681.637756
442.206055	627.969238
440.940430	809.325623
439.673828	615.056824
438.407227	818.518616
437.140625	587.735352
435.873047	833.583069
434.605469	466.868286
433.337891	549.524963
432.070313	805.760010
430.801758	607.820679
429.533203	495.456573
428.264648	631.080933
426.996094	1039.337158
425.726563	944.075867
424.457031	977.075623
423.186523	885.703613
421.916992	924.773743
420.646484	988.243958
419.375977	1299.164063
418.104492	1377.514038
416.833008	1277.499878
415.561523	1503.615723
414.290039	1643.652100
413.017578	1848.441895
411.746094	1719.650757
410.472656	2123.610596
409.200195	2239.005859
407.926758	1969.276733
406.653320	1561.990356
405.379883	1684.827637
404.105469	1442.963379
402.831055	1369.142578
401.556641	1079.101318
400.282227	1060.325317
399.006836	960.070129
397.731445	1115.125610
396.456055	1083.150269
395.179688	853.007874
393.903320	1205.551025
392.626953	1027.860596
391.350586	1093.919189
390.073242	968.577087
388.795898	1171.987793
387.518555	1042.810303
386.240234	1060.690308
384.961914	714.797302
383.683594	771.275208
382.405273	696.939148
381.125977	382.125366
379.846680	567.806641
378.567383	606.954834
377.287109	497.374817
376.006836	594.788025
374.726563	559.135376
373.446289	305.519135
372.165039	171.531708
370.883789	282.239075
369.602539	174.968475
368.320313	475.237274
367.039063	8.135410
365.755859	113.671013
364.473633	300.448853
363.190430	298.259552
361.907227	42.522739
360.624023	24.145189
359.340820	316.534912
358.056641	63.154724
356.772461	410.246124
355.487305	251.820786
354.202148	47.255859
352.916992	88.395264
351.631836	47.611507
350.346680	-81.766571
349.060547	-12.563576
347.774414	110.408714
346.487305	-97.987312
345.200195	-41.234203
343.913086	413.918701
342.625977	-127.286491
341.338867	-87.770615
340.050781	22.901045
338.762695	215.805832
337.473633	137.465179
336.184570	-34.204281
334.895508	47.298077
333.606445	-29.059242
332.317383	140.833984
331.027344	-160.252441
329.736328	-2.249037
328.446289	62.193138
327.155273	250.302261
325.864258	149.525223
324.573242	114.745819
323.281250	46.018650
321.989258	-238.343109
320.697266	-235.282928
319.405273	-264.051910
318.112305	-152.036255
316.819336	-36.592163
315.526367	-287.495422
314.232422	-222.968933
312.938477	143.535202
311.644531	-68.781685
310.349609	44.946003
309.054688	-139.083359
307.759766	252.570282
306.464844	399.377106
305.168945	252.679169
303.873047	362.872162
302.577148	321.041718
301.281250	701.418823
299.984375	679.918518
