#X		#Y		#Wave		#Intensity
19433.578617	16903.413667	2000.043945	287.622711
19433.578617	16903.413667	1999.080078	64.734482
19433.578617	16903.413667	1998.116211	-72.863113
19433.578617	16903.413667	1997.151367	-47.105297
19433.578617	16903.413667	1996.186523	77.497124
19433.578617	16903.413667	1995.222656	1.129640
19433.578617	16903.413667	1994.256836	-68.003319
19433.578617	16903.413667	1993.291992	273.705719
19433.578617	16903.413667	1992.327148	-33.620785
19433.578617	16903.413667	1991.361328	-68.759766
19433.578617	16903.413667	1990.395508	-104.111557
19433.578617	16903.413667	1989.429688	6.321261
19433.578617	16903.413667	1988.463867	89.282127
19433.578617	16903.413667	1987.497070	35.969456
19433.578617	16903.413667	1986.531250	-175.822830
19433.578617	16903.413667	1985.564453	-202.277542
19433.578617	16903.413667	1984.597656	-120.141739
19433.578617	16903.413667	1983.630859	-312.590302
19433.578617	16903.413667	1982.664063	-119.637993
19433.578617	16903.413667	1981.696289	13.771354
19433.578617	16903.413667	1980.728516	515.031860
19433.578617	16903.413667	1979.761719	235.440613
19433.578617	16903.413667	1978.792969	-113.344353
19433.578617	16903.413667	1977.825195	174.820770
19433.578617	16903.413667	1976.857422	205.995392
19433.578617	16903.413667	1975.888672	145.687439
19433.578617	16903.413667	1974.919922	112.393219
19433.578617	16903.413667	1973.951172	-78.933899
19433.578617	16903.413667	1972.982422	158.870300
19433.578617	16903.413667	1972.013672	334.786377
19433.578617	16903.413667	1971.043945	-9.768626
19433.578617	16903.413667	1970.075195	190.496109
19433.578617	16903.413667	1969.105469	87.387001
19433.578617	16903.413667	1968.135742	316.885345
19433.578617	16903.413667	1967.165039	-195.463715
19433.578617	16903.413667	1966.195313	339.229126
19433.578617	16903.413667	1965.224609	-116.520035
19433.578617	16903.413667	1964.253906	161.633636
19433.578617	16903.413667	1963.283203	53.025593
19433.578617	16903.413667	1962.312500	-70.418892
19433.578617	16903.413667	1961.341797	160.490982
19433.578617	16903.413667	1960.370117	211.588272
19433.578617	16903.413667	1959.399414	95.267265
19433.578617	16903.413667	1958.427734	10.878091
19433.578617	16903.413667	1957.455078	487.173553
19433.578617	16903.413667	1956.483398	220.610840
19433.578617	16903.413667	1955.511719	635.049866
19433.578617	16903.413667	1954.539063	343.814972
19433.578617	16903.413667	1953.566406	377.009277
19433.578617	16903.413667	1952.593750	326.569214
19433.578617	16903.413667	1951.621094	300.645905
19433.578617	16903.413667	1950.647461	117.469460
19433.578617	16903.413667	1949.674805	108.646225
19433.578617	16903.413667	1948.701172	180.789764
19433.578617	16903.413667	1947.727539	56.456444
19433.578617	16903.413667	1946.753906	238.902649
19433.578617	16903.413667	1945.780273	-15.564527
19433.578617	16903.413667	1944.805664	488.116364
19433.578617	16903.413667	1943.831055	-14.158466
19433.578617	16903.413667	1942.856445	339.625000
19433.578617	16903.413667	1941.881836	188.109604
19433.578617	16903.413667	1940.907227	-0.171273
19433.578617	16903.413667	1939.932617	198.850891
19433.578617	16903.413667	1938.957031	-212.458374
19433.578617	16903.413667	1937.981445	-62.550465
19433.578617	16903.413667	1937.005859	-84.224197
19433.578617	16903.413667	1936.030273	26.334827
19433.578617	16903.413667	1935.054688	-37.047302
19433.578617	16903.413667	1934.078125	-132.267197
19433.578617	16903.413667	1933.101563	144.602615
19433.578617	16903.413667	1932.125000	183.938858
19433.578617	16903.413667	1931.148438	313.766632
19433.578617	16903.413667	1930.171875	135.255539
19433.578617	16903.413667	1929.194336	304.133636
19433.578617	16903.413667	1928.217773	-11.316127
19433.578617	16903.413667	1927.240234	-21.018261
19433.578617	16903.413667	1926.262695	-116.301277
19433.578617	16903.413667	1925.284180	-189.566315
19433.578617	16903.413667	1924.306641	-187.065536
19433.578617	16903.413667	1923.328125	27.994932
19433.578617	16903.413667	1922.350586	47.521130
19433.578617	16903.413667	1921.372070	-150.349472
19433.578617	16903.413667	1920.392578	237.927246
19433.578617	16903.413667	1919.414063	115.759247
19433.578617	16903.413667	1918.434570	108.358009
19433.578617	16903.413667	1917.456055	-1.556046
19433.578617	16903.413667	1916.476563	47.177670
19433.578617	16903.413667	1915.497070	-52.941498
19433.578617	16903.413667	1914.516602	46.995293
19433.578617	16903.413667	1913.537109	254.198593
19433.578617	16903.413667	1912.556641	-4.411446
19433.578617	16903.413667	1911.576172	-6.943015
19433.578617	16903.413667	1910.595703	12.456258
19433.578617	16903.413667	1909.615234	70.841843
19433.578617	16903.413667	1908.633789	-2.369855
19433.578617	16903.413667	1907.653320	-292.368835
19433.578617	16903.413667	1906.671875	321.364410
19433.578617	16903.413667	1905.690430	284.678497
19433.578617	16903.413667	1904.708984	-246.248184
19433.578617	16903.413667	1903.727539	-5.305719
19433.578617	16903.413667	1902.745117	-2.964603
19433.578617	16903.413667	1901.762695	-22.520863
19433.578617	16903.413667	1900.780273	369.096283
19433.578617	16903.413667	1899.797852	-51.872471
19433.578617	16903.413667	1898.815430	261.788116
19433.578617	16903.413667	1897.832031	259.236328
19433.578617	16903.413667	1896.849609	52.471169
19433.578617	16903.413667	1895.866211	-154.202942
19433.578617	16903.413667	1894.882813	273.480194
19433.578617	16903.413667	1893.898438	23.120205
19433.578617	16903.413667	1892.915039	-27.944233
19433.578617	16903.413667	1891.930664	-159.129486
19433.578617	16903.413667	1890.947266	156.555405
19433.578617	16903.413667	1889.962891	93.375694
19433.578617	16903.413667	1888.977539	-62.012241
19433.578617	16903.413667	1887.993164	-83.851906
19433.578617	16903.413667	1887.007813	66.610161
19433.578617	16903.413667	1886.023438	22.931152
19433.578617	16903.413667	1885.038086	270.354767
19433.578617	16903.413667	1884.051758	27.810669
19433.578617	16903.413667	1883.066406	144.219254
19433.578617	16903.413667	1882.081055	-115.171730
19433.578617	16903.413667	1881.094727	83.647217
19433.578617	16903.413667	1880.108398	103.070740
19433.578617	16903.413667	1879.122070	66.764755
19433.578617	16903.413667	1878.135742	-306.245483
19433.578617	16903.413667	1877.148438	-354.554108
19433.578617	16903.413667	1876.162109	-151.002670
19433.578617	16903.413667	1875.174805	-475.316376
19433.578617	16903.413667	1874.187500	195.383682
19433.578617	16903.413667	1873.199219	-87.717392
19433.578617	16903.413667	1872.211914	214.866806
19433.578617	16903.413667	1871.223633	115.745071
19433.578617	16903.413667	1870.236328	159.370514
19433.578617	16903.413667	1869.248047	-394.349243
19433.578617	16903.413667	1868.258789	99.106918
19433.578617	16903.413667	1867.270508	191.076843
19433.578617	16903.413667	1866.282227	159.749466
19433.578617	16903.413667	1865.292969	435.339142
19433.578617	16903.413667	1864.303711	532.040894
19433.578617	16903.413667	1863.314453	-35.600792
19433.578617	16903.413667	1862.324219	15.269032
19433.578617	16903.413667	1861.334961	131.314194
19433.578617	16903.413667	1860.344727	-445.583160
19433.578617	16903.413667	1859.354492	199.141037
19433.578617	16903.413667	1858.364258	189.595657
19433.578617	16903.413667	1857.374023	310.350525
19433.578617	16903.413667	1856.383789	115.024284
19433.578617	16903.413667	1855.392578	76.553749
19433.578617	16903.413667	1854.401367	325.075226
19433.578617	16903.413667	1853.410156	71.982681
19433.578617	16903.413667	1852.418945	-5.038896
19433.578617	16903.413667	1851.426758	74.632828
19433.578617	16903.413667	1850.435547	74.745560
19433.578617	16903.413667	1849.443359	-207.035538
19433.578617	16903.413667	1848.451172	142.406219
19433.578617	16903.413667	1847.458984	262.912018
19433.578617	16903.413667	1846.466797	140.158981
19433.578617	16903.413667	1845.473633	402.648224
19433.578617	16903.413667	1844.480469	284.719116
19433.578617	16903.413667	1843.487305	217.361221
19433.578617	16903.413667	1842.494141	22.493801
19433.578617	16903.413667	1841.500977	106.748985
19433.578617	16903.413667	1840.506836	32.217674
19433.578617	16903.413667	1839.513672	412.204285
19433.578617	16903.413667	1838.519531	89.975273
19433.578617	16903.413667	1837.525391	-42.241344
19433.578617	16903.413667	1836.530273	-54.247322
19433.578617	16903.413667	1835.536133	147.597763
19433.578617	16903.413667	1834.541016	104.298508
19433.578617	16903.413667	1833.545898	89.823204
19433.578617	16903.413667	1832.550781	27.303928
19433.578617	16903.413667	1831.555664	298.552460
19433.578617	16903.413667	1830.560547	-124.127289
19433.578617	16903.413667	1829.564453	478.247955
19433.578617	16903.413667	1828.568359	-148.326096
19433.578617	16903.413667	1827.572266	45.895859
19433.578617	16903.413667	1826.576172	86.493164
19433.578617	16903.413667	1825.580078	-7.261496
19433.578617	16903.413667	1824.583008	-187.328354
19433.578617	16903.413667	1823.585938	-29.295637
19433.578617	16903.413667	1822.588867	147.828094
19433.578617	16903.413667	1821.591797	61.227623
19433.578617	16903.413667	1820.594727	63.294750
19433.578617	16903.413667	1819.596680	290.535919
19433.578617	16903.413667	1818.599609	182.318726
19433.578617	16903.413667	1817.601563	-67.179138
19433.578617	16903.413667	1816.603516	440.016754
19433.578617	16903.413667	1815.604492	-103.946617
19433.578617	16903.413667	1814.606445	-102.023720
19433.578617	16903.413667	1813.607422	-308.324219
19433.578617	16903.413667	1812.608398	-110.232887
19433.578617	16903.413667	1811.609375	190.610794
19433.578617	16903.413667	1810.610352	-396.004883
19433.578617	16903.413667	1809.610352	-126.374519
19433.578617	16903.413667	1808.611328	42.704048
19433.578617	16903.413667	1807.611328	-108.617500
19433.578617	16903.413667	1806.611328	182.205917
19433.578617	16903.413667	1805.610352	193.322876
19433.578617	16903.413667	1804.610352	245.004242
19433.578617	16903.413667	1803.609375	-126.135719
19433.578617	16903.413667	1802.608398	107.002922
19433.578617	16903.413667	1801.607422	43.948719
19433.578617	16903.413667	1800.606445	243.462646
19433.578617	16903.413667	1799.605469	490.590851
19433.578617	16903.413667	1798.603516	477.485535
19433.578617	16903.413667	1797.601563	132.711731
19433.578617	16903.413667	1796.599609	-152.340714
19433.578617	16903.413667	1795.597656	13.413442
19433.578617	16903.413667	1794.595703	422.270355
19433.578617	16903.413667	1793.592773	46.594963
19433.578617	16903.413667	1792.589844	38.079422
19433.578617	16903.413667	1791.587891	403.660248
19433.578617	16903.413667	1790.583984	311.589569
19433.578617	16903.413667	1789.581055	55.131466
19433.578617	16903.413667	1788.577148	213.145065
19433.578617	16903.413667	1787.574219	59.094200
19433.578617	16903.413667	1786.570313	105.040955
19433.578617	16903.413667	1785.566406	-79.978386
19433.578617	16903.413667	1784.561523	8.711278
19433.578617	16903.413667	1783.557617	-95.425819
19433.578617	16903.413667	1782.552734	-142.482254
19433.578617	16903.413667	1781.547852	-115.839485
19433.578617	16903.413667	1780.542969	79.583916
19433.578617	16903.413667	1779.538086	155.992401
19433.578617	16903.413667	1778.532227	208.543213
19433.578617	16903.413667	1777.527344	-7.562415
19433.578617	16903.413667	1776.521484	429.846039
19433.578617	16903.413667	1775.515625	159.016373
19433.578617	16903.413667	1774.508789	90.142769
19433.578617	16903.413667	1773.502930	9.358583
19433.578617	16903.413667	1772.496094	6.904213
19433.578617	16903.413667	1771.489258	21.004313
19433.578617	16903.413667	1770.482422	300.884918
19433.578617	16903.413667	1769.475586	15.779851
19433.578617	16903.413667	1768.467773	79.509933
19433.578617	16903.413667	1767.460938	242.785477
19433.578617	16903.413667	1766.453125	500.805206
19433.578617	16903.413667	1765.445313	180.051987
19433.578617	16903.413667	1764.437500	212.619095
19433.578617	16903.413667	1763.428711	219.032150
19433.578617	16903.413667	1762.420898	35.773621
19433.578617	16903.413667	1761.412109	-135.634125
19433.578617	16903.413667	1760.403320	-25.119963
19433.578617	16903.413667	1759.393555	116.075890
19433.578617	16903.413667	1758.384766	107.952095
19433.578617	16903.413667	1757.375000	92.657471
19433.578617	16903.413667	1756.366211	131.747604
19433.578617	16903.413667	1755.356445	506.847656
19433.578617	16903.413667	1754.345703	349.289093
19433.578617	16903.413667	1753.335938	-120.584969
19433.578617	16903.413667	1752.325195	190.264313
19433.578617	16903.413667	1751.315430	94.135445
19433.578617	16903.413667	1750.304688	125.656868
19433.578617	16903.413667	1749.292969	417.152283
19433.578617	16903.413667	1748.282227	122.264381
19433.578617	16903.413667	1747.270508	314.244293
19433.578617	16903.413667	1746.259766	-1.925193
19433.578617	16903.413667	1745.248047	121.350586
19433.578617	16903.413667	1744.235352	461.797729
19433.578617	16903.413667	1743.223633	18.040102
19433.578617	16903.413667	1742.211914	84.352394
19433.578617	16903.413667	1741.199219	-61.887505
19433.578617	16903.413667	1740.186523	-134.983841
19433.578617	16903.413667	1739.173828	-120.819603
19433.578617	16903.413667	1738.160156	-123.253403
19433.578617	16903.413667	1737.147461	-255.492447
19433.578617	16903.413667	1736.133789	-151.927658
19433.578617	16903.413667	1735.120117	156.652786
19433.578617	16903.413667	1734.106445	-55.946545
19433.578617	16903.413667	1733.091797	-112.984962
19433.578617	16903.413667	1732.078125	-47.539974
19433.578617	16903.413667	1731.063477	-109.423065
19433.578617	16903.413667	1730.048828	-275.007965
19433.578617	16903.413667	1729.034180	126.982658
19433.578617	16903.413667	1728.019531	-328.367310
19433.578617	16903.413667	1727.003906	-13.784287
19433.578617	16903.413667	1725.988281	-33.637741
19433.578617	16903.413667	1724.972656	57.044975
19433.578617	16903.413667	1723.957031	-402.962708
19433.578617	16903.413667	1722.941406	181.614655
19433.578617	16903.413667	1721.924805	187.296371
19433.578617	16903.413667	1720.909180	-296.221832
19433.578617	16903.413667	1719.892578	-107.221642
19433.578617	16903.413667	1718.875977	-139.333633
19433.578617	16903.413667	1717.858398	-298.423462
19433.578617	16903.413667	1716.841797	-13.425661
19433.578617	16903.413667	1715.824219	81.088516
19433.578617	16903.413667	1714.806641	210.721237
19433.578617	16903.413667	1713.789063	302.652344
19433.578617	16903.413667	1712.770508	199.588165
19433.578617	16903.413667	1711.752930	190.389847
19433.578617	16903.413667	1710.734375	192.848785
19433.578617	16903.413667	1709.715820	82.591003
19433.578617	16903.413667	1708.697266	272.606964
19433.578617	16903.413667	1707.678711	70.740608
19433.578617	16903.413667	1706.659180	323.850281
19433.578617	16903.413667	1705.640625	248.516830
19433.578617	16903.413667	1704.621094	252.841400
19433.578617	16903.413667	1703.600586	519.601379
19433.578617	16903.413667	1702.581055	8.159377
19433.578617	16903.413667	1701.561523	-18.161549
19433.578617	16903.413667	1700.541016	259.980988
19433.578617	16903.413667	1699.520508	-33.530304
19433.578617	16903.413667	1698.500000	546.431885
19433.578617	16903.413667	1697.478516	379.246887
19433.578617	16903.413667	1696.458008	-143.737503
19433.578617	16903.413667	1695.436523	157.188156
19433.578617	16903.413667	1694.415039	280.094482
19433.578617	16903.413667	1693.393555	241.460403
19433.578617	16903.413667	1692.372070	371.173065
19433.578617	16903.413667	1691.349609	320.695404
19433.578617	16903.413667	1690.327148	235.094528
19433.578617	16903.413667	1689.304688	336.458740
19433.578617	16903.413667	1688.282227	486.798309
19433.578617	16903.413667	1687.259766	200.041397
19433.578617	16903.413667	1686.236328	366.553101
19433.578617	16903.413667	1685.213867	815.567627
19433.578617	16903.413667	1684.190430	246.121140
19433.578617	16903.413667	1683.166016	227.856628
19433.578617	16903.413667	1682.142578	314.586792
19433.578617	16903.413667	1681.119141	615.942261
19433.578617	16903.413667	1680.094727	921.776062
19433.578617	16903.413667	1679.070313	651.148254
19433.578617	16903.413667	1678.045898	917.067322
19433.578617	16903.413667	1677.020508	844.642029
19433.578617	16903.413667	1675.996094	1056.660400
19433.578617	16903.413667	1674.970703	541.159729
19433.578617	16903.413667	1673.945313	986.106689
19433.578617	16903.413667	1672.919922	878.509766
19433.578617	16903.413667	1671.893555	880.391479
19433.578617	16903.413667	1670.868164	588.696960
19433.578617	16903.413667	1669.841797	776.837830
19433.578617	16903.413667	1668.815430	520.078003
19433.578617	16903.413667	1667.789063	857.039368
19433.578617	16903.413667	1666.761719	770.158203
19433.578617	16903.413667	1665.735352	897.368591
19433.578617	16903.413667	1664.708008	870.894165
19433.578617	16903.413667	1663.680664	942.077271
19433.578617	16903.413667	1662.653320	608.465576
19433.578617	16903.413667	1661.625000	758.620300
19433.578617	16903.413667	1660.597656	931.917358
19433.578617	16903.413667	1659.569336	1151.576050
19433.578617	16903.413667	1658.541016	771.474304
19433.578617	16903.413667	1657.512695	763.253540
19433.578617	16903.413667	1656.483398	731.744263
19433.578617	16903.413667	1655.455078	695.553406
19433.578617	16903.413667	1654.425781	1130.755371
19433.578617	16903.413667	1653.396484	825.056396
19433.578617	16903.413667	1652.366211	983.708862
19433.578617	16903.413667	1651.336914	1126.007568
19433.578617	16903.413667	1650.306641	1175.378052
19433.578617	16903.413667	1649.276367	950.909607
19433.578617	16903.413667	1648.246094	1030.357056
19433.578617	16903.413667	1647.215820	1149.155029
19433.578617	16903.413667	1646.185547	1184.386353
19433.578617	16903.413667	1645.154297	969.178223
19433.578617	16903.413667	1644.123047	1593.069336
19433.578617	16903.413667	1643.091797	1227.154419
19433.578617	16903.413667	1642.060547	1401.184448
19433.578617	16903.413667	1641.028320	1524.137939
19433.578617	16903.413667	1639.997070	1077.267700
19433.578617	16903.413667	1638.964844	1491.924438
19433.578617	16903.413667	1637.931641	1186.366943
19433.578617	16903.413667	1636.899414	1082.277710
19433.578617	16903.413667	1635.867188	1417.901001
19433.578617	16903.413667	1634.833984	1318.359741
19433.578617	16903.413667	1633.800781	1357.626831
19433.578617	16903.413667	1632.767578	1593.441528
19433.578617	16903.413667	1631.734375	1658.011841
19433.578617	16903.413667	1630.700195	1431.206909
19433.578617	16903.413667	1629.666016	1652.905640
19433.578617	16903.413667	1628.631836	1793.601563
19433.578617	16903.413667	1627.597656	1643.069092
19433.578617	16903.413667	1626.563477	1670.461548
19433.578617	16903.413667	1625.528320	1651.612915
19433.578617	16903.413667	1624.493164	1459.550781
19433.578617	16903.413667	1623.458008	1798.577026
19433.578617	16903.413667	1622.422852	1848.899780
19433.578617	16903.413667	1621.387695	1749.164795
19433.578617	16903.413667	1620.351563	1670.213501
19433.578617	16903.413667	1619.315430	1702.007446
19433.578617	16903.413667	1618.279297	1666.883667
19433.578617	16903.413667	1617.243164	1827.784668
19433.578617	16903.413667	1616.207031	1799.535889
19433.578617	16903.413667	1615.169922	1630.658447
19433.578617	16903.413667	1614.132813	1680.789795
19433.578617	16903.413667	1613.095703	1906.024658
19433.578617	16903.413667	1612.058594	2052.825195
19433.578617	16903.413667	1611.020508	1750.376953
19433.578617	16903.413667	1609.983398	1418.109375
19433.578617	16903.413667	1608.945313	2020.798218
19433.578617	16903.413667	1607.907227	1789.881836
19433.578617	16903.413667	1606.868164	1618.885254
19433.578617	16903.413667	1605.830078	1965.734253
19433.578617	16903.413667	1604.791016	2132.978271
19433.578617	16903.413667	1603.751953	2067.824707
19433.578617	16903.413667	1602.712891	2009.599121
19433.578617	16903.413667	1601.673828	2250.322266
19433.578617	16903.413667	1600.633789	2155.292725
19433.578617	16903.413667	1599.594727	1828.162964
19433.578617	16903.413667	1598.554688	2036.611206
19433.578617	16903.413667	1597.513672	1907.228516
19433.578617	16903.413667	1596.473633	1938.710083
19433.578617	16903.413667	1595.433594	2183.788330
19433.578617	16903.413667	1594.392578	2350.699463
19433.578617	16903.413667	1593.351563	2005.581055
19433.578617	16903.413667	1592.310547	1704.226929
19433.578617	16903.413667	1591.268555	2119.018066
19433.578617	16903.413667	1590.227539	1911.860596
19433.578617	16903.413667	1589.185547	1964.022949
19433.578617	16903.413667	1588.143555	2559.767090
19433.578617	16903.413667	1587.100586	1845.900024
19433.578617	16903.413667	1586.058594	2079.221924
19433.578617	16903.413667	1585.015625	1977.802368
19433.578617	16903.413667	1583.972656	1842.067383
19433.578617	16903.413667	1582.929688	2276.955811
19433.578617	16903.413667	1581.886719	1935.086060
19433.578617	16903.413667	1580.843750	1991.912476
19433.578617	16903.413667	1579.799805	1647.988037
19433.578617	16903.413667	1578.755859	1391.227295
19433.578617	16903.413667	1577.711914	1894.588379
19433.578617	16903.413667	1576.666992	1793.565918
19433.578617	16903.413667	1575.623047	1866.530029
19433.578617	16903.413667	1574.578125	1896.023315
19433.578617	16903.413667	1573.533203	1962.139648
19433.578617	16903.413667	1572.488281	1744.696655
19433.578617	16903.413667	1571.443359	1893.199585
19433.578617	16903.413667	1570.397461	1607.346313
19433.578617	16903.413667	1569.351563	1703.328125
19433.578617	16903.413667	1568.305664	1518.247925
19433.578617	16903.413667	1567.259766	1893.020996
19433.578617	16903.413667	1566.213867	2016.429932
19433.578617	16903.413667	1565.166992	1673.949951
19433.578617	16903.413667	1564.120117	1724.374146
19433.578617	16903.413667	1563.073242	1587.633057
19433.578617	16903.413667	1562.026367	1535.447021
19433.578617	16903.413667	1560.978516	1702.393066
19433.578617	16903.413667	1559.930664	1741.560547
19433.578617	16903.413667	1558.883789	1739.714600
19433.578617	16903.413667	1557.834961	1564.584717
19433.578617	16903.413667	1556.787109	1435.193848
19433.578617	16903.413667	1555.739258	1383.416016
19433.578617	16903.413667	1554.690430	1288.407104
19433.578617	16903.413667	1553.641602	1599.123169
19433.578617	16903.413667	1552.592773	1160.198486
19433.578617	16903.413667	1551.542969	1591.663696
19433.578617	16903.413667	1550.494141	1159.870972
19433.578617	16903.413667	1549.444336	1484.279419
19433.578617	16903.413667	1548.394531	1082.399536
19433.578617	16903.413667	1547.344727	1320.334106
19433.578617	16903.413667	1546.293945	1089.450195
19433.578617	16903.413667	1545.244141	1095.353271
19433.578617	16903.413667	1544.193359	1183.213989
19433.578617	16903.413667	1543.142578	1441.690796
19433.578617	16903.413667	1542.090820	1347.678589
19433.578617	16903.413667	1541.040039	1497.039795
19433.578617	16903.413667	1539.988281	1357.746582
19433.578617	16903.413667	1538.936523	1220.859497
19433.578617	16903.413667	1537.884766	1206.797729
19433.578617	16903.413667	1536.833008	1576.726440
19433.578617	16903.413667	1535.780273	1433.294678
19433.578617	16903.413667	1534.727539	1296.816895
19433.578617	16903.413667	1533.674805	1512.372192
19433.578617	16903.413667	1532.622070	1555.418823
19433.578617	16903.413667	1531.569336	1428.328857
19433.578617	16903.413667	1530.515625	1453.388672
19433.578617	16903.413667	1529.461914	1877.786987
19433.578617	16903.413667	1528.408203	2070.763184
19433.578617	16903.413667	1527.354492	2109.556885
19433.578617	16903.413667	1526.299805	2368.336914
19433.578617	16903.413667	1525.246094	2652.045898
19433.578617	16903.413667	1524.191406	2795.224121
19433.578617	16903.413667	1523.136719	2510.200684
19433.578617	16903.413667	1522.081055	3022.793701
19433.578617	16903.413667	1521.026367	3200.073242
19433.578617	16903.413667	1519.970703	3012.799805
19433.578617	16903.413667	1518.915039	3169.832764
19433.578617	16903.413667	1517.859375	2991.896240
19433.578617	16903.413667	1516.802734	2739.441162
19433.578617	16903.413667	1515.747070	2245.087891
19433.578617	16903.413667	1514.690430	1990.827759
19433.578617	16903.413667	1513.633789	1644.039673
19433.578617	16903.413667	1512.577148	1462.576050
19433.578617	16903.413667	1511.519531	1828.416260
19433.578617	16903.413667	1510.461914	1260.665283
19433.578617	16903.413667	1509.405273	1357.685425
19433.578617	16903.413667	1508.346680	921.518311
19433.578617	16903.413667	1507.289063	779.323486
19433.578617	16903.413667	1506.231445	897.041199
19433.578617	16903.413667	1505.172852	827.393433
19433.578617	16903.413667	1504.114258	717.246155
19433.578617	16903.413667	1503.055664	625.315186
19433.578617	16903.413667	1501.996094	689.264160
19433.578617	16903.413667	1500.937500	1245.198242
19433.578617	16903.413667	1499.877930	1088.147095
19433.578617	16903.413667	1498.818359	735.050293
19433.578617	16903.413667	1497.757813	925.681335
19433.578617	16903.413667	1496.698242	793.949219
19433.578617	16903.413667	1495.637695	788.622620
19433.578617	16903.413667	1494.577148	1299.523560
19433.578617	16903.413667	1493.516602	906.785645
19433.578617	16903.413667	1492.456055	922.085571
19433.578617	16903.413667	1491.394531	1478.080078
19433.578617	16903.413667	1490.333008	1360.649414
19433.578617	16903.413667	1489.271484	1247.899658
19433.578617	16903.413667	1488.209961	1684.569946
19433.578617	16903.413667	1487.148438	1610.317261
19433.578617	16903.413667	1486.085938	1682.482666
19433.578617	16903.413667	1485.023438	1498.285400
19433.578617	16903.413667	1483.960938	1498.730103
19433.578617	16903.413667	1482.898438	1407.106567
19433.578617	16903.413667	1481.834961	1126.791382
19433.578617	16903.413667	1480.772461	1240.088257
19433.578617	16903.413667	1479.708984	863.558411
19433.578617	16903.413667	1478.644531	1040.046631
19433.578617	16903.413667	1477.581055	1261.492432
19433.578617	16903.413667	1476.517578	1000.214111
19433.578617	16903.413667	1475.453125	862.624146
19433.578617	16903.413667	1474.388672	770.159180
19433.578617	16903.413667	1473.323242	702.458496
19433.578617	16903.413667	1472.258789	832.503296
19433.578617	16903.413667	1471.193359	722.591187
19433.578617	16903.413667	1470.127930	283.361420
19433.578617	16903.413667	1469.062500	586.412170
19433.578617	16903.413667	1467.997070	598.185364
19433.578617	16903.413667	1466.930664	419.473419
19433.578617	16903.413667	1465.865234	71.056595
19433.578617	16903.413667	1464.798828	483.886353
19433.578617	16903.413667	1463.731445	330.822968
19433.578617	16903.413667	1462.665039	417.266998
19433.578617	16903.413667	1461.597656	308.987061
19433.578617	16903.413667	1460.530273	469.363312
19433.578617	16903.413667	1459.462891	397.419617
19433.578617	16903.413667	1458.395508	835.023560
19433.578617	16903.413667	1457.327148	637.937378
19433.578617	16903.413667	1456.259766	338.040436
19433.578617	16903.413667	1455.191406	538.223938
19433.578617	16903.413667	1454.123047	240.910065
19433.578617	16903.413667	1453.053711	609.291260
19433.578617	16903.413667	1451.985352	770.351135
19433.578617	16903.413667	1450.916016	741.735962
19433.578617	16903.413667	1449.846680	641.972778
19433.578617	16903.413667	1448.776367	603.312988
19433.578617	16903.413667	1447.707031	522.743103
19433.578617	16903.413667	1446.636719	268.367432
19433.578617	16903.413667	1445.566406	443.095154
19433.578617	16903.413667	1444.496094	312.879700
19433.578617	16903.413667	1443.425781	160.682281
19433.578617	16903.413667	1442.354492	586.891846
19433.578617	16903.413667	1441.283203	328.612305
19433.578617	16903.413667	1440.211914	381.332214
19433.578617	16903.413667	1439.140625	380.665009
19433.578617	16903.413667	1438.069336	512.013245
19433.578617	16903.413667	1436.997070	345.762573
19433.578617	16903.413667	1435.924805	413.652924
19433.578617	16903.413667	1434.852539	343.274292
19433.578617	16903.413667	1433.780273	-88.369301
19433.578617	16903.413667	1432.707031	197.092728
19433.578617	16903.413667	1431.633789	-211.112045
19433.578617	16903.413667	1430.560547	-21.241364
19433.578617	16903.413667	1429.487305	276.892334
19433.578617	16903.413667	1428.413086	49.687538
19433.578617	16903.413667	1427.339844	-226.023483
19433.578617	16903.413667	1426.265625	-322.014069
19433.578617	16903.413667	1425.191406	-121.038086
19433.578617	16903.413667	1424.116211	-104.309822
19433.578617	16903.413667	1423.041992	75.294777
19433.578617	16903.413667	1421.966797	-282.246521
19433.578617	16903.413667	1420.891602	-173.129639
19433.578617	16903.413667	1419.816406	-50.616329
19433.578617	16903.413667	1418.740234	-68.724937
19433.578617	16903.413667	1417.665039	4.463967
19433.578617	16903.413667	1416.588867	134.847473
19433.578617	16903.413667	1415.512695	-113.755486
19433.578617	16903.413667	1414.435547	217.074768
19433.578617	16903.413667	1413.359375	69.850235
19433.578617	16903.413667	1412.282227	-56.468433
19433.578617	16903.413667	1411.205078	3.355062
19433.578617	16903.413667	1410.127930	-111.347427
19433.578617	16903.413667	1409.049805	180.774109
19433.578617	16903.413667	1407.972656	187.050461
19433.578617	16903.413667	1406.894531	-9.341496
19433.578617	16903.413667	1405.816406	-52.365467
19433.578617	16903.413667	1404.737305	53.895470
19433.578617	16903.413667	1403.659180	133.091232
19433.578617	16903.413667	1402.580078	362.954468
19433.578617	16903.413667	1401.500977	764.282532
19433.578617	16903.413667	1400.421875	134.118149
19433.578617	16903.413667	1399.341797	-35.117249
19433.578617	16903.413667	1398.262695	125.533371
19433.578617	16903.413667	1397.182617	-69.867874
19433.578617	16903.413667	1396.102539	65.135780
19433.578617	16903.413667	1395.021484	542.571777
19433.578617	16903.413667	1393.941406	172.747543
19433.578617	16903.413667	1392.860352	269.827820
19433.578617	16903.413667	1391.779297	-38.285934
19433.578617	16903.413667	1390.698242	216.753510
19433.578617	16903.413667	1389.616211	-39.092167
19433.578617	16903.413667	1388.535156	9.440013
19433.578617	16903.413667	1387.453125	-102.444817
19433.578617	16903.413667	1386.371094	305.392334
19433.578617	16903.413667	1385.288086	128.003448
19433.578617	16903.413667	1384.206055	101.826180
19433.578617	16903.413667	1383.123047	328.437775
19433.578617	16903.413667	1382.040039	146.214905
19433.578617	16903.413667	1380.957031	64.395309
19433.578617	16903.413667	1379.873047	389.531616
19433.578617	16903.413667	1378.789063	353.332031
19433.578617	16903.413667	1377.705078	572.561707
19433.578617	16903.413667	1376.621094	129.372269
19433.578617	16903.413667	1375.537109	333.716339
19433.578617	16903.413667	1374.452148	513.358032
19433.578617	16903.413667	1373.367188	635.258728
19433.578617	16903.413667	1372.282227	575.785095
19433.578617	16903.413667	1371.197266	453.198120
19433.578617	16903.413667	1370.112305	394.458099
19433.578617	16903.413667	1369.026367	433.415680
19433.578617	16903.413667	1367.940430	615.418335
19433.578617	16903.413667	1366.854492	714.367676
19433.578617	16903.413667	1365.767578	376.528809
19433.578617	16903.413667	1364.681641	441.740662
19433.578617	16903.413667	1363.594727	545.768555
19433.578617	16903.413667	1362.507813	618.955322
19433.578617	16903.413667	1361.419922	912.390686
19433.578617	16903.413667	1360.333008	631.010254
19433.578617	16903.413667	1359.245117	1098.455322
19433.578617	16903.413667	1358.157227	849.700867
19433.578617	16903.413667	1357.069336	557.625061
19433.578617	16903.413667	1355.981445	808.820923
19433.578617	16903.413667	1354.892578	640.249878
19433.578617	16903.413667	1353.803711	564.202881
19433.578617	16903.413667	1352.714844	675.878296
19433.578617	16903.413667	1351.625000	444.697052
19433.578617	16903.413667	1350.536133	689.730957
19433.578617	16903.413667	1349.446289	441.615570
19433.578617	16903.413667	1348.356445	694.969360
19433.578617	16903.413667	1347.266602	777.609802
19433.578617	16903.413667	1346.175781	1050.302002
19433.578617	16903.413667	1345.085938	594.794312
19433.578617	16903.413667	1343.995117	454.643433
19433.578617	16903.413667	1342.903320	641.424805
19433.578617	16903.413667	1341.812500	538.839355
19433.578617	16903.413667	1340.720703	777.239197
19433.578617	16903.413667	1339.629883	657.947815
19433.578617	16903.413667	1338.538086	714.659485
19433.578617	16903.413667	1337.445313	715.123596
19433.578617	16903.413667	1336.353516	526.729309
19433.578617	16903.413667	1335.260742	823.546631
19433.578617	16903.413667	1334.167969	657.504822
19433.578617	16903.413667	1333.075195	729.960327
19433.578617	16903.413667	1331.981445	918.958862
19433.578617	16903.413667	1330.888672	760.101379
19433.578617	16903.413667	1329.794922	713.710693
19433.578617	16903.413667	1328.701172	850.662964
19433.578617	16903.413667	1327.606445	860.031616
19433.578617	16903.413667	1326.512695	737.346313
19433.578617	16903.413667	1325.417969	549.311707
19433.578617	16903.413667	1324.323242	701.344360
19433.578617	16903.413667	1323.227539	835.217285
19433.578617	16903.413667	1322.132813	924.068848
19433.578617	16903.413667	1321.037109	860.702026
19433.578617	16903.413667	1319.941406	722.456726
19433.578617	16903.413667	1318.845703	754.550720
19433.578617	16903.413667	1317.750000	578.859741
19433.578617	16903.413667	1316.653320	773.475647
19433.578617	16903.413667	1315.556641	647.030945
19433.578617	16903.413667	1314.459961	515.592957
19433.578617	16903.413667	1313.363281	980.429993
19433.578617	16903.413667	1312.265625	643.048279
19433.578617	16903.413667	1311.167969	489.453033
19433.578617	16903.413667	1310.070313	684.496582
19433.578617	16903.413667	1308.972656	808.808655
19433.578617	16903.413667	1307.874023	411.944519
19433.578617	16903.413667	1306.776367	572.899414
19433.578617	16903.413667	1305.677734	501.498047
19433.578617	16903.413667	1304.579102	603.051880
19433.578617	16903.413667	1303.479492	526.460327
19433.578617	16903.413667	1302.380859	322.284210
19433.578617	16903.413667	1301.281250	380.860748
19433.578617	16903.413667	1300.181641	251.932602
19433.578617	16903.413667	1299.081055	289.190430
19433.578617	16903.413667	1297.981445	188.276550
19433.578617	16903.413667	1296.880859	203.149796
19433.578617	16903.413667	1295.780273	145.763458
19433.578617	16903.413667	1294.679688	409.844788
19433.578617	16903.413667	1293.578125	-9.704301
19433.578617	16903.413667	1292.476563	105.694283
19433.578617	16903.413667	1291.375000	46.422058
19433.578617	16903.413667	1290.273438	129.667191
19433.578617	16903.413667	1289.171875	261.686218
19433.578617	16903.413667	1288.069336	-90.550316
19433.578617	16903.413667	1286.966797	-14.505673
19433.578617	16903.413667	1285.864258	-161.776855
19433.578617	16903.413667	1284.761719	-36.804638
19433.578617	16903.413667	1283.658203	-88.960014
19433.578617	16903.413667	1282.554688	20.930204
19433.578617	16903.413667	1281.451172	-12.158748
19433.578617	16903.413667	1280.347656	168.008148
19433.578617	16903.413667	1279.244141	279.747925
19433.578617	16903.413667	1278.139648	243.224976
19433.578617	16903.413667	1277.035156	93.748947
19433.578617	16903.413667	1275.930664	304.912231
19433.578617	16903.413667	1274.825195	-33.198750
19433.578617	16903.413667	1273.720703	191.297821
19433.578617	16903.413667	1272.615234	82.636703
19433.578617	16903.413667	1271.508789	165.949509
19433.578617	16903.413667	1270.403320	4.139247
19433.578617	16903.413667	1269.297852	157.901810
19433.578617	16903.413667	1268.191406	241.085556
19433.578617	16903.413667	1267.084961	42.099300
19433.578617	16903.413667	1265.977539	-36.356953
19433.578617	16903.413667	1264.871094	31.498318
19433.578617	16903.413667	1263.763672	-16.208860
19433.578617	16903.413667	1262.656250	-5.794474
19433.578617	16903.413667	1261.548828	58.997944
19433.578617	16903.413667	1260.440430	33.056091
19433.578617	16903.413667	1259.333008	-52.917000
19433.578617	16903.413667	1258.224609	-112.941437
19433.578617	16903.413667	1257.115234	-323.563416
19433.578617	16903.413667	1256.006836	-105.654251
19433.578617	16903.413667	1254.897461	-31.831589
19433.578617	16903.413667	1253.788086	48.230923
19433.578617	16903.413667	1252.678711	25.487020
19433.578617	16903.413667	1251.569336	20.462708
19433.578617	16903.413667	1250.458984	-254.928696
19433.578617	16903.413667	1249.349609	-232.810776
19433.578617	16903.413667	1248.239258	144.583908
19433.578617	16903.413667	1247.127930	84.945496
19433.578617	16903.413667	1246.017578	-37.158329
19433.578617	16903.413667	1244.906250	-52.684593
19433.578617	16903.413667	1243.794922	-106.865753
19433.578617	16903.413667	1242.683594	-307.859375
19433.578617	16903.413667	1241.571289	-86.671928
19433.578617	16903.413667	1240.459961	-63.048347
19433.578617	16903.413667	1239.347656	170.138458
19433.578617	16903.413667	1238.234375	31.701674
19433.578617	16903.413667	1237.122070	54.675579
19433.578617	16903.413667	1236.008789	198.447113
19433.578617	16903.413667	1234.896484	134.720459
19433.578617	16903.413667	1233.782227	6.820865
19433.578617	16903.413667	1232.668945	159.924408
19433.578617	16903.413667	1231.555664	278.899689
19433.578617	16903.413667	1230.441406	239.339981
19433.578617	16903.413667	1229.327148	336.176788
19433.578617	16903.413667	1228.211914	130.319778
19433.578617	16903.413667	1227.097656	86.674316
19433.578617	16903.413667	1225.982422	-132.958542
19433.578617	16903.413667	1224.867188	76.995346
19433.578617	16903.413667	1223.751953	-155.922333
19433.578617	16903.413667	1222.635742	-39.399570
19433.578617	16903.413667	1221.520508	-47.864918
19433.578617	16903.413667	1220.404297	-79.308357
19433.578617	16903.413667	1219.287109	-48.438190
19433.578617	16903.413667	1218.170898	-148.968048
19433.578617	16903.413667	1217.053711	-228.446564
19433.578617	16903.413667	1215.936523	-63.908882
19433.578617	16903.413667	1214.819336	76.430893
19433.578617	16903.413667	1213.702148	-70.186279
19433.578617	16903.413667	1212.583984	-10.596891
19433.578617	16903.413667	1211.465820	78.810463
19433.578617	16903.413667	1210.347656	130.669357
19433.578617	16903.413667	1209.229492	61.476639
19433.578617	16903.413667	1208.110352	87.866470
19433.578617	16903.413667	1206.992188	73.914650
19433.578617	16903.413667	1205.873047	107.646507
19433.578617	16903.413667	1204.752930	60.828396
19433.578617	16903.413667	1203.633789	140.538223
19433.578617	16903.413667	1202.513672	15.785574
19433.578617	16903.413667	1201.393555	-29.546415
19433.578617	16903.413667	1200.273438	-95.245987
19433.578617	16903.413667	1199.152344	125.912666
19433.578617	16903.413667	1198.032227	-92.285217
19433.578617	16903.413667	1196.911133	-15.992391
19433.578617	16903.413667	1195.790039	1.317029
19433.578617	16903.413667	1194.667969	144.819916
19433.578617	16903.413667	1193.545898	59.843029
19433.578617	16903.413667	1192.424805	178.289413
19433.578617	16903.413667	1191.301758	210.205383
19433.578617	16903.413667	1190.179688	87.278824
19433.578617	16903.413667	1189.056641	223.108551
19433.578617	16903.413667	1187.933594	-235.289063
19433.578617	16903.413667	1186.810547	-17.543913
19433.578617	16903.413667	1185.687500	-26.780090
19433.578617	16903.413667	1184.563477	-191.006516
19433.578617	16903.413667	1183.440430	-141.970108
19433.578617	16903.413667	1182.316406	25.595463
19433.578617	16903.413667	1181.191406	5.644171
19433.578617	16903.413667	1180.067383	165.681320
19433.578617	16903.413667	1178.942383	18.012093
19433.578617	16903.413667	1177.817383	-225.301743
19433.578617	16903.413667	1176.692383	-183.477921
19433.578617	16903.413667	1175.566406	-216.724869
19433.578617	16903.413667	1174.440430	-90.988441
19433.578617	16903.413667	1173.314453	124.037079
19433.578617	16903.413667	1172.188477	-86.526154
19433.578617	16903.413667	1171.062500	140.500656
19433.578617	16903.413667	1169.935547	-54.298141
19433.578617	16903.413667	1168.808594	147.573288
19433.578617	16903.413667	1167.681641	82.479324
19433.578617	16903.413667	1166.553711	198.150665
19433.578617	16903.413667	1165.426758	9.717087
19433.578617	16903.413667	1164.298828	123.142754
19433.578617	16903.413667	1163.170898	-66.199226
19433.578617	16903.413667	1162.041992	-52.322468
19433.578617	16903.413667	1160.914063	-224.776398
19433.578617	16903.413667	1159.785156	-18.726171
19433.578617	16903.413667	1158.656250	-273.315979
19433.578617	16903.413667	1157.526367	-75.672897
19433.578617	16903.413667	1156.397461	-419.578278
19433.578617	16903.413667	1155.267578	65.200760
19433.578617	16903.413667	1154.137695	-103.657455
19433.578617	16903.413667	1153.006836	-196.891510
19433.578617	16903.413667	1151.876953	-197.784180
19433.578617	16903.413667	1150.746094	-85.005379
19433.578617	16903.413667	1149.615234	-207.827637
19433.578617	16903.413667	1148.484375	12.027699
19433.578617	16903.413667	1147.352539	41.583458
19433.578617	16903.413667	1146.220703	15.051719
19433.578617	16903.413667	1145.088867	82.369362
19433.578617	16903.413667	1143.957031	-135.831421
19433.578617	16903.413667	1142.825195	-172.406662
19433.578617	16903.413667	1141.692383	-74.661949
19433.578617	16903.413667	1140.559570	-92.792999
19433.578617	16903.413667	1139.426758	90.178139
19433.578617	16903.413667	1138.292969	45.281693
19433.578617	16903.413667	1137.159180	72.745987
19433.578617	16903.413667	1136.025391	196.705261
19433.578617	16903.413667	1134.891602	271.137543
19433.578617	16903.413667	1133.757813	355.382172
19433.578617	16903.413667	1132.623047	593.021790
19433.578617	16903.413667	1131.488281	376.160187
19433.578617	16903.413667	1130.353516	636.583984
19433.578617	16903.413667	1129.217773	442.133514
19433.578617	16903.413667	1128.083008	525.716614
19433.578617	16903.413667	1126.947266	659.701782
19433.578617	16903.413667	1125.811523	655.228333
19433.578617	16903.413667	1124.674805	565.976196
19433.578617	16903.413667	1123.539063	387.935913
19433.578617	16903.413667	1122.402344	418.717590
19433.578617	16903.413667	1121.265625	513.957031
19433.578617	16903.413667	1120.127930	473.906097
19433.578617	16903.413667	1118.990234	277.819916
19433.578617	16903.413667	1117.853516	513.877747
19433.578617	16903.413667	1116.714844	369.694946
19433.578617	16903.413667	1115.577148	180.362564
19433.578617	16903.413667	1114.439453	291.880524
19433.578617	16903.413667	1113.300781	498.445648
19433.578617	16903.413667	1112.162109	521.573303
19433.578617	16903.413667	1111.022461	233.733749
19433.578617	16903.413667	1109.883789	353.200653
19433.578617	16903.413667	1108.744141	534.816956
19433.578617	16903.413667	1107.604492	379.615875
19433.578617	16903.413667	1106.463867	468.116241
19433.578617	16903.413667	1105.324219	531.662781
19433.578617	16903.413667	1104.183594	294.220795
19433.578617	16903.413667	1103.042969	402.093536
19433.578617	16903.413667	1101.902344	232.179321
19433.578617	16903.413667	1100.760742	222.791489
19433.578617	16903.413667	1099.619141	327.108521
19433.578617	16903.413667	1098.477539	29.853003
19433.578617	16903.413667	1097.335938	160.341278
19433.578617	16903.413667	1096.193359	352.462585
19433.578617	16903.413667	1095.051758	505.104248
19433.578617	16903.413667	1093.909180	321.150208
19433.578617	16903.413667	1092.765625	304.852173
19433.578617	16903.413667	1091.623047	591.127258
19433.578617	16903.413667	1090.479492	473.679260
19433.578617	16903.413667	1089.335938	337.572327
19433.578617	16903.413667	1088.192383	459.503784
19433.578617	16903.413667	1087.047852	472.489227
19433.578617	16903.413667	1085.903320	501.456360
19433.578617	16903.413667	1084.758789	513.166992
19433.578617	16903.413667	1083.614258	316.761780
19433.578617	16903.413667	1082.469727	357.662781
19433.578617	16903.413667	1081.324219	328.313019
19433.578617	16903.413667	1080.178711	294.544891
19433.578617	16903.413667	1079.033203	453.110565
19433.578617	16903.413667	1077.886719	608.232117
19433.578617	16903.413667	1076.740234	522.873230
19433.578617	16903.413667	1075.593750	541.848389
19433.578617	16903.413667	1074.447266	606.198853
19433.578617	16903.413667	1073.300781	668.772583
19433.578617	16903.413667	1072.153320	495.220978
19433.578617	16903.413667	1071.005859	599.857727
19433.578617	16903.413667	1069.858398	667.427185
19433.578617	16903.413667	1068.709961	557.920532
19433.578617	16903.413667	1067.561523	621.686829
19433.578617	16903.413667	1066.413086	518.066162
19433.578617	16903.413667	1065.264648	416.332306
19433.578617	16903.413667	1064.116211	511.264832
19433.578617	16903.413667	1062.966797	530.993286
19433.578617	16903.413667	1061.817383	460.949158
19433.578617	16903.413667	1060.667969	502.998047
19433.578617	16903.413667	1059.517578	151.331802
19433.578617	16903.413667	1058.368164	295.077454
19433.578617	16903.413667	1057.217773	524.106628
19433.578617	16903.413667	1056.067383	392.650024
19433.578617	16903.413667	1054.916016	481.596558
19433.578617	16903.413667	1053.764648	590.993530
19433.578617	16903.413667	1052.613281	488.216431
19433.578617	16903.413667	1051.461914	505.384766
19433.578617	16903.413667	1050.310547	375.086884
19433.578617	16903.413667	1049.158203	377.900818
19433.578617	16903.413667	1048.005859	403.546173
19433.578617	16903.413667	1046.853516	388.832001
19433.578617	16903.413667	1045.700195	628.047119
19433.578617	16903.413667	1044.547852	418.945435
19433.578617	16903.413667	1043.394531	524.797302
19433.578617	16903.413667	1042.240234	540.737854
19433.578617	16903.413667	1041.086914	222.466660
19433.578617	16903.413667	1039.932617	323.081940
19433.578617	16903.413667	1038.778320	411.690613
19433.578617	16903.413667	1037.624023	506.275726
19433.578617	16903.413667	1036.469727	312.492065
19433.578617	16903.413667	1035.314453	767.086914
19433.578617	16903.413667	1034.159180	707.663635
19433.578617	16903.413667	1033.003906	590.324402
19433.578617	16903.413667	1031.847656	710.533020
19433.578617	16903.413667	1030.692383	1006.168335
19433.578617	16903.413667	1029.536133	1038.141602
19433.578617	16903.413667	1028.378906	563.303040
19433.578617	16903.413667	1027.222656	498.480896
19433.578617	16903.413667	1026.065430	764.070618
19433.578617	16903.413667	1024.908203	389.932098
19433.578617	16903.413667	1023.750977	426.694885
19433.578617	16903.413667	1022.593750	595.863525
19433.578617	16903.413667	1021.435547	496.309662
19433.578617	16903.413667	1020.277344	464.321045
19433.578617	16903.413667	1019.119141	685.080078
19433.578617	16903.413667	1017.959961	457.917175
19433.578617	16903.413667	1016.800781	382.151611
19433.578617	16903.413667	1015.641602	359.422760
19433.578617	16903.413667	1014.482422	350.989166
19433.578617	16903.413667	1013.323242	64.234360
19433.578617	16903.413667	1012.163086	158.724808
19433.578617	16903.413667	1011.002930	233.426636
19433.578617	16903.413667	1009.842773	182.821060
19433.578617	16903.413667	1008.681641	103.019302
19433.578617	16903.413667	1007.520508	114.681061
19433.578617	16903.413667	1006.359375	38.018013
19433.578617	16903.413667	1005.198242	286.954742
19433.578617	16903.413667	1004.037109	553.441284
19433.578617	16903.413667	1002.875000	360.928406
19433.578617	16903.413667	1001.712891	387.988220
19433.578617	16903.413667	1000.550781	410.527771
19433.578617	16903.413667	999.387695	580.904053
19433.578617	16903.413667	998.224609	187.974365
19433.578617	16903.413667	997.061523	254.643875
19433.578617	16903.413667	995.898438	55.137978
19433.578617	16903.413667	994.734375	183.426727
19433.578617	16903.413667	993.571289	114.445389
19433.578617	16903.413667	992.407227	283.469208
19433.578617	16903.413667	991.242188	154.616043
19433.578617	16903.413667	990.078125	-66.246941
19433.578617	16903.413667	988.913086	248.456039
19433.578617	16903.413667	987.748047	194.295731
19433.578617	16903.413667	986.583008	-105.943871
19433.578617	16903.413667	985.416992	-28.710970
19433.578617	16903.413667	984.250977	81.573120
19433.578617	16903.413667	983.084961	15.393600
19433.578617	16903.413667	981.918945	7.157541
19433.578617	16903.413667	980.751953	-26.700615
19433.578617	16903.413667	979.584961	125.978065
19433.578617	16903.413667	978.417969	310.061615
19433.578617	16903.413667	977.250977	-221.499969
19433.578617	16903.413667	976.083008	2.805796
19433.578617	16903.413667	974.915039	181.130157
19433.578617	16903.413667	973.747070	118.315735
19433.578617	16903.413667	972.579102	168.546967
19433.578617	16903.413667	971.410156	75.664253
19433.578617	16903.413667	970.242188	-110.920921
19433.578617	16903.413667	969.072266	214.619507
19433.578617	16903.413667	967.903320	125.523575
19433.578617	16903.413667	966.733398	-63.345284
19433.578617	16903.413667	965.563477	20.404697
19433.578617	16903.413667	964.393555	63.649342
19433.578617	16903.413667	963.223633	185.274231
19433.578617	16903.413667	962.052734	205.773849
19433.578617	16903.413667	960.881836	-42.282219
19433.578617	16903.413667	959.710938	-372.348206
19433.578617	16903.413667	958.540039	-66.556152
19433.578617	16903.413667	957.368164	166.246521
19433.578617	16903.413667	956.196289	65.268196
19433.578617	16903.413667	955.024414	-143.386810
19433.578617	16903.413667	953.851563	21.951555
19433.578617	16903.413667	952.679688	138.291245
19433.578617	16903.413667	951.506836	143.229370
19433.578617	16903.413667	950.333984	241.521271
19433.578617	16903.413667	949.160156	297.920898
19433.578617	16903.413667	947.986328	-45.646458
19433.578617	16903.413667	946.812500	136.939148
19433.578617	16903.413667	945.638672	-56.987560
19433.578617	16903.413667	944.464844	5.035133
19433.578617	16903.413667	943.290039	497.520813
19433.578617	16903.413667	942.115234	-161.392258
19433.578617	16903.413667	940.940430	-99.459183
19433.578617	16903.413667	939.764648	-45.687927
19433.578617	16903.413667	938.588867	159.309814
19433.578617	16903.413667	937.413086	175.335556
19433.578617	16903.413667	936.237305	-73.863899
19433.578617	16903.413667	935.060547	-117.798538
19433.578617	16903.413667	933.883789	134.994186
19433.578617	16903.413667	932.707031	128.497391
19433.578617	16903.413667	931.530273	109.315292
19433.578617	16903.413667	930.352539	21.939772
19433.578617	16903.413667	929.175781	-5.433184
19433.578617	16903.413667	927.998047	149.808395
19433.578617	16903.413667	926.819336	110.024498
19433.578617	16903.413667	925.641602	18.405310
19433.578617	16903.413667	924.462891	15.986534
19433.578617	16903.413667	923.284180	181.494431
19433.578617	16903.413667	922.104492	139.682465
19433.578617	16903.413667	920.924805	139.337448
19433.578617	16903.413667	919.746094	152.207138
19433.578617	16903.413667	919.551758	-273.292084
19433.578617	16903.413667	918.386719	-41.696262
19433.578617	16903.413667	917.220703	94.541290
19433.578617	16903.413667	916.054688	23.650673
19433.578617	16903.413667	914.887695	21.117689
19433.578617	16903.413667	913.721680	66.179382
19433.578617	16903.413667	912.554688	-99.849472
19433.578617	16903.413667	911.387695	-114.771980
19433.578617	16903.413667	910.220703	23.390869
19433.578617	16903.413667	909.052734	72.575981
19433.578617	16903.413667	907.885742	-8.536271
19433.578617	16903.413667	906.717773	112.997719
19433.578617	16903.413667	905.548828	-137.554016
19433.578617	16903.413667	904.380859	-133.829483
19433.578617	16903.413667	903.211914	-212.734741
19433.578617	16903.413667	902.042969	-293.670624
19433.578617	16903.413667	900.874023	-87.499992
19433.578617	16903.413667	899.704102	-36.260658
19433.578617	16903.413667	898.535156	-73.815308
19433.578617	16903.413667	897.365234	-247.562225
19433.578617	16903.413667	896.194336	-231.374084
19433.578617	16903.413667	895.024414	-91.408554
19433.578617	16903.413667	893.853516	-211.386200
19433.578617	16903.413667	892.682617	-180.758759
19433.578617	16903.413667	891.511719	-92.404839
19433.578617	16903.413667	890.340820	208.250076
19433.578617	16903.413667	889.168945	65.677856
19433.578617	16903.413667	887.997070	151.901321
19433.578617	16903.413667	886.825195	73.282021
19433.578617	16903.413667	885.653320	153.304596
19433.578617	16903.413667	884.480469	-289.762268
19433.578617	16903.413667	883.307617	134.174484
19433.578617	16903.413667	882.134766	59.784977
19433.578617	16903.413667	880.961914	51.293987
19433.578617	16903.413667	879.788086	-144.422394
19433.578617	16903.413667	878.614258	-121.978226
19433.578617	16903.413667	877.440430	60.898113
19433.578617	16903.413667	876.266602	282.782898
19433.578617	16903.413667	875.091797	-149.209503
19433.578617	16903.413667	873.916992	64.435631
19433.578617	16903.413667	872.742188	226.624649
19433.578617	16903.413667	871.567383	119.586121
19433.578617	16903.413667	870.391602	193.393311
19433.578617	16903.413667	869.215820	24.820681
19433.578617	16903.413667	868.040039	-145.725525
19433.578617	16903.413667	866.864258	45.145329
19433.578617	16903.413667	865.687500	20.434196
19433.578617	16903.413667	864.510742	-188.957596
19433.578617	16903.413667	863.333984	-67.914886
19433.578617	16903.413667	862.157227	-297.695557
19433.578617	16903.413667	860.979492	-65.896309
19433.578617	16903.413667	859.802734	-45.398224
19433.578617	16903.413667	858.625000	120.667824
19433.578617	16903.413667	857.446289	194.452087
19433.578617	16903.413667	856.268555	-207.223419
19433.578617	16903.413667	855.089844	-211.239624
19433.578617	16903.413667	853.911133	-67.757904
19433.578617	16903.413667	852.731445	-75.869209
19433.578617	16903.413667	851.552734	-223.212585
19433.578617	16903.413667	850.373047	-206.704132
19433.578617	16903.413667	849.193359	-159.491653
19433.578617	16903.413667	848.013672	-226.885956
19433.578617	16903.413667	846.833008	-251.269089
19433.578617	16903.413667	845.652344	-167.226410
19433.578617	16903.413667	844.471680	117.206596
19433.578617	16903.413667	843.291016	-56.468452
19433.578617	16903.413667	842.110352	119.494171
19433.578617	16903.413667	840.928711	-164.453659
19433.578617	16903.413667	839.747070	-35.516552
19433.578617	16903.413667	838.564453	222.091339
19433.578617	16903.413667	837.382813	-24.921673
19433.578617	16903.413667	836.200195	-59.436657
19433.578617	16903.413667	835.017578	48.986229
19433.578617	16903.413667	833.834961	26.725409
19433.578617	16903.413667	832.651367	2.447491
19433.578617	16903.413667	831.467773	155.697739
19433.578617	16903.413667	830.284180	-313.315399
19433.578617	16903.413667	829.100586	211.147751
19433.578617	16903.413667	827.916992	-300.505157
19433.578617	16903.413667	826.732422	-75.945534
19433.578617	16903.413667	825.547852	24.182377
19433.578617	16903.413667	824.363281	44.790051
19433.578617	16903.413667	823.177734	-207.625977
19433.578617	16903.413667	821.992188	-5.674884
19433.578617	16903.413667	820.806641	-123.562401
19433.578617	16903.413667	819.621094	-19.455240
19433.578617	16903.413667	818.434570	-74.179237
19433.578617	16903.413667	817.249023	111.280373
19433.578617	16903.413667	816.062500	229.514771
19433.578617	16903.413667	814.875000	-158.900650
19433.578617	16903.413667	813.688477	54.929726
19433.578617	16903.413667	812.500977	114.112602
19433.578617	16903.413667	811.313477	106.163734
19433.578617	16903.413667	810.125977	43.320583
19433.578617	16903.413667	808.937500	67.899681
19433.578617	16903.413667	807.749023	1.014415
19433.578617	16903.413667	806.560547	-41.476707
19433.578617	16903.413667	805.372070	-18.965202
19433.578617	16903.413667	804.182617	-30.988167
19433.578617	16903.413667	802.994141	168.123520
19433.578617	16903.413667	801.803711	26.129419
19433.578617	16903.413667	800.614258	-14.358866
19433.578617	16903.413667	799.424805	340.824615
19433.578617	16903.413667	798.234375	85.222664
19433.578617	16903.413667	797.043945	150.171326
19433.578617	16903.413667	795.852539	83.271942
19433.578617	16903.413667	794.662109	142.068771
19433.578617	16903.413667	793.470703	30.560356
19433.578617	16903.413667	792.279297	107.545662
19433.578617	16903.413667	791.087891	-170.105301
19433.578617	16903.413667	789.895508	162.091446
19433.578617	16903.413667	788.703125	155.893845
19433.578617	16903.413667	787.510742	261.039093
19433.578617	16903.413667	786.318359	100.906883
19433.578617	16903.413667	785.125000	-14.653711
19433.578617	16903.413667	783.931641	294.767639
19433.578617	16903.413667	782.738281	-13.054818
19433.578617	16903.413667	781.544922	225.371872
19433.578617	16903.413667	780.350586	257.390717
19433.578617	16903.413667	779.156250	30.548828
19433.578617	16903.413667	777.961914	-20.363958
19433.578617	16903.413667	776.767578	112.627686
19433.578617	16903.413667	775.572266	57.608772
19433.578617	16903.413667	774.376953	148.028854
19433.578617	16903.413667	773.181641	296.945282
19433.578617	16903.413667	771.986328	245.831375
19433.578617	16903.413667	770.790039	-3.161618
19433.578617	16903.413667	769.593750	-92.630928
19433.578617	16903.413667	768.397461	13.654582
19433.578617	16903.413667	767.201172	289.336182
19433.578617	16903.413667	766.003906	316.728943
19433.578617	16903.413667	764.806641	295.651794
19433.578617	16903.413667	763.609375	179.753784
19433.578617	16903.413667	762.412109	281.584381
19433.578617	16903.413667	761.213867	260.372467
19433.578617	16903.413667	760.015625	263.292603
19433.578617	16903.413667	758.817383	457.558289
19433.578617	16903.413667	757.618164	158.165787
19433.578617	16903.413667	756.419922	527.466003
19433.578617	16903.413667	755.220703	421.359161
19433.578617	16903.413667	754.021484	339.387115
19433.578617	16903.413667	752.821289	394.258850
19433.578617	16903.413667	751.621094	541.604309
19433.578617	16903.413667	750.420898	423.248322
19433.578617	16903.413667	749.220703	176.138611
19433.578617	16903.413667	748.020508	192.506241
19433.578617	16903.413667	746.819336	164.567627
19433.578617	16903.413667	745.618164	297.382660
19433.578617	16903.413667	744.416992	287.367950
19433.578617	16903.413667	743.214844	478.225952
19433.578617	16903.413667	742.012695	588.567627
19433.578617	16903.413667	740.810547	522.028198
19433.578617	16903.413667	739.608398	840.993042
19433.578617	16903.413667	738.406250	629.708679
19433.578617	16903.413667	737.203125	1171.162476
19433.578617	16903.413667	736.000000	1188.512573
19433.578617	16903.413667	734.795898	1432.501953
19433.578617	16903.413667	733.592773	1214.907837
19433.578617	16903.413667	732.388672	1244.008545
19433.578617	16903.413667	731.184570	1208.837524
19433.578617	16903.413667	729.979492	1225.719604
19433.578617	16903.413667	728.775391	765.455872
19433.578617	16903.413667	727.570313	964.583984
19433.578617	16903.413667	726.365234	935.129883
19433.578617	16903.413667	725.160156	476.927979
19433.578617	16903.413667	723.954102	619.621094
19433.578617	16903.413667	722.748047	399.743195
19433.578617	16903.413667	721.541992	536.177551
19433.578617	16903.413667	720.334961	320.209351
19433.578617	16903.413667	719.128906	440.379333
19433.578617	16903.413667	717.921875	474.372284
19433.578617	16903.413667	716.714844	618.247986
19433.578617	16903.413667	715.506836	727.961121
19433.578617	16903.413667	714.298828	305.698578
19433.578617	16903.413667	713.090820	403.207123
19433.578617	16903.413667	711.882813	572.502930
19433.578617	16903.413667	710.674805	433.908936
19433.578617	16903.413667	709.465820	221.348068
19433.578617	16903.413667	708.256836	456.130859
19433.578617	16903.413667	707.047852	-84.066261
19433.578617	16903.413667	705.837891	362.056335
19433.578617	16903.413667	704.627930	542.403259
19433.578617	16903.413667	703.417969	401.264282
19433.578617	16903.413667	702.208008	82.491638
19433.578617	16903.413667	700.998047	312.267639
19433.578617	16903.413667	699.787109	87.122002
19433.578617	16903.413667	698.576172	370.375885
19433.578617	16903.413667	697.364258	232.763809
19433.578617	16903.413667	696.153320	122.973183
19433.578617	16903.413667	694.941406	361.802307
19433.578617	16903.413667	693.729492	504.768219
19433.578617	16903.413667	692.516602	326.864807
19433.578617	16903.413667	691.304688	224.563629
19433.578617	16903.413667	690.091797	438.726624
19433.578617	16903.413667	688.878906	475.502136
19433.578617	16903.413667	687.665039	126.041954
19433.578617	16903.413667	686.451172	170.541565
19433.578617	16903.413667	685.237305	336.220642
19433.578617	16903.413667	684.023438	519.582092
19433.578617	16903.413667	682.809570	197.660095
19433.578617	16903.413667	681.594727	517.851990
19433.578617	16903.413667	680.379883	460.117584
19433.578617	16903.413667	679.165039	350.588806
19433.578617	16903.413667	677.949219	477.379517
19433.578617	16903.413667	676.733398	224.575027
19433.578617	16903.413667	675.517578	511.891235
19433.578617	16903.413667	674.301758	846.581238
19433.578617	16903.413667	673.084961	535.828796
19433.578617	16903.413667	671.869141	616.023621
19433.578617	16903.413667	670.651367	630.552246
19433.578617	16903.413667	669.434570	607.218079
19433.578617	16903.413667	668.216797	385.398621
19433.578617	16903.413667	667.000000	375.687958
19433.578617	16903.413667	665.781250	542.271851
19433.578617	16903.413667	664.563477	478.691711
19433.578617	16903.413667	663.344727	375.343689
19433.578617	16903.413667	662.125977	491.801239
19433.578617	16903.413667	660.907227	512.962280
19433.578617	16903.413667	659.688477	282.427887
19433.578617	16903.413667	658.468750	313.193024
19433.578617	16903.413667	657.249023	365.556427
19433.578617	16903.413667	656.029297	445.439575
19433.578617	16903.413667	654.808594	398.479736
19433.578617	16903.413667	653.587891	343.458557
19433.578617	16903.413667	652.367188	482.131561
19433.578617	16903.413667	651.146484	551.363708
19433.578617	16903.413667	649.924805	304.057495
19433.578617	16903.413667	648.704102	359.121887
19433.578617	16903.413667	647.482422	242.057404
19433.578617	16903.413667	646.259766	476.576385
19433.578617	16903.413667	645.037109	533.035828
19433.578617	16903.413667	643.815430	350.320679
19433.578617	16903.413667	642.591797	214.900818
19433.578617	16903.413667	641.369141	610.431335
19433.578617	16903.413667	640.145508	417.432739
19433.578617	16903.413667	638.921875	615.071533
19433.578617	16903.413667	637.698242	315.271698
19433.578617	16903.413667	636.474609	344.839935
19433.578617	16903.413667	635.250000	579.324036
19433.578617	16903.413667	634.025391	537.500610
19433.578617	16903.413667	632.800781	245.170547
19433.578617	16903.413667	631.575195	209.004486
19433.578617	16903.413667	630.349609	399.283356
19433.578617	16903.413667	629.124023	337.148132
19433.578617	16903.413667	627.898438	28.665602
19433.578617	16903.413667	626.671875	21.429779
19433.578617	16903.413667	625.445313	181.374634
19433.578617	16903.413667	624.218750	199.358109
19433.578617	16903.413667	622.992188	427.736206
19433.578617	16903.413667	621.764648	-42.624020
19433.578617	16903.413667	620.537109	10.296085
19433.578617	16903.413667	619.309570	-131.676636
19433.578617	16903.413667	618.081055	119.498405
19433.578617	16903.413667	616.852539	195.436096
19433.578617	16903.413667	615.624023	121.805183
19433.578617	16903.413667	614.395508	215.065460
19433.578617	16903.413667	613.166992	-6.213860
19433.578617	16903.413667	611.937500	-168.641052
19433.578617	16903.413667	610.708008	65.518745
19433.578617	16903.413667	609.477539	256.221527
19433.578617	16903.413667	608.248047	6.987782
19433.578617	16903.413667	607.017578	-120.628899
19433.578617	16903.413667	605.787109	-3.088320
19433.578617	16903.413667	604.555664	-223.167252
19433.578617	16903.413667	603.325195	-186.381149
19433.578617	16903.413667	602.093750	20.822727
19433.578617	16903.413667	600.861328	-123.138741
19433.578617	16903.413667	599.629883	-116.266502
19433.578617	16903.413667	598.397461	-78.201782
19433.578617	16903.413667	597.165039	-279.323212
19433.578617	16903.413667	595.932617	144.335480
19433.578617	16903.413667	594.699219	-270.512939
19433.578617	16903.413667	593.465820	-313.326660
19433.578617	16903.413667	592.232422	45.024685
19433.578617	16903.413667	590.999023	-49.014008
19433.578617	16903.413667	589.764648	179.693604
19433.578617	16903.413667	588.530273	-188.499573
19433.578617	16903.413667	587.295898	-26.642715
19433.578617	16903.413667	586.061523	-33.159943
19433.578617	16903.413667	584.826172	-8.536298
19433.578617	16903.413667	583.590820	68.712532
19433.578617	16903.413667	582.355469	-104.339439
19433.578617	16903.413667	581.119141	-109.431381
19433.578617	16903.413667	579.882813	-48.238731
19433.578617	16903.413667	578.646484	-213.742081
19433.578617	16903.413667	577.410156	-146.953262
19433.578617	16903.413667	576.172852	5.567964
19433.578617	16903.413667	574.935547	-70.445122
19433.578617	16903.413667	573.698242	17.357048
19433.578617	16903.413667	572.460938	-142.755997
19433.578617	16903.413667	571.222656	-341.934143
19433.578617	16903.413667	569.984375	30.210638
19433.578617	16903.413667	568.746094	-98.964180
19433.578617	16903.413667	567.506836	62.223354
19433.578617	16903.413667	566.267578	-223.035675
19433.578617	16903.413667	565.028320	39.206074
19433.578617	16903.413667	563.789063	-8.492675
19433.578617	16903.413667	562.548828	-15.385778
19433.578617	16903.413667	561.309570	131.450775
19433.578617	16903.413667	560.068359	172.987411
19433.578617	16903.413667	558.828125	-163.162018
19433.578617	16903.413667	557.586914	195.398621
19433.578617	16903.413667	556.345703	236.605240
19433.578617	16903.413667	555.104492	-229.950180
19433.578617	16903.413667	553.863281	-35.230392
19433.578617	16903.413667	552.621094	65.988754
19433.578617	16903.413667	551.378906	143.754776
19433.578617	16903.413667	550.136719	15.405725
19433.578617	16903.413667	548.893555	302.810059
19433.578617	16903.413667	547.650391	96.609238
19433.578617	16903.413667	546.407227	-136.770844
19433.578617	16903.413667	545.164063	185.199188
19433.578617	16903.413667	543.919922	89.571175
19433.578617	16903.413667	542.675781	-11.909784
19433.578617	16903.413667	541.431641	183.471207
19433.578617	16903.413667	540.186523	74.103622
19433.578617	16903.413667	538.941406	46.181892
19433.578617	16903.413667	537.696289	16.268492
19433.578617	16903.413667	536.451172	15.386786
19433.578617	16903.413667	535.205078	39.634937
19433.578617	16903.413667	533.959961	156.843582
19433.578617	16903.413667	532.712891	16.233002
19433.578617	16903.413667	531.466797	-54.628426
19433.578617	16903.413667	530.219727	42.972939
19433.578617	16903.413667	528.972656	-4.743038
19433.578617	16903.413667	527.725586	270.801392
19433.578617	16903.413667	526.478516	342.953461
19433.578617	16903.413667	525.230469	37.685635
19433.578617	16903.413667	523.982422	82.668877
19433.578617	16903.413667	522.734375	48.283409
19433.578617	16903.413667	521.485352	-69.293488
19433.578617	16903.413667	520.236328	-10.926142
19433.578617	16903.413667	518.987305	-136.256027
19433.578617	16903.413667	517.737305	-37.406979
19433.578617	16903.413667	516.488281	185.025925
19433.578617	16903.413667	515.238281	-96.866341
19433.578617	16903.413667	513.988281	65.524239
19433.578617	16903.413667	512.737305	-42.526234
19433.578617	16903.413667	511.486328	75.297142
19433.578617	16903.413667	510.235352	138.992859
19433.578617	16903.413667	508.984375	86.844444
19433.578617	16903.413667	507.732422	-46.356911
19433.578617	16903.413667	506.480469	-40.661900
19433.578617	16903.413667	505.228516	125.052483
19433.578617	16903.413667	503.976563	200.043884
19433.578617	16903.413667	502.723633	228.692703
19433.578617	16903.413667	501.470703	498.188049
19433.578617	16903.413667	500.217773	426.494171
19433.578617	16903.413667	498.963867	518.520264
19433.578617	16903.413667	497.709961	660.540894
19433.578617	16903.413667	496.456055	613.760132
19433.578617	16903.413667	495.202148	719.040039
19433.578617	16903.413667	493.947266	826.144409
19433.578617	16903.413667	492.692383	638.745728
19433.578617	16903.413667	491.437500	728.414490
19433.578617	16903.413667	490.181641	742.970581
19433.578617	16903.413667	488.926758	1090.160645
19433.578617	16903.413667	487.670898	893.041809
19433.578617	16903.413667	486.414063	1032.322388
19433.578617	16903.413667	485.158203	1115.762329
19433.578617	16903.413667	483.901367	1266.341797
19433.578617	16903.413667	482.644531	1802.901611
19433.578617	16903.413667	481.386719	1267.490356
19433.578617	16903.413667	480.128906	1481.083374
19433.578617	16903.413667	478.871094	1562.045654
19433.578617	16903.413667	477.613281	1472.076050
19433.578617	16903.413667	476.355469	1683.320190
19433.578617	16903.413667	475.096680	1589.336792
19433.578617	16903.413667	473.837891	1771.494629
19433.578617	16903.413667	472.578125	1713.755615
19433.578617	16903.413667	471.319336	1636.772461
19433.578617	16903.413667	470.059570	1783.964478
19433.578617	16903.413667	468.799805	2001.877197
19433.578617	16903.413667	467.539063	1759.720947
19433.578617	16903.413667	466.278320	2226.292725
19433.578617	16903.413667	465.017578	2150.532471
19433.578617	16903.413667	463.756836	2040.187988
19433.578617	16903.413667	462.495117	2027.352661
19433.578617	16903.413667	461.233398	2234.453125
19433.578617	16903.413667	459.971680	2188.705322
19433.578617	16903.413667	458.709961	1993.568237
19433.578617	16903.413667	457.447266	2056.520020
19433.578617	16903.413667	456.184570	2027.447144
19433.578617	16903.413667	454.921875	2068.909180
19433.578617	16903.413667	453.658203	1920.878418
19433.578617	16903.413667	452.394531	2244.693604
19433.578617	16903.413667	451.130859	2203.188477
19433.578617	16903.413667	449.867188	2379.197998
19433.578617	16903.413667	448.602539	2661.785645
19433.578617	16903.413667	447.337891	2669.009277
19433.578617	16903.413667	446.073242	2425.849609
19433.578617	16903.413667	444.807617	2403.849365
19433.578617	16903.413667	443.542969	2442.596680
19433.578617	16903.413667	442.276367	2696.516113
19433.578617	16903.413667	441.010742	2845.069092
19433.578617	16903.413667	439.744141	2798.653809
19433.578617	16903.413667	438.478516	2900.572754
19433.578617	16903.413667	437.210938	2704.647461
19433.578617	16903.413667	435.944336	2557.927734
19433.578617	16903.413667	434.676758	2677.526123
19433.578617	16903.413667	433.409180	2832.784424
19433.578617	16903.413667	432.141602	2574.213379
19433.578617	16903.413667	430.873047	2562.732910
19433.578617	16903.413667	429.604492	2653.501953
19433.578617	16903.413667	428.335938	2945.402344
19433.578617	16903.413667	427.067383	2977.803467
19433.578617	16903.413667	425.797852	2716.590820
19433.578617	16903.413667	424.528320	2557.551514
19433.578617	16903.413667	423.258789	2764.905762
19433.578617	16903.413667	421.988281	2965.750977
19433.578617	16903.413667	420.717773	2962.405762
19433.578617	16903.413667	419.447266	2965.910400
19433.578617	16903.413667	418.175781	2892.611572
19433.578617	16903.413667	416.905273	2885.036865
19433.578617	16903.413667	415.633789	2629.717773
19433.578617	16903.413667	414.362305	2831.207031
19433.578617	16903.413667	413.089844	2950.047607
19433.578617	16903.413667	411.817383	2821.176025
19433.578617	16903.413667	410.544922	2719.838867
19433.578617	16903.413667	409.272461	2761.704102
19433.578617	16903.413667	407.999023	2937.128662
19433.578617	16903.413667	406.725586	2900.906982
19433.578617	16903.413667	405.452148	2899.590576
19433.578617	16903.413667	404.177734	2969.096924
19433.578617	16903.413667	402.903320	2755.014893
19433.578617	16903.413667	401.628906	2871.310791
19433.578617	16903.413667	400.354492	2846.093994
19433.578617	16903.413667	399.079102	2908.513916
19433.578617	16903.413667	397.803711	2907.037842
19433.578617	16903.413667	396.528320	2588.011719
19433.578617	16903.413667	395.251953	2744.506104
19433.578617	16903.413667	393.976563	2657.249512
19433.578617	16903.413667	392.700195	2562.730957
19433.578617	16903.413667	391.422852	2801.321777
19433.578617	16903.413667	390.145508	2818.776367
19433.578617	16903.413667	388.869141	2770.246338
19433.578617	16903.413667	387.590820	2818.123779
19433.578617	16903.413667	386.313477	2792.358154
19433.578617	16903.413667	385.035156	2496.367676
19433.578617	16903.413667	383.756836	2666.938721
19433.578617	16903.413667	382.478516	2754.191406
19433.578617	16903.413667	381.199219	2703.309082
19433.578617	16903.413667	379.919922	2372.805908
19433.578617	16903.413667	378.640625	2528.969971
19433.578617	16903.413667	377.360352	2454.404297
19433.578617	16903.413667	376.080078	2634.025391
19433.578617	16903.413667	374.799805	2543.315674
19433.578617	16903.413667	373.519531	2657.522217
19433.578617	16903.413667	372.238281	2635.171143
19433.578617	16903.413667	370.957031	2178.556641
19433.578617	16903.413667	369.675781	2116.960938
19433.578617	16903.413667	368.394531	2201.377930
19433.578617	16903.413667	367.112305	2184.822021
19433.578617	16903.413667	365.830078	2088.059570
19433.578617	16903.413667	364.546875	2114.301270
19433.578617	16903.413667	363.264648	1776.041992
19433.578617	16903.413667	361.981445	1938.899414
19433.578617	16903.413667	360.698242	1776.599731
19433.578617	16903.413667	359.414063	1979.492432
19433.578617	16903.413667	358.129883	1823.308350
19433.578617	16903.413667	356.845703	1755.662354
19433.578617	16903.413667	355.561523	1736.919434
19433.578617	16903.413667	354.276367	2291.183105
19433.578617	16903.413667	352.991211	1762.727173
19433.578617	16903.413667	351.706055	1748.898315
19433.578617	16903.413667	350.420898	1578.761719
19433.578617	16903.413667	349.134766	1746.034180
19433.578617	16903.413667	347.848633	1422.597900
19433.578617	16903.413667	346.561523	1074.004150
19433.578617	16903.413667	345.275391	1188.274048
19433.578617	16903.413667	343.988281	1243.191406
19433.578617	16903.413667	342.700195	1066.096802
19433.578617	16903.413667	341.413086	1045.453369
19433.578617	16903.413667	340.125000	1175.137939
19433.578617	16903.413667	338.836914	1170.135498
19433.578617	16903.413667	337.548828	777.408081
19433.578617	16903.413667	336.259766	879.391113
19433.578617	16903.413667	334.970703	571.006531
19433.578617	16903.413667	333.681641	685.772766
19433.578617	16903.413667	332.391602	927.265686
19433.578617	16903.413667	331.101563	696.376038
19433.578617	16903.413667	329.811523	648.306946
19433.578617	16903.413667	328.521484	547.020447
19433.578617	16903.413667	327.230469	665.334839
19433.578617	16903.413667	325.939453	269.948181
19433.578617	16903.413667	324.648438	509.170563
19433.578617	16903.413667	323.356445	193.197556
19433.578617	16903.413667	322.064453	-152.364990
19433.578617	16903.413667	320.772461	-75.445137
19433.578617	16903.413667	319.480469	117.100143
19433.578617	16903.413667	318.187500	139.000870
19433.578617	16903.413667	316.894531	384.439606
19433.578617	16903.413667	315.601563	136.115509
19433.578617	16903.413667	314.307617	-163.676651
19433.578617	16903.413667	313.013672	-98.692551
19433.578617	16903.413667	311.719727	5.967073
19433.578617	16903.413667	310.425781	-60.723938
19433.578617	16903.413667	309.130859	-295.398834
19433.578617	16903.413667	307.835938	-241.064224
19433.578617	16903.413667	306.541016	260.324280
19433.578617	16903.413667	305.245117	93.412582
19433.578617	16903.413667	303.949219	240.695206
19433.578617	16903.413667	302.653320	27.341278
19433.578617	16903.413667	301.356445	326.590210
19433.578617	16903.413667	300.060547	311.684906
19433.578617	16903.413667	298.763672	331.961548
