#X		#Y		#Wave		#Intensity
2819.176383	17363.985833	2000.043945	64.240311
2819.176383	17363.985833	1999.080078	-10.253743
2819.176383	17363.985833	1998.116211	-23.922617
2819.176383	17363.985833	1997.151367	-37.705467
2819.176383	17363.985833	1996.186523	-56.555729
2819.176383	17363.985833	1995.222656	-68.080765
2819.176383	17363.985833	1994.256836	14.412292
2819.176383	17363.985833	1993.291992	124.009903
2819.176383	17363.985833	1992.327148	40.351704
2819.176383	17363.985833	1991.361328	1.189120
2819.176383	17363.985833	1990.395508	90.648323
2819.176383	17363.985833	1989.429688	9.249115
2819.176383	17363.985833	1988.463867	-40.039116
2819.176383	17363.985833	1987.497070	44.187138
2819.176383	17363.985833	1986.531250	-0.294691
2819.176383	17363.985833	1985.564453	209.852859
2819.176383	17363.985833	1984.597656	14.417480
2819.176383	17363.985833	1983.630859	211.996490
2819.176383	17363.985833	1982.664063	90.648537
2819.176383	17363.985833	1981.696289	-62.830788
2819.176383	17363.985833	1980.728516	85.076584
2819.176383	17363.985833	1979.761719	5.648114
2819.176383	17363.985833	1978.792969	47.206173
2819.176383	17363.985833	1977.825195	54.138103
2819.176383	17363.985833	1976.857422	-79.679008
2819.176383	17363.985833	1975.888672	-43.188156
2819.176383	17363.985833	1974.919922	-16.616629
2819.176383	17363.985833	1973.951172	115.998695
2819.176383	17363.985833	1972.982422	58.600334
2819.176383	17363.985833	1972.013672	15.992063
2819.176383	17363.985833	1971.043945	35.018902
2819.176383	17363.985833	1970.075195	-22.409271
2819.176383	17363.985833	1969.105469	191.296860
2819.176383	17363.985833	1968.135742	35.245590
2819.176383	17363.985833	1967.165039	113.309906
2819.176383	17363.985833	1966.195313	31.204226
2819.176383	17363.985833	1965.224609	-41.031410
2819.176383	17363.985833	1964.253906	78.829262
2819.176383	17363.985833	1963.283203	9.054184
2819.176383	17363.985833	1962.312500	-183.785065
2819.176383	17363.985833	1961.341797	113.218971
2819.176383	17363.985833	1960.370117	-5.754658
2819.176383	17363.985833	1959.399414	-16.434755
2819.176383	17363.985833	1958.427734	-4.973259
2819.176383	17363.985833	1957.455078	55.671787
2819.176383	17363.985833	1956.483398	-45.991302
2819.176383	17363.985833	1955.511719	-12.399018
2819.176383	17363.985833	1954.539063	-91.882439
2819.176383	17363.985833	1953.566406	91.625839
2819.176383	17363.985833	1952.593750	36.736324
2819.176383	17363.985833	1951.621094	-47.604603
2819.176383	17363.985833	1950.647461	-18.921080
2819.176383	17363.985833	1949.674805	24.494917
2819.176383	17363.985833	1948.701172	-67.132080
2819.176383	17363.985833	1947.727539	-75.251167
2819.176383	17363.985833	1946.753906	-14.633008
2819.176383	17363.985833	1945.780273	99.960930
2819.176383	17363.985833	1944.805664	-6.281320
2819.176383	17363.985833	1943.831055	-24.162613
2819.176383	17363.985833	1942.856445	38.910431
2819.176383	17363.985833	1941.881836	30.866600
2819.176383	17363.985833	1940.907227	98.841171
2819.176383	17363.985833	1939.932617	139.844864
2819.176383	17363.985833	1938.957031	99.978600
2819.176383	17363.985833	1937.981445	-113.821564
2819.176383	17363.985833	1937.005859	44.840702
2819.176383	17363.985833	1936.030273	-75.758919
2819.176383	17363.985833	1935.054688	-19.978071
2819.176383	17363.985833	1934.078125	-49.892220
2819.176383	17363.985833	1933.101563	-89.568535
2819.176383	17363.985833	1932.125000	-36.206104
2819.176383	17363.985833	1931.148438	88.119499
2819.176383	17363.985833	1930.171875	38.711555
2819.176383	17363.985833	1929.194336	57.832905
2819.176383	17363.985833	1928.217773	-104.013237
2819.176383	17363.985833	1927.240234	-62.826672
2819.176383	17363.985833	1926.262695	-38.749180
2819.176383	17363.985833	1925.284180	-114.877357
2819.176383	17363.985833	1924.306641	178.061249
2819.176383	17363.985833	1923.328125	4.224097
2819.176383	17363.985833	1922.350586	-20.511995
2819.176383	17363.985833	1921.372070	-15.909485
2819.176383	17363.985833	1920.392578	18.014339
2819.176383	17363.985833	1919.414063	-118.966927
2819.176383	17363.985833	1918.434570	-28.854975
2819.176383	17363.985833	1917.456055	-16.861197
2819.176383	17363.985833	1916.476563	12.227096
2819.176383	17363.985833	1915.497070	87.676781
2819.176383	17363.985833	1914.516602	-51.541965
2819.176383	17363.985833	1913.537109	-58.996716
2819.176383	17363.985833	1912.556641	-49.363914
2819.176383	17363.985833	1911.576172	-98.229866
2819.176383	17363.985833	1910.595703	121.057755
2819.176383	17363.985833	1909.615234	1.533582
2819.176383	17363.985833	1908.633789	74.555946
2819.176383	17363.985833	1907.653320	-110.663261
2819.176383	17363.985833	1906.671875	76.853378
2819.176383	17363.985833	1905.690430	-27.911318
2819.176383	17363.985833	1904.708984	113.282761
2819.176383	17363.985833	1903.727539	-81.496178
2819.176383	17363.985833	1902.745117	-98.522171
2819.176383	17363.985833	1901.762695	-98.499046
2819.176383	17363.985833	1900.780273	-83.870346
2819.176383	17363.985833	1899.797852	64.546333
2819.176383	17363.985833	1898.815430	28.082314
2819.176383	17363.985833	1897.832031	105.922005
2819.176383	17363.985833	1896.849609	-32.630310
2819.176383	17363.985833	1895.866211	6.311989
2819.176383	17363.985833	1894.882813	86.557144
2819.176383	17363.985833	1893.898438	62.297832
2819.176383	17363.985833	1892.915039	-5.677366
2819.176383	17363.985833	1891.930664	186.259354
2819.176383	17363.985833	1890.947266	52.723213
2819.176383	17363.985833	1889.962891	26.066120
2819.176383	17363.985833	1888.977539	69.815575
2819.176383	17363.985833	1887.993164	-44.209145
2819.176383	17363.985833	1887.007813	-87.822166
2819.176383	17363.985833	1886.023438	-41.657822
2819.176383	17363.985833	1885.038086	-39.175289
2819.176383	17363.985833	1884.051758	60.310104
2819.176383	17363.985833	1883.066406	-9.980024
2819.176383	17363.985833	1882.081055	45.811935
2819.176383	17363.985833	1881.094727	36.132915
2819.176383	17363.985833	1880.108398	87.033714
2819.176383	17363.985833	1879.122070	-92.271233
2819.176383	17363.985833	1878.135742	-46.230087
2819.176383	17363.985833	1877.148438	-41.390602
2819.176383	17363.985833	1876.162109	-63.202942
2819.176383	17363.985833	1875.174805	147.406708
2819.176383	17363.985833	1874.187500	19.032164
2819.176383	17363.985833	1873.199219	-22.180565
2819.176383	17363.985833	1872.211914	16.456642
2819.176383	17363.985833	1871.223633	84.095116
2819.176383	17363.985833	1870.236328	96.056343
2819.176383	17363.985833	1869.248047	-37.107044
2819.176383	17363.985833	1868.258789	37.702126
2819.176383	17363.985833	1867.270508	105.209732
2819.176383	17363.985833	1866.282227	102.577354
2819.176383	17363.985833	1865.292969	25.010920
2819.176383	17363.985833	1864.303711	48.926651
2819.176383	17363.985833	1863.314453	-142.184174
2819.176383	17363.985833	1862.324219	-33.761696
2819.176383	17363.985833	1861.334961	62.519367
2819.176383	17363.985833	1860.344727	81.480309
2819.176383	17363.985833	1859.354492	97.992554
2819.176383	17363.985833	1858.364258	39.654812
2819.176383	17363.985833	1857.374023	82.652718
2819.176383	17363.985833	1856.383789	4.979508
2819.176383	17363.985833	1855.392578	84.086472
2819.176383	17363.985833	1854.401367	102.842270
2819.176383	17363.985833	1853.410156	61.279217
2819.176383	17363.985833	1852.418945	58.268021
2819.176383	17363.985833	1851.426758	55.223717
2819.176383	17363.985833	1850.435547	49.734005
2819.176383	17363.985833	1849.443359	34.572666
2819.176383	17363.985833	1848.451172	21.788269
2819.176383	17363.985833	1847.458984	-10.297276
2819.176383	17363.985833	1846.466797	123.738525
2819.176383	17363.985833	1845.473633	-28.809116
2819.176383	17363.985833	1844.480469	83.435204
2819.176383	17363.985833	1843.487305	58.418419
2819.176383	17363.985833	1842.494141	83.897522
2819.176383	17363.985833	1841.500977	87.671989
2819.176383	17363.985833	1840.506836	-26.456297
2819.176383	17363.985833	1839.513672	-128.563248
2819.176383	17363.985833	1838.519531	65.055252
2819.176383	17363.985833	1837.525391	34.992245
2819.176383	17363.985833	1836.530273	57.768192
2819.176383	17363.985833	1835.536133	118.934540
2819.176383	17363.985833	1834.541016	-36.198975
2819.176383	17363.985833	1833.545898	56.088833
2819.176383	17363.985833	1832.550781	-27.027487
2819.176383	17363.985833	1831.555664	-14.117500
2819.176383	17363.985833	1830.560547	109.168167
2819.176383	17363.985833	1829.564453	155.545013
2819.176383	17363.985833	1828.568359	-59.729351
2819.176383	17363.985833	1827.572266	-23.044298
2819.176383	17363.985833	1826.576172	-22.412708
2819.176383	17363.985833	1825.580078	35.725788
2819.176383	17363.985833	1824.583008	81.794472
2819.176383	17363.985833	1823.585938	-47.232925
2819.176383	17363.985833	1822.588867	3.512106
2819.176383	17363.985833	1821.591797	80.542122
2819.176383	17363.985833	1820.594727	13.711977
2819.176383	17363.985833	1819.596680	124.130745
2819.176383	17363.985833	1818.599609	93.125778
2819.176383	17363.985833	1817.601563	47.700455
2819.176383	17363.985833	1816.603516	-95.939552
2819.176383	17363.985833	1815.604492	-76.801575
2819.176383	17363.985833	1814.606445	66.727898
2819.176383	17363.985833	1813.607422	-0.448763
2819.176383	17363.985833	1812.608398	90.244987
2819.176383	17363.985833	1811.609375	-99.038528
2819.176383	17363.985833	1810.610352	34.559074
2819.176383	17363.985833	1809.610352	-97.386841
2819.176383	17363.985833	1808.611328	24.073515
2819.176383	17363.985833	1807.611328	-7.561499
2819.176383	17363.985833	1806.611328	65.902306
2819.176383	17363.985833	1805.610352	10.239305
2819.176383	17363.985833	1804.610352	14.254338
2819.176383	17363.985833	1803.609375	13.419906
2819.176383	17363.985833	1802.608398	72.217613
2819.176383	17363.985833	1801.607422	52.131924
2819.176383	17363.985833	1800.606445	-20.534319
2819.176383	17363.985833	1799.605469	-50.283436
2819.176383	17363.985833	1798.603516	-32.369759
2819.176383	17363.985833	1797.601563	88.054932
2819.176383	17363.985833	1796.599609	0.835998
2819.176383	17363.985833	1795.597656	61.441387
2819.176383	17363.985833	1794.595703	-49.729305
2819.176383	17363.985833	1793.592773	-1.206082
2819.176383	17363.985833	1792.589844	-7.596379
2819.176383	17363.985833	1791.587891	-154.658218
2819.176383	17363.985833	1790.583984	55.652401
2819.176383	17363.985833	1789.581055	65.707481
2819.176383	17363.985833	1788.577148	42.336533
2819.176383	17363.985833	1787.574219	26.046167
2819.176383	17363.985833	1786.570313	-147.451553
2819.176383	17363.985833	1785.566406	-232.885056
2819.176383	17363.985833	1784.561523	-177.948944
2819.176383	17363.985833	1783.557617	-54.101315
2819.176383	17363.985833	1782.552734	-77.880615
2819.176383	17363.985833	1781.547852	-139.784973
2819.176383	17363.985833	1780.542969	-32.895081
2819.176383	17363.985833	1779.538086	-42.628529
2819.176383	17363.985833	1778.532227	-102.361427
2819.176383	17363.985833	1777.527344	89.793808
2819.176383	17363.985833	1776.521484	20.398989
2819.176383	17363.985833	1775.515625	31.732882
2819.176383	17363.985833	1774.508789	-44.910450
2819.176383	17363.985833	1773.502930	-40.848354
2819.176383	17363.985833	1772.496094	-29.746603
2819.176383	17363.985833	1771.489258	-30.597082
2819.176383	17363.985833	1770.482422	61.046005
2819.176383	17363.985833	1769.475586	-8.798771
2819.176383	17363.985833	1768.467773	-59.718086
2819.176383	17363.985833	1767.460938	-158.136734
2819.176383	17363.985833	1766.453125	-173.587006
2819.176383	17363.985833	1765.445313	-20.742397
2819.176383	17363.985833	1764.437500	-36.368473
2819.176383	17363.985833	1763.428711	-87.628868
2819.176383	17363.985833	1762.420898	86.208679
2819.176383	17363.985833	1761.412109	-24.449837
2819.176383	17363.985833	1760.403320	30.693211
2819.176383	17363.985833	1759.393555	-108.497734
2819.176383	17363.985833	1758.384766	5.690687
2819.176383	17363.985833	1757.375000	36.881214
2819.176383	17363.985833	1756.366211	6.437912
2819.176383	17363.985833	1755.356445	-97.449364
2819.176383	17363.985833	1754.345703	-28.631702
2819.176383	17363.985833	1753.335938	118.164604
2819.176383	17363.985833	1752.325195	42.464951
2819.176383	17363.985833	1751.315430	23.484774
2819.176383	17363.985833	1750.304688	-80.696106
2819.176383	17363.985833	1749.292969	70.408676
2819.176383	17363.985833	1748.282227	-38.621212
2819.176383	17363.985833	1747.270508	39.005573
2819.176383	17363.985833	1746.259766	-8.695456
2819.176383	17363.985833	1745.248047	-87.170029
2819.176383	17363.985833	1744.235352	-47.601631
2819.176383	17363.985833	1743.223633	53.281555
2819.176383	17363.985833	1742.211914	-1.774500
2819.176383	17363.985833	1741.199219	-33.284843
2819.176383	17363.985833	1740.186523	8.305682
2819.176383	17363.985833	1739.173828	85.202034
2819.176383	17363.985833	1738.160156	95.930992
2819.176383	17363.985833	1737.147461	-58.522820
2819.176383	17363.985833	1736.133789	62.924011
2819.176383	17363.985833	1735.120117	-18.523066
2819.176383	17363.985833	1734.106445	1.357074
2819.176383	17363.985833	1733.091797	-16.559950
2819.176383	17363.985833	1732.078125	-34.534393
2819.176383	17363.985833	1731.063477	3.965753
2819.176383	17363.985833	1730.048828	-18.865387
2819.176383	17363.985833	1729.034180	33.607422
2819.176383	17363.985833	1728.019531	-41.163189
2819.176383	17363.985833	1727.003906	-26.520191
2819.176383	17363.985833	1725.988281	51.600952
2819.176383	17363.985833	1724.972656	49.609932
2819.176383	17363.985833	1723.957031	-110.091850
2819.176383	17363.985833	1722.941406	-93.366180
2819.176383	17363.985833	1721.924805	66.750854
2819.176383	17363.985833	1720.909180	33.920898
2819.176383	17363.985833	1719.892578	-3.672478
2819.176383	17363.985833	1718.875977	-24.861698
2819.176383	17363.985833	1717.858398	-46.116169
2819.176383	17363.985833	1716.841797	-86.216110
2819.176383	17363.985833	1715.824219	-39.448597
2819.176383	17363.985833	1714.806641	-27.994423
2819.176383	17363.985833	1713.789063	82.025444
2819.176383	17363.985833	1712.770508	48.707764
2819.176383	17363.985833	1711.752930	1.265114
2819.176383	17363.985833	1710.734375	209.599838
2819.176383	17363.985833	1709.715820	65.804420
2819.176383	17363.985833	1708.697266	142.543091
2819.176383	17363.985833	1707.678711	5.734469
2819.176383	17363.985833	1706.659180	23.697704
2819.176383	17363.985833	1705.640625	210.430740
2819.176383	17363.985833	1704.621094	85.227890
2819.176383	17363.985833	1703.600586	9.229353
2819.176383	17363.985833	1702.581055	83.194138
2819.176383	17363.985833	1701.561523	152.389557
2819.176383	17363.985833	1700.541016	120.765373
2819.176383	17363.985833	1699.520508	217.915146
2819.176383	17363.985833	1698.500000	125.300560
2819.176383	17363.985833	1697.478516	175.473755
2819.176383	17363.985833	1696.458008	176.428757
2819.176383	17363.985833	1695.436523	252.213470
2819.176383	17363.985833	1694.415039	152.429565
2819.176383	17363.985833	1693.393555	45.616344
2819.176383	17363.985833	1692.372070	46.387383
2819.176383	17363.985833	1691.349609	194.425980
2819.176383	17363.985833	1690.327148	96.865227
2819.176383	17363.985833	1689.304688	347.597992
2819.176383	17363.985833	1688.282227	133.094818
2819.176383	17363.985833	1687.259766	42.474144
2819.176383	17363.985833	1686.236328	262.556793
2819.176383	17363.985833	1685.213867	43.389053
2819.176383	17363.985833	1684.190430	125.514549
2819.176383	17363.985833	1683.166016	149.183990
2819.176383	17363.985833	1682.142578	343.228058
2819.176383	17363.985833	1681.119141	168.383545
2819.176383	17363.985833	1680.094727	166.240616
2819.176383	17363.985833	1679.070313	231.719971
2819.176383	17363.985833	1678.045898	255.147644
2819.176383	17363.985833	1677.020508	161.909134
2819.176383	17363.985833	1675.996094	322.841888
2819.176383	17363.985833	1674.970703	325.137939
2819.176383	17363.985833	1673.945313	157.245499
2819.176383	17363.985833	1672.919922	324.963287
2819.176383	17363.985833	1671.893555	240.937393
2819.176383	17363.985833	1670.868164	257.090576
2819.176383	17363.985833	1669.841797	175.375793
2819.176383	17363.985833	1668.815430	198.448975
2819.176383	17363.985833	1667.789063	256.406677
2819.176383	17363.985833	1666.761719	318.958405
2819.176383	17363.985833	1665.735352	197.613556
2819.176383	17363.985833	1664.708008	101.873741
2819.176383	17363.985833	1663.680664	315.551727
2819.176383	17363.985833	1662.653320	301.181610
2819.176383	17363.985833	1661.625000	303.060669
2819.176383	17363.985833	1660.597656	446.751801
2819.176383	17363.985833	1659.569336	239.344254
2819.176383	17363.985833	1658.541016	399.206116
2819.176383	17363.985833	1657.512695	296.410095
2819.176383	17363.985833	1656.483398	319.077576
2819.176383	17363.985833	1655.455078	388.183258
2819.176383	17363.985833	1654.425781	552.448608
2819.176383	17363.985833	1653.396484	301.017181
2819.176383	17363.985833	1652.366211	381.620209
2819.176383	17363.985833	1651.336914	573.593811
2819.176383	17363.985833	1650.306641	435.953278
2819.176383	17363.985833	1649.276367	391.154785
2819.176383	17363.985833	1648.246094	492.498016
2819.176383	17363.985833	1647.215820	535.810059
2819.176383	17363.985833	1646.185547	708.943970
2819.176383	17363.985833	1645.154297	668.707520
2819.176383	17363.985833	1644.123047	834.764893
2819.176383	17363.985833	1643.091797	629.967651
2819.176383	17363.985833	1642.060547	703.274658
2819.176383	17363.985833	1641.028320	748.738953
2819.176383	17363.985833	1639.997070	685.336426
2819.176383	17363.985833	1638.964844	860.448914
2819.176383	17363.985833	1637.931641	776.183350
2819.176383	17363.985833	1636.899414	641.035156
2819.176383	17363.985833	1635.867188	783.646667
2819.176383	17363.985833	1634.833984	815.129028
2819.176383	17363.985833	1633.800781	689.291809
2819.176383	17363.985833	1632.767578	834.113098
2819.176383	17363.985833	1631.734375	854.007813
2819.176383	17363.985833	1630.700195	825.335144
2819.176383	17363.985833	1629.666016	826.727051
2819.176383	17363.985833	1628.631836	830.434387
2819.176383	17363.985833	1627.597656	757.893677
2819.176383	17363.985833	1626.563477	951.061340
2819.176383	17363.985833	1625.528320	963.990051
2819.176383	17363.985833	1624.493164	903.023499
2819.176383	17363.985833	1623.458008	1158.403320
2819.176383	17363.985833	1622.422852	1014.339539
2819.176383	17363.985833	1621.387695	1038.823608
2819.176383	17363.985833	1620.351563	1028.687134
2819.176383	17363.985833	1619.315430	1235.430908
2819.176383	17363.985833	1618.279297	1100.729370
2819.176383	17363.985833	1617.243164	1187.486572
2819.176383	17363.985833	1616.207031	1172.773804
2819.176383	17363.985833	1615.169922	1185.736450
2819.176383	17363.985833	1614.132813	1267.854980
2819.176383	17363.985833	1613.095703	1375.308472
2819.176383	17363.985833	1612.058594	1222.396240
2819.176383	17363.985833	1611.020508	1398.949707
2819.176383	17363.985833	1609.983398	1428.072144
2819.176383	17363.985833	1608.945313	1282.198242
2819.176383	17363.985833	1607.907227	1299.855591
2819.176383	17363.985833	1606.868164	1379.665161
2819.176383	17363.985833	1605.830078	1332.909302
2819.176383	17363.985833	1604.791016	1343.707642
2819.176383	17363.985833	1603.751953	1432.738037
2819.176383	17363.985833	1602.712891	1441.266113
2819.176383	17363.985833	1601.673828	1401.529907
2819.176383	17363.985833	1600.633789	1490.571289
2819.176383	17363.985833	1599.594727	1531.348145
2819.176383	17363.985833	1598.554688	1544.553833
2819.176383	17363.985833	1597.513672	1341.796509
2819.176383	17363.985833	1596.473633	1350.502930
2819.176383	17363.985833	1595.433594	1393.689331
2819.176383	17363.985833	1594.392578	1278.438965
2819.176383	17363.985833	1593.351563	1438.770020
2819.176383	17363.985833	1592.310547	1335.104126
2819.176383	17363.985833	1591.268555	1323.302856
2819.176383	17363.985833	1590.227539	1286.313843
2819.176383	17363.985833	1589.185547	1258.544556
2819.176383	17363.985833	1588.143555	1356.972046
2819.176383	17363.985833	1587.100586	1193.973755
2819.176383	17363.985833	1586.058594	1168.650024
2819.176383	17363.985833	1585.015625	1372.594482
2819.176383	17363.985833	1583.972656	1271.691162
2819.176383	17363.985833	1582.929688	1342.722168
2819.176383	17363.985833	1581.886719	1457.297607
2819.176383	17363.985833	1580.843750	1244.335205
2819.176383	17363.985833	1579.799805	1304.005371
2819.176383	17363.985833	1578.755859	1446.121826
2819.176383	17363.985833	1577.711914	1537.869751
2819.176383	17363.985833	1576.666992	1441.950195
2819.176383	17363.985833	1575.623047	1481.130493
2819.176383	17363.985833	1574.578125	1293.845947
2819.176383	17363.985833	1573.533203	1385.738892
2819.176383	17363.985833	1572.488281	1322.139160
2819.176383	17363.985833	1571.443359	1313.489868
2819.176383	17363.985833	1570.397461	1430.617310
2819.176383	17363.985833	1569.351563	1351.195557
2819.176383	17363.985833	1568.305664	1255.864258
2819.176383	17363.985833	1567.259766	1199.462891
2819.176383	17363.985833	1566.213867	1261.916870
2819.176383	17363.985833	1565.166992	1271.869141
2819.176383	17363.985833	1564.120117	1122.043457
2819.176383	17363.985833	1563.073242	1104.738281
2819.176383	17363.985833	1562.026367	1146.840210
2819.176383	17363.985833	1560.978516	1175.286133
2819.176383	17363.985833	1559.930664	1123.926514
2819.176383	17363.985833	1558.883789	1154.774048
2819.176383	17363.985833	1557.834961	975.839539
2819.176383	17363.985833	1556.787109	1077.502930
2819.176383	17363.985833	1555.739258	1172.349854
2819.176383	17363.985833	1554.690430	1121.342773
2819.176383	17363.985833	1553.641602	1134.225464
2819.176383	17363.985833	1552.592773	1167.673462
2819.176383	17363.985833	1551.542969	1046.266724
2819.176383	17363.985833	1550.494141	1207.386963
2819.176383	17363.985833	1549.444336	1190.895020
2819.176383	17363.985833	1548.394531	1215.454102
2819.176383	17363.985833	1547.344727	978.317749
2819.176383	17363.985833	1546.293945	1128.200073
2819.176383	17363.985833	1545.244141	968.668701
2819.176383	17363.985833	1544.193359	1093.608398
2819.176383	17363.985833	1543.142578	952.473145
2819.176383	17363.985833	1542.090820	825.100342
2819.176383	17363.985833	1541.040039	831.988708
2819.176383	17363.985833	1539.988281	875.305725
2819.176383	17363.985833	1538.936523	939.130981
2819.176383	17363.985833	1537.884766	850.773682
2819.176383	17363.985833	1536.833008	844.303528
2819.176383	17363.985833	1535.780273	649.395325
2819.176383	17363.985833	1534.727539	579.528748
2819.176383	17363.985833	1533.674805	566.521606
2819.176383	17363.985833	1532.622070	603.531677
2819.176383	17363.985833	1531.569336	683.721436
2819.176383	17363.985833	1530.515625	562.013062
2819.176383	17363.985833	1529.461914	692.233398
2819.176383	17363.985833	1528.408203	411.963104
2819.176383	17363.985833	1527.354492	492.430054
2819.176383	17363.985833	1526.299805	441.441864
2819.176383	17363.985833	1525.246094	417.759644
2819.176383	17363.985833	1524.191406	500.674011
2819.176383	17363.985833	1523.136719	651.610107
2819.176383	17363.985833	1522.081055	381.203491
2819.176383	17363.985833	1521.026367	394.104645
2819.176383	17363.985833	1519.970703	425.191315
2819.176383	17363.985833	1518.915039	458.611389
2819.176383	17363.985833	1517.859375	277.061493
2819.176383	17363.985833	1516.802734	480.391418
2819.176383	17363.985833	1515.747070	382.791901
2819.176383	17363.985833	1514.690430	335.078827
2819.176383	17363.985833	1513.633789	359.845062
2819.176383	17363.985833	1512.577148	264.834503
2819.176383	17363.985833	1511.519531	224.201981
2819.176383	17363.985833	1510.461914	265.046356
2819.176383	17363.985833	1509.405273	287.884216
2819.176383	17363.985833	1508.346680	75.796410
2819.176383	17363.985833	1507.289063	218.561005
2819.176383	17363.985833	1506.231445	137.748428
2819.176383	17363.985833	1505.172852	20.919178
2819.176383	17363.985833	1504.114258	231.595917
2819.176383	17363.985833	1503.055664	126.254005
2819.176383	17363.985833	1501.996094	88.743202
2819.176383	17363.985833	1500.937500	306.311951
2819.176383	17363.985833	1499.877930	142.621124
2819.176383	17363.985833	1498.818359	87.348190
2819.176383	17363.985833	1497.757813	77.283180
2819.176383	17363.985833	1496.698242	157.498550
2819.176383	17363.985833	1495.637695	152.108902
2819.176383	17363.985833	1494.577148	70.183937
2819.176383	17363.985833	1493.516602	114.564148
2819.176383	17363.985833	1492.456055	147.752136
2819.176383	17363.985833	1491.394531	39.113583
2819.176383	17363.985833	1490.333008	27.441446
2819.176383	17363.985833	1489.271484	191.479019
2819.176383	17363.985833	1488.209961	-15.878541
2819.176383	17363.985833	1487.148438	-173.550095
2819.176383	17363.985833	1486.085938	-121.808716
2819.176383	17363.985833	1485.023438	76.232819
2819.176383	17363.985833	1483.960938	-63.099243
2819.176383	17363.985833	1482.898438	126.038452
2819.176383	17363.985833	1481.834961	54.381416
2819.176383	17363.985833	1480.772461	-26.139240
2819.176383	17363.985833	1479.708984	-99.795654
2819.176383	17363.985833	1478.644531	71.575569
2819.176383	17363.985833	1477.581055	-89.472443
2819.176383	17363.985833	1476.517578	-25.802677
2819.176383	17363.985833	1475.453125	-63.105423
2819.176383	17363.985833	1474.388672	104.029053
2819.176383	17363.985833	1473.323242	105.065895
2819.176383	17363.985833	1472.258789	177.966019
2819.176383	17363.985833	1471.193359	53.660763
2819.176383	17363.985833	1470.127930	182.654190
2819.176383	17363.985833	1469.062500	201.921890
2819.176383	17363.985833	1467.997070	259.438873
2819.176383	17363.985833	1466.930664	330.500397
2819.176383	17363.985833	1465.865234	155.165405
2819.176383	17363.985833	1464.798828	414.295868
2819.176383	17363.985833	1463.731445	353.426178
2819.176383	17363.985833	1462.665039	404.527863
2819.176383	17363.985833	1461.597656	390.949707
2819.176383	17363.985833	1460.530273	383.861450
2819.176383	17363.985833	1459.462891	301.266937
2819.176383	17363.985833	1458.395508	520.154297
2819.176383	17363.985833	1457.327148	613.975281
2819.176383	17363.985833	1456.259766	321.678711
2819.176383	17363.985833	1455.191406	272.927948
2819.176383	17363.985833	1454.123047	289.030823
2819.176383	17363.985833	1453.053711	251.246918
2819.176383	17363.985833	1451.985352	244.909760
2819.176383	17363.985833	1450.916016	283.747192
2819.176383	17363.985833	1449.846680	329.353333
2819.176383	17363.985833	1448.776367	86.748848
2819.176383	17363.985833	1447.707031	256.701080
2819.176383	17363.985833	1446.636719	265.636780
2819.176383	17363.985833	1445.566406	81.035461
2819.176383	17363.985833	1444.496094	163.510666
2819.176383	17363.985833	1443.425781	232.400589
2819.176383	17363.985833	1442.354492	199.770248
2819.176383	17363.985833	1441.283203	159.643188
2819.176383	17363.985833	1440.211914	186.815109
2819.176383	17363.985833	1439.140625	82.421478
2819.176383	17363.985833	1438.069336	136.665680
2819.176383	17363.985833	1436.997070	111.796242
2819.176383	17363.985833	1435.924805	72.014465
2819.176383	17363.985833	1434.852539	94.338661
2819.176383	17363.985833	1433.780273	-63.926281
2819.176383	17363.985833	1432.707031	-146.282516
2819.176383	17363.985833	1431.633789	-104.383080
2819.176383	17363.985833	1430.560547	-93.329834
2819.176383	17363.985833	1429.487305	-9.840351
2819.176383	17363.985833	1428.413086	37.419430
2819.176383	17363.985833	1427.339844	-83.850342
2819.176383	17363.985833	1426.265625	-295.944519
2819.176383	17363.985833	1425.191406	-170.920975
2819.176383	17363.985833	1424.116211	-188.207550
2819.176383	17363.985833	1423.041992	-11.268798
2819.176383	17363.985833	1421.966797	-51.572334
2819.176383	17363.985833	1420.891602	-32.015213
2819.176383	17363.985833	1419.816406	-26.597311
2819.176383	17363.985833	1418.740234	-42.382343
2819.176383	17363.985833	1417.665039	37.488522
2819.176383	17363.985833	1416.588867	100.169525
2819.176383	17363.985833	1415.512695	151.762695
2819.176383	17363.985833	1414.435547	36.817890
2819.176383	17363.985833	1413.359375	104.551193
2819.176383	17363.985833	1412.282227	97.253677
2819.176383	17363.985833	1411.205078	171.734070
2819.176383	17363.985833	1410.127930	94.545181
2819.176383	17363.985833	1409.049805	299.845612
2819.176383	17363.985833	1407.972656	395.829651
2819.176383	17363.985833	1406.894531	215.576233
2819.176383	17363.985833	1405.816406	221.688568
2819.176383	17363.985833	1404.737305	297.871948
2819.176383	17363.985833	1403.659180	253.968948
2819.176383	17363.985833	1402.580078	225.603027
2819.176383	17363.985833	1401.500977	290.132477
2819.176383	17363.985833	1400.421875	320.398132
2819.176383	17363.985833	1399.341797	323.835541
2819.176383	17363.985833	1398.262695	459.329071
2819.176383	17363.985833	1397.182617	463.313904
2819.176383	17363.985833	1396.102539	504.401306
2819.176383	17363.985833	1395.021484	311.806915
2819.176383	17363.985833	1393.941406	316.362274
2819.176383	17363.985833	1392.860352	436.324829
2819.176383	17363.985833	1391.779297	340.399872
2819.176383	17363.985833	1390.698242	352.298279
2819.176383	17363.985833	1389.616211	315.787231
2819.176383	17363.985833	1388.535156	601.024780
2819.176383	17363.985833	1387.453125	470.517487
2819.176383	17363.985833	1386.371094	476.939545
2819.176383	17363.985833	1385.288086	432.052032
2819.176383	17363.985833	1384.206055	364.021637
2819.176383	17363.985833	1383.123047	338.961517
2819.176383	17363.985833	1382.040039	321.243225
2819.176383	17363.985833	1380.957031	414.414581
2819.176383	17363.985833	1379.873047	431.466980
2819.176383	17363.985833	1378.789063	344.692200
2819.176383	17363.985833	1377.705078	383.466675
2819.176383	17363.985833	1376.621094	414.032959
2819.176383	17363.985833	1375.537109	596.425659
2819.176383	17363.985833	1374.452148	358.734589
2819.176383	17363.985833	1373.367188	477.289764
2819.176383	17363.985833	1372.282227	621.676147
2819.176383	17363.985833	1371.197266	589.123962
2819.176383	17363.985833	1370.112305	413.858856
2819.176383	17363.985833	1369.026367	513.853149
2819.176383	17363.985833	1367.940430	508.150452
2819.176383	17363.985833	1366.854492	541.647644
2819.176383	17363.985833	1365.767578	552.051636
2819.176383	17363.985833	1364.681641	488.836517
2819.176383	17363.985833	1363.594727	535.978760
2819.176383	17363.985833	1362.507813	462.851257
2819.176383	17363.985833	1361.419922	511.628479
2819.176383	17363.985833	1360.333008	412.524231
2819.176383	17363.985833	1359.245117	365.023743
2819.176383	17363.985833	1358.157227	519.517761
2819.176383	17363.985833	1357.069336	473.848480
2819.176383	17363.985833	1355.981445	378.086487
2819.176383	17363.985833	1354.892578	605.879211
2819.176383	17363.985833	1353.803711	566.961853
2819.176383	17363.985833	1352.714844	352.806976
2819.176383	17363.985833	1351.625000	448.707581
2819.176383	17363.985833	1350.536133	584.951233
2819.176383	17363.985833	1349.446289	693.434692
2819.176383	17363.985833	1348.356445	685.248962
2819.176383	17363.985833	1347.266602	729.063721
2819.176383	17363.985833	1346.175781	794.416504
2819.176383	17363.985833	1345.085938	800.008789
2819.176383	17363.985833	1343.995117	862.798950
2819.176383	17363.985833	1342.903320	787.693665
2819.176383	17363.985833	1341.812500	701.043701
2819.176383	17363.985833	1340.720703	839.081055
2819.176383	17363.985833	1339.629883	842.650452
2819.176383	17363.985833	1338.538086	785.167664
2819.176383	17363.985833	1337.445313	781.797119
2819.176383	17363.985833	1336.353516	855.026001
2819.176383	17363.985833	1335.260742	969.486938
2819.176383	17363.985833	1334.167969	758.877319
2819.176383	17363.985833	1333.075195	762.340027
2819.176383	17363.985833	1331.981445	831.869934
2819.176383	17363.985833	1330.888672	685.553833
2819.176383	17363.985833	1329.794922	705.136719
2819.176383	17363.985833	1328.701172	817.540771
2819.176383	17363.985833	1327.606445	705.813782
2819.176383	17363.985833	1326.512695	740.597839
2819.176383	17363.985833	1325.417969	757.830200
2819.176383	17363.985833	1324.323242	640.668152
2819.176383	17363.985833	1323.227539	624.521973
2819.176383	17363.985833	1322.132813	588.173218
2819.176383	17363.985833	1321.037109	538.062195
2819.176383	17363.985833	1319.941406	623.458923
2819.176383	17363.985833	1318.845703	558.359802
2819.176383	17363.985833	1317.750000	476.000458
2819.176383	17363.985833	1316.653320	735.326538
2819.176383	17363.985833	1315.556641	516.794006
2819.176383	17363.985833	1314.459961	464.723358
2819.176383	17363.985833	1313.363281	456.670624
2819.176383	17363.985833	1312.265625	570.355957
2819.176383	17363.985833	1311.167969	493.240967
2819.176383	17363.985833	1310.070313	510.548645
2819.176383	17363.985833	1308.972656	545.295410
2819.176383	17363.985833	1307.874023	570.576477
2819.176383	17363.985833	1306.776367	506.512329
2819.176383	17363.985833	1305.677734	474.079346
2819.176383	17363.985833	1304.579102	454.901611
2819.176383	17363.985833	1303.479492	455.532013
2819.176383	17363.985833	1302.380859	498.728027
2819.176383	17363.985833	1301.281250	426.707886
2819.176383	17363.985833	1300.181641	428.261139
2819.176383	17363.985833	1299.081055	464.769836
2819.176383	17363.985833	1297.981445	184.172501
2819.176383	17363.985833	1296.880859	342.480469
2819.176383	17363.985833	1295.780273	219.483673
2819.176383	17363.985833	1294.679688	306.149750
2819.176383	17363.985833	1293.578125	401.042938
2819.176383	17363.985833	1292.476563	270.340851
2819.176383	17363.985833	1291.375000	160.741043
2819.176383	17363.985833	1290.273438	197.578796
2819.176383	17363.985833	1289.171875	251.717224
2819.176383	17363.985833	1288.069336	248.362762
2819.176383	17363.985833	1286.966797	204.217834
2819.176383	17363.985833	1285.864258	52.119675
2819.176383	17363.985833	1284.761719	215.665268
2819.176383	17363.985833	1283.658203	166.851181
2819.176383	17363.985833	1282.554688	119.017464
2819.176383	17363.985833	1281.451172	133.806519
2819.176383	17363.985833	1280.347656	231.780716
2819.176383	17363.985833	1279.244141	320.666412
2819.176383	17363.985833	1278.139648	318.223938
2819.176383	17363.985833	1277.035156	336.041809
2819.176383	17363.985833	1275.930664	233.118896
2819.176383	17363.985833	1274.825195	330.311707
2819.176383	17363.985833	1273.720703	212.363831
2819.176383	17363.985833	1272.615234	253.597321
2819.176383	17363.985833	1271.508789	302.962250
2819.176383	17363.985833	1270.403320	181.486328
2819.176383	17363.985833	1269.297852	246.399139
2819.176383	17363.985833	1268.191406	353.072876
2819.176383	17363.985833	1267.084961	290.298157
2819.176383	17363.985833	1265.977539	165.577591
2819.176383	17363.985833	1264.871094	194.430511
2819.176383	17363.985833	1263.763672	314.020416
2819.176383	17363.985833	1262.656250	230.420181
2819.176383	17363.985833	1261.548828	267.453400
2819.176383	17363.985833	1260.440430	240.467850
2819.176383	17363.985833	1259.333008	213.306198
2819.176383	17363.985833	1258.224609	152.459076
2819.176383	17363.985833	1257.115234	44.234947
2819.176383	17363.985833	1256.006836	236.481354
2819.176383	17363.985833	1254.897461	195.367645
2819.176383	17363.985833	1253.788086	52.452557
2819.176383	17363.985833	1252.678711	65.122696
2819.176383	17363.985833	1251.569336	216.996628
2819.176383	17363.985833	1250.458984	213.370895
2819.176383	17363.985833	1249.349609	128.006149
2819.176383	17363.985833	1248.239258	121.064903
2819.176383	17363.985833	1247.127930	1.061707
2819.176383	17363.985833	1246.017578	121.882744
2819.176383	17363.985833	1244.906250	142.118729
2819.176383	17363.985833	1243.794922	218.004700
2819.176383	17363.985833	1242.683594	222.267181
2819.176383	17363.985833	1241.571289	116.766640
2819.176383	17363.985833	1240.459961	129.915222
2819.176383	17363.985833	1239.347656	140.342163
2819.176383	17363.985833	1238.234375	153.534698
2819.176383	17363.985833	1237.122070	277.718506
2819.176383	17363.985833	1236.008789	225.000290
2819.176383	17363.985833	1234.896484	266.848022
2819.176383	17363.985833	1233.782227	275.486145
2819.176383	17363.985833	1232.668945	179.115433
2819.176383	17363.985833	1231.555664	296.979156
2819.176383	17363.985833	1230.441406	208.344437
2819.176383	17363.985833	1229.327148	125.677971
2819.176383	17363.985833	1228.211914	159.534012
2819.176383	17363.985833	1227.097656	74.796669
2819.176383	17363.985833	1225.982422	181.048096
2819.176383	17363.985833	1224.867188	72.762833
2819.176383	17363.985833	1223.751953	106.184052
2819.176383	17363.985833	1222.635742	71.338104
2819.176383	17363.985833	1221.520508	143.612732
2819.176383	17363.985833	1220.404297	56.444405
2819.176383	17363.985833	1219.287109	-15.727923
2819.176383	17363.985833	1218.170898	67.216003
2819.176383	17363.985833	1217.053711	29.986507
2819.176383	17363.985833	1215.936523	107.734581
2819.176383	17363.985833	1214.819336	155.904587
2819.176383	17363.985833	1213.702148	201.097656
2819.176383	17363.985833	1212.583984	224.611496
2819.176383	17363.985833	1211.465820	130.664581
2819.176383	17363.985833	1210.347656	221.346802
2819.176383	17363.985833	1209.229492	286.716827
2819.176383	17363.985833	1208.110352	238.278839
2819.176383	17363.985833	1206.992188	166.331284
2819.176383	17363.985833	1205.873047	244.330719
2819.176383	17363.985833	1204.752930	248.726868
2819.176383	17363.985833	1203.633789	214.592224
2819.176383	17363.985833	1202.513672	211.776794
2819.176383	17363.985833	1201.393555	151.114990
2819.176383	17363.985833	1200.273438	195.651337
2819.176383	17363.985833	1199.152344	124.049576
2819.176383	17363.985833	1198.032227	144.216919
2819.176383	17363.985833	1196.911133	56.227768
2819.176383	17363.985833	1195.790039	75.561707
2819.176383	17363.985833	1194.667969	180.613815
2819.176383	17363.985833	1193.545898	66.503387
2819.176383	17363.985833	1192.424805	37.509930
2819.176383	17363.985833	1191.301758	1.444341
2819.176383	17363.985833	1190.179688	57.468189
2819.176383	17363.985833	1189.056641	73.556450
2819.176383	17363.985833	1187.933594	83.228455
2819.176383	17363.985833	1186.810547	107.398911
2819.176383	17363.985833	1185.687500	-10.928597
2819.176383	17363.985833	1184.563477	62.056370
2819.176383	17363.985833	1183.440430	14.893594
2819.176383	17363.985833	1182.316406	18.796040
2819.176383	17363.985833	1181.191406	-60.532082
2819.176383	17363.985833	1180.067383	-45.627472
2819.176383	17363.985833	1178.942383	-120.367165
2819.176383	17363.985833	1177.817383	-76.028893
2819.176383	17363.985833	1176.692383	-31.531410
2819.176383	17363.985833	1175.566406	-66.557129
2819.176383	17363.985833	1174.440430	-37.336346
2819.176383	17363.985833	1173.314453	-44.550957
2819.176383	17363.985833	1172.188477	9.503371
2819.176383	17363.985833	1171.062500	-71.174591
2819.176383	17363.985833	1169.935547	-50.221016
2819.176383	17363.985833	1168.808594	96.922089
2819.176383	17363.985833	1167.681641	-23.708420
2819.176383	17363.985833	1166.553711	-31.307367
2819.176383	17363.985833	1165.426758	-84.035606
2819.176383	17363.985833	1164.298828	-7.237685
2819.176383	17363.985833	1163.170898	-91.631317
2819.176383	17363.985833	1162.041992	-131.153137
2819.176383	17363.985833	1160.914063	-157.366577
2819.176383	17363.985833	1159.785156	-134.230148
2819.176383	17363.985833	1158.656250	17.650364
2819.176383	17363.985833	1157.526367	-131.799469
2819.176383	17363.985833	1156.397461	-103.085167
2819.176383	17363.985833	1155.267578	-98.408188
2819.176383	17363.985833	1154.137695	-47.474224
2819.176383	17363.985833	1153.006836	-2.261163
2819.176383	17363.985833	1151.876953	-91.860657
2819.176383	17363.985833	1150.746094	-131.603317
2819.176383	17363.985833	1149.615234	-140.251801
2819.176383	17363.985833	1148.484375	-179.928360
2819.176383	17363.985833	1147.352539	-163.549469
2819.176383	17363.985833	1146.220703	-99.997803
2819.176383	17363.985833	1145.088867	-152.251526
2819.176383	17363.985833	1143.957031	-176.840561
2819.176383	17363.985833	1142.825195	-89.080933
2819.176383	17363.985833	1141.692383	-8.391726
2819.176383	17363.985833	1140.559570	-126.539215
2819.176383	17363.985833	1139.426758	-65.299393
2819.176383	17363.985833	1138.292969	-45.679306
2819.176383	17363.985833	1137.159180	-135.496384
2819.176383	17363.985833	1136.025391	12.133068
2819.176383	17363.985833	1134.891602	-13.459973
2819.176383	17363.985833	1133.757813	13.843549
2819.176383	17363.985833	1132.623047	42.372356
2819.176383	17363.985833	1131.488281	67.079742
2819.176383	17363.985833	1130.353516	164.527649
2819.176383	17363.985833	1129.217773	2.246367
2819.176383	17363.985833	1128.083008	57.906551
2819.176383	17363.985833	1126.947266	59.750458
2819.176383	17363.985833	1125.811523	92.815071
2819.176383	17363.985833	1124.674805	72.974312
2819.176383	17363.985833	1123.539063	-68.170685
2819.176383	17363.985833	1122.402344	-76.976563
2819.176383	17363.985833	1121.265625	117.009354
2819.176383	17363.985833	1120.127930	32.337612
2819.176383	17363.985833	1118.990234	65.997597
2819.176383	17363.985833	1117.853516	179.160965
2819.176383	17363.985833	1116.714844	40.190144
2819.176383	17363.985833	1115.577148	104.200722
2819.176383	17363.985833	1114.439453	96.947792
2819.176383	17363.985833	1113.300781	165.312286
2819.176383	17363.985833	1112.162109	73.846809
2819.176383	17363.985833	1111.022461	222.746201
2819.176383	17363.985833	1109.883789	196.141815
2819.176383	17363.985833	1108.744141	31.047285
2819.176383	17363.985833	1107.604492	119.578377
2819.176383	17363.985833	1106.463867	106.370720
2819.176383	17363.985833	1105.324219	51.999805
2819.176383	17363.985833	1104.183594	43.234390
2819.176383	17363.985833	1103.042969	-43.385288
2819.176383	17363.985833	1101.902344	35.930370
2819.176383	17363.985833	1100.760742	115.079041
2819.176383	17363.985833	1099.619141	86.474136
2819.176383	17363.985833	1098.477539	117.434067
2819.176383	17363.985833	1097.335938	-90.506905
2819.176383	17363.985833	1096.193359	-67.147522
2819.176383	17363.985833	1095.051758	-28.049297
2819.176383	17363.985833	1093.909180	119.472420
2819.176383	17363.985833	1092.765625	131.884399
2819.176383	17363.985833	1091.623047	91.460312
2819.176383	17363.985833	1090.479492	55.706886
2819.176383	17363.985833	1089.335938	37.582790
2819.176383	17363.985833	1088.192383	69.731689
2819.176383	17363.985833	1087.047852	44.479111
2819.176383	17363.985833	1085.903320	107.452789
2819.176383	17363.985833	1084.758789	49.209488
2819.176383	17363.985833	1083.614258	158.671677
2819.176383	17363.985833	1082.469727	50.778458
2819.176383	17363.985833	1081.324219	12.443078
2819.176383	17363.985833	1080.178711	82.429710
2819.176383	17363.985833	1079.033203	23.899616
2819.176383	17363.985833	1077.886719	-44.402489
2819.176383	17363.985833	1076.740234	26.008379
2819.176383	17363.985833	1075.593750	242.394073
2819.176383	17363.985833	1074.447266	91.156616
2819.176383	17363.985833	1073.300781	210.922119
2819.176383	17363.985833	1072.153320	206.075760
2819.176383	17363.985833	1071.005859	43.819023
2819.176383	17363.985833	1069.858398	72.640358
2819.176383	17363.985833	1068.709961	225.757370
2819.176383	17363.985833	1067.561523	175.696854
2819.176383	17363.985833	1066.413086	9.817850
2819.176383	17363.985833	1065.264648	190.815857
2819.176383	17363.985833	1064.116211	178.609985
2819.176383	17363.985833	1062.966797	158.812225
2819.176383	17363.985833	1061.817383	166.228867
2819.176383	17363.985833	1060.667969	103.279984
2819.176383	17363.985833	1059.517578	70.901718
2819.176383	17363.985833	1058.368164	52.563652
2819.176383	17363.985833	1057.217773	62.033817
2819.176383	17363.985833	1056.067383	-32.685539
2819.176383	17363.985833	1054.916016	13.011022
2819.176383	17363.985833	1053.764648	52.743000
2819.176383	17363.985833	1052.613281	-9.084134
2819.176383	17363.985833	1051.461914	-9.460896
2819.176383	17363.985833	1050.310547	-110.091675
2819.176383	17363.985833	1049.158203	-99.776436
2819.176383	17363.985833	1048.005859	-77.990730
2819.176383	17363.985833	1046.853516	-16.160614
2819.176383	17363.985833	1045.700195	-61.485073
2819.176383	17363.985833	1044.547852	-6.040625
2819.176383	17363.985833	1043.394531	-15.944710
2819.176383	17363.985833	1042.240234	21.152905
2819.176383	17363.985833	1041.086914	71.650002
2819.176383	17363.985833	1039.932617	-30.146719
2819.176383	17363.985833	1038.778320	-38.722797
2819.176383	17363.985833	1037.624023	40.774044
2819.176383	17363.985833	1036.469727	66.469521
2819.176383	17363.985833	1035.314453	155.541855
2819.176383	17363.985833	1034.159180	219.997314
2819.176383	17363.985833	1033.003906	291.775116
2819.176383	17363.985833	1031.847656	372.718872
2819.176383	17363.985833	1030.692383	297.638580
2819.176383	17363.985833	1029.536133	322.190521
2819.176383	17363.985833	1028.378906	481.422729
2819.176383	17363.985833	1027.222656	430.724365
2819.176383	17363.985833	1026.065430	327.504517
2819.176383	17363.985833	1024.908203	436.910828
2819.176383	17363.985833	1023.750977	322.966980
2819.176383	17363.985833	1022.593750	197.816269
2819.176383	17363.985833	1021.435547	103.674690
2819.176383	17363.985833	1020.277344	146.942917
2819.176383	17363.985833	1019.119141	231.364838
2819.176383	17363.985833	1017.959961	78.776505
2819.176383	17363.985833	1016.800781	214.188507
2819.176383	17363.985833	1015.641602	170.308640
2819.176383	17363.985833	1014.482422	97.692299
2819.176383	17363.985833	1013.323242	33.190826
2819.176383	17363.985833	1012.163086	135.068375
2819.176383	17363.985833	1011.002930	3.277547
2819.176383	17363.985833	1009.842773	90.882095
2819.176383	17363.985833	1008.681641	54.948322
2819.176383	17363.985833	1007.520508	1.451887
2819.176383	17363.985833	1006.359375	117.466774
2819.176383	17363.985833	1005.198242	114.356026
2819.176383	17363.985833	1004.037109	92.217072
2819.176383	17363.985833	1002.875000	34.689842
2819.176383	17363.985833	1001.712891	74.720322
2819.176383	17363.985833	1000.550781	16.090500
2819.176383	17363.985833	999.387695	114.405090
2819.176383	17363.985833	998.224609	12.643841
2819.176383	17363.985833	997.061523	50.599480
2819.176383	17363.985833	995.898438	94.061813
2819.176383	17363.985833	994.734375	-34.128204
2819.176383	17363.985833	993.571289	19.846310
2819.176383	17363.985833	992.407227	48.378902
2819.176383	17363.985833	991.242188	-45.750454
2819.176383	17363.985833	990.078125	-15.665180
2819.176383	17363.985833	988.913086	23.385078
2819.176383	17363.985833	987.748047	-74.329712
2819.176383	17363.985833	986.583008	-71.017311
2819.176383	17363.985833	985.416992	-26.643078
2819.176383	17363.985833	984.250977	-54.657207
2819.176383	17363.985833	983.084961	-32.546749
2819.176383	17363.985833	981.918945	-65.364685
2819.176383	17363.985833	980.751953	-80.887001
2819.176383	17363.985833	979.584961	-76.681496
2819.176383	17363.985833	978.417969	-41.266468
2819.176383	17363.985833	977.250977	27.214762
2819.176383	17363.985833	976.083008	57.201950
2819.176383	17363.985833	974.915039	89.056084
2819.176383	17363.985833	973.747070	165.521057
2819.176383	17363.985833	972.579102	50.481876
2819.176383	17363.985833	971.410156	-6.675006
2819.176383	17363.985833	970.242188	87.745964
2819.176383	17363.985833	969.072266	217.974426
2819.176383	17363.985833	967.903320	68.072227
2819.176383	17363.985833	966.733398	135.244568
2819.176383	17363.985833	965.563477	198.626968
2819.176383	17363.985833	964.393555	205.117630
2819.176383	17363.985833	963.223633	256.475037
2819.176383	17363.985833	962.052734	110.966415
2819.176383	17363.985833	960.881836	321.464142
2819.176383	17363.985833	959.710938	253.421051
2819.176383	17363.985833	958.540039	121.679192
2819.176383	17363.985833	957.368164	263.133575
2819.176383	17363.985833	956.196289	243.982864
2819.176383	17363.985833	955.024414	131.950867
2819.176383	17363.985833	953.851563	87.438446
2819.176383	17363.985833	952.679688	45.862782
2819.176383	17363.985833	951.506836	112.536079
2819.176383	17363.985833	950.333984	148.101852
2819.176383	17363.985833	949.160156	153.422318
2819.176383	17363.985833	947.986328	23.459839
2819.176383	17363.985833	946.812500	-37.512909
2819.176383	17363.985833	945.638672	175.085815
2819.176383	17363.985833	944.464844	39.206375
2819.176383	17363.985833	943.290039	146.056625
2819.176383	17363.985833	942.115234	191.161972
2819.176383	17363.985833	940.940430	157.226730
2819.176383	17363.985833	939.764648	46.273602
2819.176383	17363.985833	938.588867	8.701589
2819.176383	17363.985833	937.413086	36.417118
2819.176383	17363.985833	936.237305	-28.237835
2819.176383	17363.985833	935.060547	41.788681
2819.176383	17363.985833	933.883789	100.331749
2819.176383	17363.985833	932.707031	-37.530842
2819.176383	17363.985833	931.530273	80.556541
2819.176383	17363.985833	930.352539	19.729309
2819.176383	17363.985833	929.175781	35.740059
2819.176383	17363.985833	927.998047	136.420456
2819.176383	17363.985833	926.819336	158.214951
2819.176383	17363.985833	925.641602	137.700912
2819.176383	17363.985833	924.462891	144.099106
2819.176383	17363.985833	923.284180	150.460464
2819.176383	17363.985833	922.104492	239.437424
2819.176383	17363.985833	920.924805	86.332382
2819.176383	17363.985833	919.746094	87.974228
2819.176383	17363.985833	919.551758	58.374672
2819.176383	17363.985833	918.386719	35.887123
2819.176383	17363.985833	917.220703	138.180466
2819.176383	17363.985833	916.054688	90.711975
2819.176383	17363.985833	914.887695	72.037262
2819.176383	17363.985833	913.721680	-86.697754
2819.176383	17363.985833	912.554688	-19.034311
2819.176383	17363.985833	911.387695	-45.380348
2819.176383	17363.985833	910.220703	37.564041
2819.176383	17363.985833	909.052734	-142.163651
2819.176383	17363.985833	907.885742	-82.254356
2819.176383	17363.985833	906.717773	2.531845
2819.176383	17363.985833	905.548828	125.590034
2819.176383	17363.985833	904.380859	118.336754
2819.176383	17363.985833	903.211914	-82.342651
2819.176383	17363.985833	902.042969	25.308977
2819.176383	17363.985833	900.874023	19.964060
2819.176383	17363.985833	899.704102	41.406578
2819.176383	17363.985833	898.535156	-6.056719
2819.176383	17363.985833	897.365234	-97.511284
2819.176383	17363.985833	896.194336	-18.706589
2819.176383	17363.985833	895.024414	8.422449
2819.176383	17363.985833	893.853516	20.235146
2819.176383	17363.985833	892.682617	37.767975
2819.176383	17363.985833	891.511719	20.882801
2819.176383	17363.985833	890.340820	3.994211
2819.176383	17363.985833	889.168945	105.546715
2819.176383	17363.985833	887.997070	220.417145
2819.176383	17363.985833	886.825195	-79.149841
2819.176383	17363.985833	885.653320	-55.949627
2819.176383	17363.985833	884.480469	-32.768223
2819.176383	17363.985833	883.307617	-74.492447
2819.176383	17363.985833	882.134766	28.800558
2819.176383	17363.985833	880.961914	-1.493194
2819.176383	17363.985833	879.788086	50.227936
2819.176383	17363.985833	878.614258	48.525879
2819.176383	17363.985833	877.440430	16.311270
2819.176383	17363.985833	876.266602	1.254521
2819.176383	17363.985833	875.091797	-13.804983
2819.176383	17363.985833	873.916992	-30.773558
2819.176383	17363.985833	872.742188	-36.316261
2819.176383	17363.985833	871.567383	-32.343750
2819.176383	17363.985833	870.391602	-115.972260
2819.176383	17363.985833	869.215820	-75.833672
2819.176383	17363.985833	868.040039	-12.881135
2819.176383	17363.985833	866.864258	-56.530708
2819.176383	17363.985833	865.687500	-1.238016
2819.176383	17363.985833	864.510742	-56.304852
2819.176383	17363.985833	863.333984	128.266312
2819.176383	17363.985833	862.157227	-59.923031
2819.176383	17363.985833	860.979492	-18.022884
2819.176383	17363.985833	859.802734	54.258808
2819.176383	17363.985833	858.625000	21.988255
2819.176383	17363.985833	857.446289	25.818199
2819.176383	17363.985833	856.268555	-8.353790
2819.176383	17363.985833	855.089844	-55.815571
2819.176383	17363.985833	853.911133	-116.559311
2819.176383	17363.985833	852.731445	-80.475845
2819.176383	17363.985833	851.552734	37.189884
2819.176383	17363.985833	850.373047	-194.343231
2819.176383	17363.985833	849.193359	-118.460419
2819.176383	17363.985833	848.013672	-109.005501
2819.176383	17363.985833	846.833008	-55.949459
2819.176383	17363.985833	845.652344	-8.614497
2819.176383	17363.985833	844.471680	-6.803936
2819.176383	17363.985833	843.291016	-107.345032
2819.176383	17363.985833	842.110352	-37.326748
2819.176383	17363.985833	840.928711	-73.434486
2819.176383	17363.985833	839.747070	24.934385
2819.176383	17363.985833	838.564453	34.251678
2819.176383	17363.985833	837.382813	-87.079910
2819.176383	17363.985833	836.200195	-170.516571
2819.176383	17363.985833	835.017578	-89.290100
2819.176383	17363.985833	833.834961	-136.768814
2819.176383	17363.985833	832.651367	-72.632813
2819.176383	17363.985833	831.467773	-87.969360
2819.176383	17363.985833	830.284180	-27.677526
2819.176383	17363.985833	829.100586	-41.153442
2819.176383	17363.985833	827.916992	-92.438759
2819.176383	17363.985833	826.732422	-3.878212
2819.176383	17363.985833	825.547852	-83.517029
2819.176383	17363.985833	824.363281	12.533310
2819.176383	17363.985833	823.177734	-133.202835
2819.176383	17363.985833	821.992188	-122.176918
2819.176383	17363.985833	820.806641	-188.568298
2819.176383	17363.985833	819.621094	33.821102
2819.176383	17363.985833	818.434570	-25.056187
2819.176383	17363.985833	817.249023	38.703842
2819.176383	17363.985833	816.062500	136.374542
2819.176383	17363.985833	814.875000	-26.252768
2819.176383	17363.985833	813.688477	-34.223743
2819.176383	17363.985833	812.500977	163.261765
2819.176383	17363.985833	811.313477	-14.395080
2819.176383	17363.985833	810.125977	17.158087
2819.176383	17363.985833	808.937500	-13.485223
2819.176383	17363.985833	807.749023	87.710472
2819.176383	17363.985833	806.560547	55.148312
2819.176383	17363.985833	805.372070	-47.077179
2819.176383	17363.985833	804.182617	57.776878
2819.176383	17363.985833	802.994141	59.063995
2819.176383	17363.985833	801.803711	-35.624584
2819.176383	17363.985833	800.614258	29.605343
2819.176383	17363.985833	799.424805	104.193405
2819.176383	17363.985833	798.234375	26.423393
2819.176383	17363.985833	797.043945	115.985207
2819.176383	17363.985833	795.852539	-33.216301
2819.176383	17363.985833	794.662109	114.537819
2819.176383	17363.985833	793.470703	17.966656
2819.176383	17363.985833	792.279297	-101.124619
2819.176383	17363.985833	791.087891	57.761837
2819.176383	17363.985833	789.895508	68.229530
2819.176383	17363.985833	788.703125	-30.207830
2819.176383	17363.985833	787.510742	55.307949
2819.176383	17363.985833	786.318359	37.561317
2819.176383	17363.985833	785.125000	32.934521
2819.176383	17363.985833	783.931641	7.655690
2819.176383	17363.985833	782.738281	44.250977
2819.176383	17363.985833	781.544922	65.810501
2819.176383	17363.985833	780.350586	-25.132208
2819.176383	17363.985833	779.156250	45.116875
2819.176383	17363.985833	777.961914	44.112217
2819.176383	17363.985833	776.767578	29.971760
2819.176383	17363.985833	775.572266	-55.357941
2819.176383	17363.985833	774.376953	-62.027039
2819.176383	17363.985833	773.181641	-6.934191
2819.176383	17363.985833	771.986328	18.163546
2819.176383	17363.985833	770.790039	-35.371826
2819.176383	17363.985833	769.593750	21.481493
2819.176383	17363.985833	768.397461	24.038710
2819.176383	17363.985833	767.201172	43.402634
2819.176383	17363.985833	766.003906	-71.896355
2819.176383	17363.985833	764.806641	70.814987
2819.176383	17363.985833	763.609375	127.464172
2819.176383	17363.985833	762.412109	-21.491491
2819.176383	17363.985833	761.213867	5.209251
2819.176383	17363.985833	760.015625	-14.824240
2819.176383	17363.985833	758.817383	120.129013
2819.176383	17363.985833	757.618164	19.740356
2819.176383	17363.985833	756.419922	197.512619
2819.176383	17363.985833	755.220703	11.243769
2819.176383	17363.985833	754.021484	155.302078
2819.176383	17363.985833	752.821289	53.016525
2819.176383	17363.985833	751.621094	98.096237
2819.176383	17363.985833	750.420898	176.695786
2819.176383	17363.985833	749.220703	5.403353
2819.176383	17363.985833	748.020508	46.653294
2819.176383	17363.985833	746.819336	154.948318
2819.176383	17363.985833	745.618164	110.382935
2819.176383	17363.985833	744.416992	82.573135
2819.176383	17363.985833	743.214844	34.257915
2819.176383	17363.985833	742.012695	192.625092
2819.176383	17363.985833	740.810547	231.748688
2819.176383	17363.985833	739.608398	283.855072
2819.176383	17363.985833	738.406250	177.731659
2819.176383	17363.985833	737.203125	376.748688
2819.176383	17363.985833	736.000000	421.260559
2819.176383	17363.985833	734.795898	724.228333
2819.176383	17363.985833	733.592773	735.119568
2819.176383	17363.985833	732.388672	980.205017
2819.176383	17363.985833	731.184570	914.773315
2819.176383	17363.985833	729.979492	851.194641
2819.176383	17363.985833	728.775391	676.143738
2819.176383	17363.985833	727.570313	690.589966
2819.176383	17363.985833	726.365234	617.717529
2819.176383	17363.985833	725.160156	374.032715
2819.176383	17363.985833	723.954102	330.892273
2819.176383	17363.985833	722.748047	297.016663
2819.176383	17363.985833	721.541992	315.075684
2819.176383	17363.985833	720.334961	206.947556
2819.176383	17363.985833	719.128906	186.003784
2819.176383	17363.985833	717.921875	241.061478
2819.176383	17363.985833	716.714844	149.602524
2819.176383	17363.985833	715.506836	223.111938
2819.176383	17363.985833	714.298828	122.361702
2819.176383	17363.985833	713.090820	82.760384
2819.176383	17363.985833	711.882813	69.075439
2819.176383	17363.985833	710.674805	136.849243
2819.176383	17363.985833	709.465820	-19.483559
2819.176383	17363.985833	708.256836	16.739771
2819.176383	17363.985833	707.047852	67.720795
2819.176383	17363.985833	705.837891	72.383354
2819.176383	17363.985833	704.627930	191.712051
2819.176383	17363.985833	703.417969	101.945587
2819.176383	17363.985833	702.208008	174.916382
2819.176383	17363.985833	700.998047	125.796257
2819.176383	17363.985833	699.787109	-25.006704
2819.176383	17363.985833	698.576172	-46.414459
2819.176383	17363.985833	697.364258	39.316990
2819.176383	17363.985833	696.153320	128.673569
2819.176383	17363.985833	694.941406	125.608627
2819.176383	17363.985833	693.729492	201.911301
2819.176383	17363.985833	692.516602	63.990021
2819.176383	17363.985833	691.304688	178.963287
2819.176383	17363.985833	690.091797	227.417587
2819.176383	17363.985833	688.878906	48.880898
2819.176383	17363.985833	687.665039	45.619522
2819.176383	17363.985833	686.451172	101.338768
2819.176383	17363.985833	685.237305	75.869690
2819.176383	17363.985833	684.023438	120.427132
2819.176383	17363.985833	682.809570	175.987671
2819.176383	17363.985833	681.594727	170.679291
2819.176383	17363.985833	680.379883	187.444290
2819.176383	17363.985833	679.165039	71.550293
2819.176383	17363.985833	677.949219	163.757034
2819.176383	17363.985833	676.733398	106.758904
2819.176383	17363.985833	675.517578	127.059349
2819.176383	17363.985833	674.301758	165.718491
2819.176383	17363.985833	673.084961	165.684952
2819.176383	17363.985833	671.869141	171.135849
2819.176383	17363.985833	670.651367	198.615158
2819.176383	17363.985833	669.434570	288.567810
2819.176383	17363.985833	668.216797	255.271805
2819.176383	17363.985833	667.000000	216.442535
2819.176383	17363.985833	665.781250	170.238953
2819.176383	17363.985833	664.563477	340.816284
2819.176383	17363.985833	663.344727	169.629089
2819.176383	17363.985833	662.125977	273.948822
2819.176383	17363.985833	660.907227	200.090012
2819.176383	17363.985833	659.688477	374.045502
2819.176383	17363.985833	658.468750	423.089417
2819.176383	17363.985833	657.249023	316.109955
2819.176383	17363.985833	656.029297	266.011597
2819.176383	17363.985833	654.808594	305.770538
2819.176383	17363.985833	653.587891	409.658936
2819.176383	17363.985833	652.367188	216.464554
2819.176383	17363.985833	651.146484	382.581146
2819.176383	17363.985833	649.924805	270.037048
2819.176383	17363.985833	648.704102	250.952408
2819.176383	17363.985833	647.482422	213.520935
2819.176383	17363.985833	646.259766	240.169525
2819.176383	17363.985833	645.037109	277.759918
2819.176383	17363.985833	643.815430	302.489929
2819.176383	17363.985833	642.591797	329.001007
2819.176383	17363.985833	641.369141	258.487610
2819.176383	17363.985833	640.145508	303.227203
2819.176383	17363.985833	638.921875	219.878540
2819.176383	17363.985833	637.698242	129.218292
2819.176383	17363.985833	636.474609	84.273079
2819.176383	17363.985833	635.250000	187.376251
2819.176383	17363.985833	634.025391	228.268234
2819.176383	17363.985833	632.800781	99.185204
2819.176383	17363.985833	631.575195	245.967239
2819.176383	17363.985833	630.349609	180.795349
2819.176383	17363.985833	629.124023	104.665443
2819.176383	17363.985833	627.898438	72.352760
2819.176383	17363.985833	626.671875	61.924412
2819.176383	17363.985833	625.445313	104.392548
2819.176383	17363.985833	624.218750	61.064159
2819.176383	17363.985833	622.992188	118.049965
2819.176383	17363.985833	621.764648	30.909695
2819.176383	17363.985833	620.537109	42.236664
2819.176383	17363.985833	619.309570	110.042000
2819.176383	17363.985833	618.081055	-9.931007
2819.176383	17363.985833	616.852539	-29.662691
2819.176383	17363.985833	615.624023	25.280460
2819.176383	17363.985833	614.395508	80.174248
2819.176383	17363.985833	613.166992	80.390678
2819.176383	17363.985833	611.937500	40.525513
2819.176383	17363.985833	610.708008	77.101486
2819.176383	17363.985833	609.477539	151.851059
2819.176383	17363.985833	608.248047	-13.616644
2819.176383	17363.985833	607.017578	61.073521
2819.176383	17363.985833	605.787109	53.869667
2819.176383	17363.985833	604.555664	53.916332
2819.176383	17363.985833	603.325195	4.861372
2819.176383	17363.985833	602.093750	173.902573
2819.176383	17363.985833	600.861328	248.358246
2819.176383	17363.985833	599.629883	257.362671
2819.176383	17363.985833	598.397461	144.644821
2819.176383	17363.985833	597.165039	200.839508
2819.176383	17363.985833	595.932617	187.999939
2819.176383	17363.985833	594.699219	86.199799
2819.176383	17363.985833	593.465820	89.683311
2819.176383	17363.985833	592.232422	9.684879
2819.176383	17363.985833	590.999023	18.590771
2819.176383	17363.985833	589.764648	-1.545392
2819.176383	17363.985833	588.530273	-16.249336
2819.176383	17363.985833	587.295898	41.552719
2819.176383	17363.985833	586.061523	-38.433609
2819.176383	17363.985833	584.826172	-15.114193
2819.176383	17363.985833	583.590820	-8.123590
2819.176383	17363.985833	582.355469	29.642759
2819.176383	17363.985833	581.119141	85.486481
2819.176383	17363.985833	579.882813	-146.582886
2819.176383	17363.985833	578.646484	-56.356304
2819.176383	17363.985833	577.410156	44.679012
2819.176383	17363.985833	576.172852	-93.181679
2819.176383	17363.985833	574.935547	36.739166
2819.176383	17363.985833	573.698242	-43.204857
2819.176383	17363.985833	572.460938	10.686036
2819.176383	17363.985833	571.222656	-15.003347
2819.176383	17363.985833	569.984375	-29.844954
2819.176383	17363.985833	568.746094	-133.233719
2819.176383	17363.985833	567.506836	16.347778
2819.176383	17363.985833	566.267578	91.801231
2819.176383	17363.985833	565.028320	-9.762430
2819.176383	17363.985833	563.789063	-98.649269
2819.176383	17363.985833	562.548828	-12.406829
2819.176383	17363.985833	561.309570	88.236496
2819.176383	17363.985833	560.068359	-137.764435
2819.176383	17363.985833	558.828125	-102.089890
2819.176383	17363.985833	557.586914	29.154694
2819.176383	17363.985833	556.345703	21.494070
2819.176383	17363.985833	555.104492	-58.276760
2819.176383	17363.985833	553.863281	-13.645517
2819.176383	17363.985833	552.621094	-71.753990
2819.176383	17363.985833	551.378906	19.702343
2819.176383	17363.985833	550.136719	-20.373623
2819.176383	17363.985833	548.893555	-55.030907
2819.176383	17363.985833	547.650391	-66.264320
2819.176383	17363.985833	546.407227	66.520912
2819.176383	17363.985833	545.164063	31.876089
2819.176383	17363.985833	543.919922	-135.906006
2819.176383	17363.985833	542.675781	-179.482330
2819.176383	17363.985833	541.431641	-125.910500
2819.176383	17363.985833	540.186523	-95.737083
2819.176383	17363.985833	538.941406	-11.635192
2819.176383	17363.985833	537.696289	-4.852888
2819.176383	17363.985833	536.451172	-129.250534
2819.176383	17363.985833	535.205078	-81.111526
2819.176383	17363.985833	533.959961	24.499996
2819.176383	17363.985833	532.712891	-26.175785
2819.176383	17363.985833	531.466797	-100.158928
2819.176383	17363.985833	530.219727	-26.903913
2819.176383	17363.985833	528.972656	10.434555
2819.176383	17363.985833	527.725586	-2.475158
2819.176383	17363.985833	526.478516	-24.338236
2819.176383	17363.985833	525.230469	-46.184689
2819.176383	17363.985833	523.982422	-80.562370
2819.176383	17363.985833	522.734375	-138.220474
2819.176383	17363.985833	521.485352	-129.525421
2819.176383	17363.985833	520.236328	-260.601318
2819.176383	17363.985833	518.987305	-138.984055
2819.176383	17363.985833	517.737305	-146.381836
2819.176383	17363.985833	516.488281	-112.568779
2819.176383	17363.985833	515.238281	-166.495377
2819.176383	17363.985833	513.988281	53.503674
2819.176383	17363.985833	512.737305	-46.944481
2819.176383	17363.985833	511.486328	10.128117
2819.176383	17363.985833	510.235352	153.060486
2819.176383	17363.985833	508.984375	-172.663345
2819.176383	17363.985833	507.732422	-58.338638
2819.176383	17363.985833	506.480469	-54.893066
2819.176383	17363.985833	505.228516	-12.111246
2819.176383	17363.985833	503.976563	27.093277
2819.176383	17363.985833	502.723633	-5.174391
2819.176383	17363.985833	501.470703	87.625671
2819.176383	17363.985833	500.217773	-30.334705
2819.176383	17363.985833	498.963867	-19.676054
2819.176383	17363.985833	497.709961	67.752754
2819.176383	17363.985833	496.456055	-10.822836
2819.176383	17363.985833	495.202148	83.732262
2819.176383	17363.985833	493.947266	121.170486
2819.176383	17363.985833	492.692383	162.173553
2819.176383	17363.985833	491.437500	155.025864
2819.176383	17363.985833	490.181641	138.977341
2819.176383	17363.985833	488.926758	233.463211
2819.176383	17363.985833	487.670898	340.391815
2819.176383	17363.985833	486.414063	229.919464
2819.176383	17363.985833	485.158203	208.574005
2819.176383	17363.985833	483.901367	140.942413
2819.176383	17363.985833	482.644531	51.984314
2819.176383	17363.985833	481.386719	160.666733
2819.176383	17363.985833	480.128906	137.610352
2819.176383	17363.985833	478.871094	11.369160
2819.176383	17363.985833	477.613281	120.016190
2819.176383	17363.985833	476.355469	11.635160
2819.176383	17363.985833	475.096680	84.682167
2819.176383	17363.985833	473.837891	26.143799
2819.176383	17363.985833	472.578125	97.386230
2819.176383	17363.985833	471.319336	118.846725
2819.176383	17363.985833	470.059570	239.792618
2819.176383	17363.985833	468.799805	138.650681
2819.176383	17363.985833	467.539063	-42.366428
2819.176383	17363.985833	466.278320	-29.772463
2819.176383	17363.985833	465.017578	190.506546
2819.176383	17363.985833	463.756836	75.257393
2819.176383	17363.985833	462.495117	87.805786
2819.176383	17363.985833	461.233398	176.624527
2819.176383	17363.985833	459.971680	64.979752
2819.176383	17363.985833	458.709961	-14.707233
2819.176383	17363.985833	457.447266	45.681969
2819.176383	17363.985833	456.184570	33.361637
2819.176383	17363.985833	454.921875	51.158653
2819.176383	17363.985833	453.658203	-48.002666
2819.176383	17363.985833	452.394531	83.132294
2819.176383	17363.985833	451.130859	19.388746
2819.176383	17363.985833	449.867188	17.620632
2819.176383	17363.985833	448.602539	127.347137
2819.176383	17363.985833	447.337891	136.122925
2819.176383	17363.985833	446.073242	251.031189
2819.176383	17363.985833	444.807617	88.120125
2819.176383	17363.985833	443.542969	135.717453
2819.176383	17363.985833	442.276367	190.326141
2819.176383	17363.985833	441.010742	48.642765
2819.176383	17363.985833	439.744141	34.235756
2819.176383	17363.985833	438.478516	207.108994
2819.176383	17363.985833	437.210938	84.811104
2819.176383	17363.985833	435.944336	80.865837
2819.176383	17363.985833	434.676758	82.164246
2819.176383	17363.985833	433.409180	90.469315
2819.176383	17363.985833	432.141602	47.521481
2819.176383	17363.985833	430.873047	172.183975
2819.176383	17363.985833	429.604492	236.736694
2819.176383	17363.985833	428.335938	130.079941
2819.176383	17363.985833	427.067383	-84.186844
2819.176383	17363.985833	425.797852	89.481544
2819.176383	17363.985833	424.528320	118.436562
2819.176383	17363.985833	423.258789	113.807091
2819.176383	17363.985833	421.988281	77.368805
2819.176383	17363.985833	420.717773	67.280113
2819.176383	17363.985833	419.447266	51.815079
2819.176383	17363.985833	418.175781	244.048111
2819.176383	17363.985833	416.905273	85.734558
2819.176383	17363.985833	415.633789	76.994583
2819.176383	17363.985833	414.362305	-62.085411
2819.176383	17363.985833	413.089844	175.295212
2819.176383	17363.985833	411.817383	74.703705
2819.176383	17363.985833	410.544922	-47.079868
2819.176383	17363.985833	409.272461	-110.921112
2819.176383	17363.985833	407.999023	-46.552048
2819.176383	17363.985833	406.725586	47.520218
2819.176383	17363.985833	405.452148	44.754395
2819.176383	17363.985833	404.177734	36.555378
2819.176383	17363.985833	402.903320	36.976532
2819.176383	17363.985833	401.628906	-75.159126
2819.176383	17363.985833	400.354492	12.720315
2819.176383	17363.985833	399.079102	93.351158
2819.176383	17363.985833	397.803711	203.588913
2819.176383	17363.985833	396.528320	81.986465
2819.176383	17363.985833	395.251953	86.523361
2819.176383	17363.985833	393.976563	71.561539
2819.176383	17363.985833	392.700195	96.708481
2819.176383	17363.985833	391.422852	151.411469
2819.176383	17363.985833	390.145508	60.390667
2819.176383	17363.985833	388.869141	-6.294325
2819.176383	17363.985833	387.590820	151.020477
2819.176383	17363.985833	386.313477	230.951675
2819.176383	17363.985833	385.035156	156.479553
2819.176383	17363.985833	383.756836	207.814087
2819.176383	17363.985833	382.478516	320.103485
2819.176383	17363.985833	381.199219	181.802277
2819.176383	17363.985833	379.919922	181.474014
2819.176383	17363.985833	378.640625	175.586655
2819.176383	17363.985833	377.360352	137.893250
2819.176383	17363.985833	376.080078	166.325119
2819.176383	17363.985833	374.799805	140.214844
2819.176383	17363.985833	373.519531	204.643387
2819.176383	17363.985833	372.238281	1.339487
2819.176383	17363.985833	370.957031	96.470474
2819.176383	17363.985833	369.675781	100.358856
2819.176383	17363.985833	368.394531	61.945095
2819.176383	17363.985833	367.112305	195.960800
2819.176383	17363.985833	365.830078	36.279621
2819.176383	17363.985833	364.546875	127.506088
2819.176383	17363.985833	363.264648	-24.235863
2819.176383	17363.985833	361.981445	106.188469
2819.176383	17363.985833	360.698242	120.997307
2819.176383	17363.985833	359.414063	-30.320890
2819.176383	17363.985833	358.129883	35.821918
2819.176383	17363.985833	356.845703	7.326043
2819.176383	17363.985833	355.561523	-7.735599
2819.176383	17363.985833	354.276367	-54.691509
2819.176383	17363.985833	352.991211	-84.756386
2819.176383	17363.985833	351.706055	-70.096352
2819.176383	17363.985833	350.420898	17.097811
2819.176383	17363.985833	349.134766	75.802971
2819.176383	17363.985833	347.848633	-29.686684
2819.176383	17363.985833	346.561523	-104.451912
2819.176383	17363.985833	345.275391	-124.144478
2819.176383	17363.985833	343.988281	-187.969727
2819.176383	17363.985833	342.700195	-181.172333
2819.176383	17363.985833	341.413086	-135.065079
2819.176383	17363.985833	340.125000	-86.221413
2819.176383	17363.985833	338.836914	-145.835571
2819.176383	17363.985833	337.548828	-65.459030
2819.176383	17363.985833	336.259766	-51.883591
2819.176383	17363.985833	334.970703	-52.974693
2819.176383	17363.985833	333.681641	49.298279
2819.176383	17363.985833	332.391602	-19.382618
2819.176383	17363.985833	331.101563	-88.861061
2819.176383	17363.985833	329.811523	-15.171349
2819.176383	17363.985833	328.521484	71.496147
2819.176383	17363.985833	327.230469	-125.425980
2819.176383	17363.985833	325.939453	56.492226
2819.176383	17363.985833	324.648438	157.675110
2819.176383	17363.985833	323.356445	-31.547913
2819.176383	17363.985833	322.064453	-46.678543
2819.176383	17363.985833	320.772461	3.025386
2819.176383	17363.985833	319.480469	-67.794395
2819.176383	17363.985833	318.187500	-85.977943
2819.176383	17363.985833	316.894531	-29.051340
2819.176383	17363.985833	315.601563	87.338943
2819.176383	17363.985833	314.307617	39.899120
2819.176383	17363.985833	313.013672	98.598953
2819.176383	17363.985833	311.719727	-47.957695
2819.176383	17363.985833	310.425781	79.292641
2819.176383	17363.985833	309.130859	-47.143185
2819.176383	17363.985833	307.835938	-122.905884
2819.176383	17363.985833	306.541016	239.003326
2819.176383	17363.985833	305.245117	82.891022
2819.176383	17363.985833	303.949219	170.795212
2819.176383	17363.985833	302.653320	219.332596
2819.176383	17363.985833	301.356445	228.457855
2819.176383	17363.985833	300.060547	355.325439
2819.176383	17363.985833	298.763672	421.997986
