#X		#Y		#Wave		#Intensity
9158.340957	4899.313333	1999.946289	31.564671
9158.340957	4899.313333	1998.981445	122.506523
9158.340957	4899.313333	1998.017578	-49.899727
9158.340957	4899.313333	1997.052734	33.025108
9158.340957	4899.313333	1996.088867	41.611683
9158.340957	4899.313333	1995.124023	-43.917980
9158.340957	4899.313333	1994.159180	-30.326721
9158.340957	4899.313333	1993.193359	0.612450
9158.340957	4899.313333	1992.228516	-69.948631
9158.340957	4899.313333	1991.262695	-63.729622
9158.340957	4899.313333	1990.296875	26.651136
9158.340957	4899.313333	1989.331055	42.782665
9158.340957	4899.313333	1988.365234	76.242775
9158.340957	4899.313333	1987.398438	-11.496484
9158.340957	4899.313333	1986.432617	49.196560
9158.340957	4899.313333	1985.465820	67.847649
9158.340957	4899.313333	1984.499023	34.591091
9158.340957	4899.313333	1983.532227	-1.110482
9158.340957	4899.313333	1982.565430	71.948738
9158.340957	4899.313333	1981.597656	110.402817
9158.340957	4899.313333	1980.629883	-14.184995
9158.340957	4899.313333	1979.662109	-15.221898
9158.340957	4899.313333	1978.694336	-28.593353
9158.340957	4899.313333	1977.726563	138.283447
9158.340957	4899.313333	1976.758789	-35.540161
9158.340957	4899.313333	1975.790039	15.300244
9158.340957	4899.313333	1974.821289	-81.921417
9158.340957	4899.313333	1973.852539	15.803740
9158.340957	4899.313333	1972.883789	14.836151
9158.340957	4899.313333	1971.915039	8.945457
9158.340957	4899.313333	1970.945313	-41.317543
9158.340957	4899.313333	1969.975586	-24.991678
9158.340957	4899.313333	1969.005859	52.956387
9158.340957	4899.313333	1968.036133	59.416920
9158.340957	4899.313333	1967.066406	60.954285
9158.340957	4899.313333	1966.096680	50.180935
9158.340957	4899.313333	1965.125977	-9.841736
9158.340957	4899.313333	1964.155273	11.427279
9158.340957	4899.313333	1963.184570	-16.546761
9158.340957	4899.313333	1962.213867	68.729012
9158.340957	4899.313333	1961.242188	-25.685675
9158.340957	4899.313333	1960.271484	-4.407504
9158.340957	4899.313333	1959.299805	-32.337440
9158.340957	4899.313333	1958.328125	79.954933
9158.340957	4899.313333	1957.356445	-24.210350
9158.340957	4899.313333	1956.384766	29.034374
9158.340957	4899.313333	1955.412109	87.179573
9158.340957	4899.313333	1954.439453	-7.086282
9158.340957	4899.313333	1953.467773	-49.706070
9158.340957	4899.313333	1952.495117	-11.225422
9158.340957	4899.313333	1951.521484	64.092255
9158.340957	4899.313333	1950.548828	134.472519
9158.340957	4899.313333	1949.575195	10.831470
9158.340957	4899.313333	1948.601563	46.826813
9158.340957	4899.313333	1947.627930	60.717865
9158.340957	4899.313333	1946.654297	116.328392
9158.340957	4899.313333	1945.680664	68.858635
9158.340957	4899.313333	1944.706055	16.501053
9158.340957	4899.313333	1943.732422	-57.912086
9158.340957	4899.313333	1942.757813	-120.034714
9158.340957	4899.313333	1941.783203	-5.588724
9158.340957	4899.313333	1940.807617	-3.956098
9158.340957	4899.313333	1939.833008	-31.736927
9158.340957	4899.313333	1938.857422	92.432213
9158.340957	4899.313333	1937.881836	-6.411289
9158.340957	4899.313333	1936.906250	-92.969490
9158.340957	4899.313333	1935.930664	43.387829
9158.340957	4899.313333	1934.955078	22.969828
9158.340957	4899.313333	1933.978516	127.425079
9158.340957	4899.313333	1933.001953	-3.157977
9158.340957	4899.313333	1932.025391	-55.374943
9158.340957	4899.313333	1931.048828	97.973511
9158.340957	4899.313333	1930.072266	89.792755
9158.340957	4899.313333	1929.094727	108.520195
9158.340957	4899.313333	1928.118164	-7.269659
9158.340957	4899.313333	1927.140625	-49.663052
9158.340957	4899.313333	1926.163086	-4.032695
9158.340957	4899.313333	1925.184570	73.353737
9158.340957	4899.313333	1924.207031	-61.900661
9158.340957	4899.313333	1923.228516	20.350538
9158.340957	4899.313333	1922.250000	46.382584
9158.340957	4899.313333	1921.271484	84.615036
9158.340957	4899.313333	1920.292969	-13.919971
9158.340957	4899.313333	1919.314453	36.512066
9158.340957	4899.313333	1918.334961	21.013842
9158.340957	4899.313333	1917.355469	-62.818081
9158.340957	4899.313333	1916.375977	2.227382
9158.340957	4899.313333	1915.396484	52.607899
9158.340957	4899.313333	1914.416992	15.153695
9158.340957	4899.313333	1913.436523	24.047298
9158.340957	4899.313333	1912.457031	15.866497
9158.340957	4899.313333	1911.476563	27.188103
9158.340957	4899.313333	1910.496094	-71.181816
9158.340957	4899.313333	1909.515625	-67.165955
9158.340957	4899.313333	1908.534180	2.630608
9158.340957	4899.313333	1907.552734	77.269814
9158.340957	4899.313333	1906.572266	-4.000830
9158.340957	4899.313333	1905.590820	19.466007
9158.340957	4899.313333	1904.608398	120.830154
9158.340957	4899.313333	1903.626953	-9.099565
9158.340957	4899.313333	1902.644531	19.210886
9158.340957	4899.313333	1901.663086	176.473175
9158.340957	4899.313333	1900.680664	-9.362644
9158.340957	4899.313333	1899.698242	60.270771
9158.340957	4899.313333	1898.714844	-16.044426
9158.340957	4899.313333	1897.732422	-7.232267
9158.340957	4899.313333	1896.749023	-51.911098
9158.340957	4899.313333	1895.765625	68.702759
9158.340957	4899.313333	1894.782227	104.212029
9158.340957	4899.313333	1893.798828	95.968941
9158.340957	4899.313333	1892.814453	0.271693
9158.340957	4899.313333	1891.831055	108.623062
9158.340957	4899.313333	1890.846680	-30.760382
9158.340957	4899.313333	1889.862305	-21.996292
9158.340957	4899.313333	1888.877930	25.598379
9158.340957	4899.313333	1887.892578	-9.347136
9158.340957	4899.313333	1886.908203	81.894356
9158.340957	4899.313333	1885.922852	-16.136154
9158.340957	4899.313333	1884.937500	31.400980
9158.340957	4899.313333	1883.952148	-93.270172
9158.340957	4899.313333	1882.965820	5.171243
9158.340957	4899.313333	1881.980469	30.843592
9158.340957	4899.313333	1880.994141	46.805393
9158.340957	4899.313333	1880.007813	19.135828
9158.340957	4899.313333	1879.021484	-37.603394
9158.340957	4899.313333	1878.035156	36.483913
9158.340957	4899.313333	1877.047852	71.785728
9158.340957	4899.313333	1876.061523	24.737848
9158.340957	4899.313333	1875.074219	-48.930603
9158.340957	4899.313333	1874.086914	104.960167
9158.340957	4899.313333	1873.098633	96.636497
9158.340957	4899.313333	1872.111328	35.076950
9158.340957	4899.313333	1871.123047	-4.692759
9158.340957	4899.313333	1870.135742	69.230278
9158.340957	4899.313333	1869.147461	-9.236157
9158.340957	4899.313333	1868.158203	-7.889745
9158.340957	4899.313333	1867.169922	-8.967183
9158.340957	4899.313333	1866.180664	72.126518
9158.340957	4899.313333	1865.192383	158.017227
9158.340957	4899.313333	1864.203125	9.509623
9158.340957	4899.313333	1863.213867	18.066528
9158.340957	4899.313333	1862.223633	-108.635841
9158.340957	4899.313333	1861.234375	13.418579
9158.340957	4899.313333	1860.244141	87.135002
9158.340957	4899.313333	1859.253906	-75.735886
9158.340957	4899.313333	1858.263672	36.569778
9158.340957	4899.313333	1857.273438	25.768744
9158.340957	4899.313333	1856.282227	80.100433
9158.340957	4899.313333	1855.291992	37.925694
9158.340957	4899.313333	1854.300781	-35.590553
9158.340957	4899.313333	1853.309570	115.144691
9158.340957	4899.313333	1852.317383	-37.923859
9158.340957	4899.313333	1851.326172	-65.612045
9158.340957	4899.313333	1850.333984	-16.186172
9158.340957	4899.313333	1849.342773	-12.561909
9158.340957	4899.313333	1848.350586	7.915078
9158.340957	4899.313333	1847.357422	69.318695
9158.340957	4899.313333	1846.365234	-21.005951
9158.340957	4899.313333	1845.372070	54.810032
9158.340957	4899.313333	1844.379883	17.461386
9158.340957	4899.313333	1843.386719	23.436609
9158.340957	4899.313333	1842.393555	7.746991
9158.340957	4899.313333	1841.399414	1.677746
9158.340957	4899.313333	1840.406250	-18.827549
9158.340957	4899.313333	1839.412109	-39.333187
9158.340957	4899.313333	1838.417969	-93.499237
9158.340957	4899.313333	1837.423828	85.519951
9158.340957	4899.313333	1836.429688	48.158901
9158.340957	4899.313333	1835.434570	46.847321
9158.340957	4899.313333	1834.440430	14.296687
9158.340957	4899.313333	1833.445313	111.459221
9158.340957	4899.313333	1832.450195	-29.179342
9158.340957	4899.313333	1831.454102	103.954704
9158.340957	4899.313333	1830.458984	-67.854584
9158.340957	4899.313333	1829.462891	22.016098
9158.340957	4899.313333	1828.466797	44.651138
9158.340957	4899.313333	1827.470703	0.088328
9158.340957	4899.313333	1826.474609	29.898664
9158.340957	4899.313333	1825.478516	28.509832
9158.340957	4899.313333	1824.481445	67.877815
9158.340957	4899.313333	1823.484375	-17.448359
9158.340957	4899.313333	1822.487305	-38.030258
9158.340957	4899.313333	1821.490234	20.474590
9158.340957	4899.313333	1820.493164	-40.858910
9158.340957	4899.313333	1819.495117	103.851219
9158.340957	4899.313333	1818.498047	4.183643
9158.340957	4899.313333	1817.500000	117.680428
9158.340957	4899.313333	1816.500977	-46.618958
9158.340957	4899.313333	1815.502930	74.008270
9158.340957	4899.313333	1814.504883	46.187702
9158.340957	4899.313333	1813.505859	8.795653
9158.340957	4899.313333	1812.506836	26.436901
9158.340957	4899.313333	1811.507813	22.533276
9158.340957	4899.313333	1810.508789	-62.693352
9158.340957	4899.313333	1809.508789	-4.427500
9158.340957	4899.313333	1808.508789	27.508890
9158.340957	4899.313333	1807.508789	-2.723341
9158.340957	4899.313333	1806.508789	-37.733372
9158.340957	4899.313333	1805.508789	-56.014416
9158.340957	4899.313333	1804.508789	73.815315
9158.340957	4899.313333	1803.507813	34.003624
9158.340957	4899.313333	1802.506836	-27.294573
9158.340957	4899.313333	1801.505859	33.186062
9158.340957	4899.313333	1800.504883	48.278973
9158.340957	4899.313333	1799.502930	20.395502
9158.340957	4899.313333	1798.501953	102.278984
9158.340957	4899.313333	1797.500000	117.319275
9158.340957	4899.313333	1796.498047	1.152059
9158.340957	4899.313333	1795.496094	-5.278127
9158.340957	4899.313333	1794.493164	119.425117
9158.340957	4899.313333	1793.491211	12.828465
9158.340957	4899.313333	1792.488281	63.572166
9158.340957	4899.313333	1791.485352	18.964077
9158.340957	4899.313333	1790.482422	50.605713
9158.340957	4899.313333	1789.478516	70.313110
9158.340957	4899.313333	1788.475586	82.858353
9158.340957	4899.313333	1787.471680	28.712418
9158.340957	4899.313333	1786.467773	57.904152
9158.340957	4899.313333	1785.463867	-24.801838
9158.340957	4899.313333	1784.459961	78.144455
9158.340957	4899.313333	1783.455078	43.031906
9158.340957	4899.313333	1782.450195	41.228035
9158.340957	4899.313333	1781.445313	32.278210
9158.340957	4899.313333	1780.440430	68.504654
9158.340957	4899.313333	1779.435547	-85.504539
9158.340957	4899.313333	1778.429688	98.092690
9158.340957	4899.313333	1777.424805	34.430225
9158.340957	4899.313333	1776.418945	46.820610
9158.340957	4899.313333	1775.413086	-4.952301
9158.340957	4899.313333	1774.406250	-80.471786
9158.340957	4899.313333	1773.400391	12.647581
9158.340957	4899.313333	1772.393555	77.225113
9158.340957	4899.313333	1771.386719	82.416290
9158.340957	4899.313333	1770.379883	16.386591
9158.340957	4899.313333	1769.373047	45.295662
9158.340957	4899.313333	1768.365234	-63.433983
9158.340957	4899.313333	1767.358398	76.950897
9158.340957	4899.313333	1766.350586	29.899611
9158.340957	4899.313333	1765.342773	-7.660080
9158.340957	4899.313333	1764.334961	80.439026
9158.340957	4899.313333	1763.326172	73.674828
9158.340957	4899.313333	1762.318359	-75.295280
9158.340957	4899.313333	1761.309570	-112.854362
9158.340957	4899.313333	1760.300781	36.745461
9158.340957	4899.313333	1759.291016	29.946402
9158.340957	4899.313333	1758.282227	-21.855532
9158.340957	4899.313333	1757.272461	-16.825954
9158.340957	4899.313333	1756.262695	-30.748434
9158.340957	4899.313333	1755.252930	31.060844
9158.340957	4899.313333	1754.243164	107.032516
9158.340957	4899.313333	1753.233398	45.740547
9158.340957	4899.313333	1752.222656	-13.176405
9158.340957	4899.313333	1751.211914	-86.272842
9158.340957	4899.313333	1750.201172	93.654587
9158.340957	4899.313333	1749.190430	1.628571
9158.340957	4899.313333	1748.179688	-59.647057
9158.340957	4899.313333	1747.167969	65.781029
9158.340957	4899.313333	1746.156250	56.471413
9158.340957	4899.313333	1745.144531	56.602547
9158.340957	4899.313333	1744.132813	-30.667620
9158.340957	4899.313333	1743.121094	120.585701
9158.340957	4899.313333	1742.108398	137.192978
9158.340957	4899.313333	1741.095703	-51.582802
9158.340957	4899.313333	1740.083008	38.188046
9158.340957	4899.313333	1739.070313	61.843403
9158.340957	4899.313333	1738.057617	90.195518
9158.340957	4899.313333	1737.043945	50.120457
9158.340957	4899.313333	1736.030273	-6.459545
9158.340957	4899.313333	1735.016602	35.997501
9158.340957	4899.313333	1734.002930	-22.940536
9158.340957	4899.313333	1732.989258	-37.087139
9158.340957	4899.313333	1731.974609	-11.182500
9158.340957	4899.313333	1730.959961	-70.116577
9158.340957	4899.313333	1729.945313	-15.974082
9158.340957	4899.313333	1728.930664	16.939560
9158.340957	4899.313333	1727.916016	-53.776768
9158.340957	4899.313333	1726.900391	30.897432
9158.340957	4899.313333	1725.885742	30.793236
9158.340957	4899.313333	1724.870117	44.794643
9158.340957	4899.313333	1723.853516	105.833519
9158.340957	4899.313333	1722.837891	49.218296
9158.340957	4899.313333	1721.822266	-5.036159
9158.340957	4899.313333	1720.805664	-14.605201
9158.340957	4899.313333	1719.789063	-73.555412
9158.340957	4899.313333	1718.772461	-80.782051
9158.340957	4899.313333	1717.754883	48.288769
9158.340957	4899.313333	1716.738281	-57.671097
9158.340957	4899.313333	1715.720703	38.431396
9158.340957	4899.313333	1714.703125	61.671574
9158.340957	4899.313333	1713.685547	-140.551865
9158.340957	4899.313333	1712.667969	-4.611449
9158.340957	4899.313333	1711.649414	-54.186787
9158.340957	4899.313333	1710.630859	-16.916126
9158.340957	4899.313333	1709.612305	-17.216919
9158.340957	4899.313333	1708.593750	12.969208
9158.340957	4899.313333	1707.575195	-36.620899
9158.340957	4899.313333	1706.555664	63.887062
9158.340957	4899.313333	1705.536133	16.624443
9158.340957	4899.313333	1704.516602	13.909631
9158.340957	4899.313333	1703.497070	-42.725361
9158.340957	4899.313333	1702.477539	-52.482399
9158.340957	4899.313333	1701.457031	141.587234
9158.340957	4899.313333	1700.437500	68.526382
9158.340957	4899.313333	1699.416992	49.346706
9158.340957	4899.313333	1698.395508	32.501816
9158.340957	4899.313333	1697.375000	99.935013
9158.340957	4899.313333	1696.354492	73.701942
9158.340957	4899.313333	1695.333008	73.207565
9158.340957	4899.313333	1694.311523	-37.269421
9158.340957	4899.313333	1693.290039	-21.390593
9158.340957	4899.313333	1692.267578	-0.854036
9158.340957	4899.313333	1691.246094	-148.704361
9158.340957	4899.313333	1690.223633	-72.062653
9158.340957	4899.313333	1689.201172	41.938957
9158.340957	4899.313333	1688.178711	-0.701679
9158.340957	4899.313333	1687.155273	57.136646
9158.340957	4899.313333	1686.132813	-20.557123
9158.340957	4899.313333	1685.109375	11.546277
9158.340957	4899.313333	1684.085938	-10.086598
9158.340957	4899.313333	1683.062500	64.006958
9158.340957	4899.313333	1682.039063	75.031105
9158.340957	4899.313333	1681.014648	95.373360
9158.340957	4899.313333	1679.990234	13.021799
9158.340957	4899.313333	1678.965820	-13.315739
9158.340957	4899.313333	1677.941406	6.998017
9158.340957	4899.313333	1676.916992	90.261230
9158.340957	4899.313333	1675.891602	-36.375687
9158.340957	4899.313333	1674.866211	39.845669
9158.340957	4899.313333	1673.840820	90.387772
9158.340957	4899.313333	1672.815430	-12.905311
9158.340957	4899.313333	1671.790039	-22.972221
9158.340957	4899.313333	1670.763672	27.517832
9158.340957	4899.313333	1669.737305	1.119936
9158.340957	4899.313333	1668.710938	-109.106995
9158.340957	4899.313333	1667.684570	-77.286400
9158.340957	4899.313333	1666.658203	150.036133
9158.340957	4899.313333	1665.630859	137.553909
9158.340957	4899.313333	1664.603516	97.144829
9158.340957	4899.313333	1663.576172	0.909325
9158.340957	4899.313333	1662.548828	109.378242
9158.340957	4899.313333	1661.520508	38.734596
9158.340957	4899.313333	1660.493164	-59.789242
9158.340957	4899.313333	1659.464844	113.682930
9158.340957	4899.313333	1658.436523	50.021984
9158.340957	4899.313333	1657.408203	4.964832
9158.340957	4899.313333	1656.378906	57.486698
9158.340957	4899.313333	1655.350586	-43.319122
9158.340957	4899.313333	1654.321289	88.130524
9158.340957	4899.313333	1653.291992	45.382347
9158.340957	4899.313333	1652.261719	86.208656
9158.340957	4899.313333	1651.232422	-9.922668
9158.340957	4899.313333	1650.202148	-41.054745
9158.340957	4899.313333	1649.171875	64.698761
9158.340957	4899.313333	1648.141602	1.072088
9158.340957	4899.313333	1647.111328	85.886642
9158.340957	4899.313333	1646.080078	103.414940
9158.340957	4899.313333	1645.049805	127.884964
9158.340957	4899.313333	1644.018555	110.614365
9158.340957	4899.313333	1642.987305	188.353287
9158.340957	4899.313333	1641.955078	168.741684
9158.340957	4899.313333	1640.923828	130.600601
9158.340957	4899.313333	1639.891602	71.619705
9158.340957	4899.313333	1638.859375	160.848740
9158.340957	4899.313333	1637.827148	233.829849
9158.340957	4899.313333	1636.794922	272.055054
9158.340957	4899.313333	1635.761719	152.889648
9158.340957	4899.313333	1634.729492	188.787079
9158.340957	4899.313333	1633.696289	92.802406
9158.340957	4899.313333	1632.662109	214.253632
9158.340957	4899.313333	1631.628906	171.472183
9158.340957	4899.313333	1630.594727	193.432770
9158.340957	4899.313333	1629.561523	164.527420
9158.340957	4899.313333	1628.527344	110.202255
9158.340957	4899.313333	1627.493164	169.111618
9158.340957	4899.313333	1626.458008	258.021332
9158.340957	4899.313333	1625.423828	224.477753
9158.340957	4899.313333	1624.388672	331.803711
9158.340957	4899.313333	1623.353516	162.023895
9158.340957	4899.313333	1622.318359	269.308136
9158.340957	4899.313333	1621.282227	221.912003
9158.340957	4899.313333	1620.247070	396.048157
9158.340957	4899.313333	1619.210938	327.871399
9158.340957	4899.313333	1618.174805	257.409424
9158.340957	4899.313333	1617.137695	237.701447
9158.340957	4899.313333	1616.101563	294.085907
9158.340957	4899.313333	1615.064453	237.484940
9158.340957	4899.313333	1614.027344	273.092224
9158.340957	4899.313333	1612.990234	124.334953
9158.340957	4899.313333	1611.953125	247.488861
9158.340957	4899.313333	1610.916016	271.542664
9158.340957	4899.313333	1609.877930	272.550720
9158.340957	4899.313333	1608.839844	241.318802
9158.340957	4899.313333	1607.801758	260.741150
9158.340957	4899.313333	1606.763672	330.787842
9158.340957	4899.313333	1605.724609	306.452759
9158.340957	4899.313333	1604.685547	298.228668
9158.340957	4899.313333	1603.646484	220.995880
9158.340957	4899.313333	1602.607422	251.882462
9158.340957	4899.313333	1601.568359	252.862228
9158.340957	4899.313333	1600.528320	281.423157
9158.340957	4899.313333	1599.489258	390.420563
9158.340957	4899.313333	1598.449219	338.507019
9158.340957	4899.313333	1597.408203	362.429260
9158.340957	4899.313333	1596.368164	312.834412
9158.340957	4899.313333	1595.327148	488.330536
9158.340957	4899.313333	1594.287109	259.618744
9158.340957	4899.313333	1593.246094	283.530243
9158.340957	4899.313333	1592.204102	357.926086
9158.340957	4899.313333	1591.163086	400.165771
9158.340957	4899.313333	1590.121094	336.840057
9158.340957	4899.313333	1589.079102	321.712067
9158.340957	4899.313333	1588.037109	338.698944
9158.340957	4899.313333	1586.995117	247.902664
9158.340957	4899.313333	1585.953125	248.847855
9158.340957	4899.313333	1584.910156	254.374008
9158.340957	4899.313333	1583.867188	422.613647
9158.340957	4899.313333	1582.824219	233.341599
9158.340957	4899.313333	1581.781250	270.940094
9158.340957	4899.313333	1580.737305	246.680115
9158.340957	4899.313333	1579.693359	231.590378
9158.340957	4899.313333	1578.649414	195.901520
9158.340957	4899.313333	1577.605469	265.525085
9158.340957	4899.313333	1576.561523	136.011826
9158.340957	4899.313333	1575.516602	260.535980
9158.340957	4899.313333	1574.472656	181.407532
9158.340957	4899.313333	1573.427734	244.120590
9158.340957	4899.313333	1572.381836	270.219055
9158.340957	4899.313333	1571.336914	275.734283
9158.340957	4899.313333	1570.291016	274.389679
9158.340957	4899.313333	1569.246094	275.335724
9158.340957	4899.313333	1568.200195	189.449646
9158.340957	4899.313333	1567.153320	233.819550
9158.340957	4899.313333	1566.107422	253.051956
9158.340957	4899.313333	1565.060547	123.837082
9158.340957	4899.313333	1564.013672	140.804214
9158.340957	4899.313333	1562.966797	203.424271
9158.340957	4899.313333	1561.919922	202.117554
9158.340957	4899.313333	1560.872070	271.551849
9158.340957	4899.313333	1559.825195	322.713745
9158.340957	4899.313333	1558.777344	230.153885
9158.340957	4899.313333	1557.729492	215.173889
9158.340957	4899.313333	1556.680664	284.565796
9158.340957	4899.313333	1555.632813	276.429688
9158.340957	4899.313333	1554.583984	441.519165
9158.340957	4899.313333	1553.535156	317.146027
9158.340957	4899.313333	1552.486328	347.752869
9158.340957	4899.313333	1551.436523	289.513611
9158.340957	4899.313333	1550.387695	329.234802
9158.340957	4899.313333	1549.337891	252.818283
9158.340957	4899.313333	1548.288086	242.457703
9158.340957	4899.313333	1547.238281	213.898376
9158.340957	4899.313333	1546.187500	317.341095
9158.340957	4899.313333	1545.136719	291.064423
9158.340957	4899.313333	1544.086914	319.401672
9158.340957	4899.313333	1543.035156	327.261047
9158.340957	4899.313333	1541.984375	298.745911
9158.340957	4899.313333	1540.933594	265.702576
9158.340957	4899.313333	1539.881836	278.136627
9158.340957	4899.313333	1538.830078	286.028229
9158.340957	4899.313333	1537.778320	293.925446
9158.340957	4899.313333	1536.725586	213.233246
9158.340957	4899.313333	1535.673828	252.954239
9158.340957	4899.313333	1534.621094	229.086716
9158.340957	4899.313333	1533.568359	275.615204
9158.340957	4899.313333	1532.515625	285.817261
9158.340957	4899.313333	1531.461914	355.026093
9158.340957	4899.313333	1530.409180	249.513321
9158.340957	4899.313333	1529.355469	259.741119
9158.340957	4899.313333	1528.301758	260.902527
9158.340957	4899.313333	1527.247070	243.930420
9158.340957	4899.313333	1526.193359	217.909775
9158.340957	4899.313333	1525.138672	189.640778
9158.340957	4899.313333	1524.083984	170.458481
9158.340957	4899.313333	1523.029297	316.695587
9158.340957	4899.313333	1521.974609	177.455811
9158.340957	4899.313333	1520.918945	187.761444
9158.340957	4899.313333	1519.863281	143.728256
9158.340957	4899.313333	1518.807617	206.131363
9158.340957	4899.313333	1517.751953	352.272186
9158.340957	4899.313333	1516.696289	165.693878
9158.340957	4899.313333	1515.639648	246.190308
9158.340957	4899.313333	1514.583008	181.887436
9158.340957	4899.313333	1513.526367	246.541779
9158.340957	4899.313333	1512.469727	252.389862
9158.340957	4899.313333	1511.412109	84.161377
9158.340957	4899.313333	1510.355469	200.824463
9158.340957	4899.313333	1509.297852	19.139883
9158.340957	4899.313333	1508.240234	22.819448
9158.340957	4899.313333	1507.181641	35.545555
9158.340957	4899.313333	1506.124023	170.247162
9158.340957	4899.313333	1505.065430	151.353119
9158.340957	4899.313333	1504.006836	148.284637
9158.340957	4899.313333	1502.948242	52.683983
9158.340957	4899.313333	1501.888672	2.270244
9158.340957	4899.313333	1500.830078	75.993477
9158.340957	4899.313333	1499.770508	91.046577
9158.340957	4899.313333	1498.710938	47.466908
9158.340957	4899.313333	1497.650391	78.333466
9158.340957	4899.313333	1496.590820	16.768070
9158.340957	4899.313333	1495.530273	-33.488670
9158.340957	4899.313333	1494.469727	44.750206
9158.340957	4899.313333	1493.409180	21.578617
9158.340957	4899.313333	1492.348633	54.752338
9158.340957	4899.313333	1491.287109	20.357302
9158.340957	4899.313333	1490.225586	-7.251633
9158.340957	4899.313333	1489.164063	-43.838711
9158.340957	4899.313333	1488.102539	81.677292
9158.340957	4899.313333	1487.041016	20.365614
9158.340957	4899.313333	1485.978516	76.098404
9158.340957	4899.313333	1484.916016	68.838104
9158.340957	4899.313333	1483.853516	-44.116306
9158.340957	4899.313333	1482.791016	54.375710
9158.340957	4899.313333	1481.727539	17.947588
9158.340957	4899.313333	1480.664063	26.512869
9158.340957	4899.313333	1479.600586	-32.323563
9158.340957	4899.313333	1478.537109	95.350075
9158.340957	4899.313333	1477.473633	50.025616
9158.340957	4899.313333	1476.409180	108.048508
9158.340957	4899.313333	1475.344727	13.428864
9158.340957	4899.313333	1474.280273	199.405121
9158.340957	4899.313333	1473.215820	33.058228
9158.340957	4899.313333	1472.151367	5.781151
9158.340957	4899.313333	1471.085938	-54.914814
9158.340957	4899.313333	1470.020508	-3.576037
9158.340957	4899.313333	1468.955078	52.312263
9158.340957	4899.313333	1467.888672	-19.388216
9158.340957	4899.313333	1466.823242	49.795376
9158.340957	4899.313333	1465.756836	80.912712
9158.340957	4899.313333	1464.690430	130.074539
9158.340957	4899.313333	1463.624023	54.077396
9158.340957	4899.313333	1462.556641	163.611908
9158.340957	4899.313333	1461.490234	54.128250
9158.340957	4899.313333	1460.422852	219.359177
9158.340957	4899.313333	1459.355469	71.862823
9158.340957	4899.313333	1458.287109	118.939285
9158.340957	4899.313333	1457.219727	76.491714
9158.340957	4899.313333	1456.151367	150.389709
9158.340957	4899.313333	1455.083008	241.853928
9158.340957	4899.313333	1454.014648	119.805405
9158.340957	4899.313333	1452.945313	224.558472
9158.340957	4899.313333	1451.876953	26.616165
9158.340957	4899.313333	1450.807617	136.137344
9158.340957	4899.313333	1449.738281	281.204376
9158.340957	4899.313333	1448.668945	283.526398
9158.340957	4899.313333	1447.598633	337.318665
9158.340957	4899.313333	1446.528320	173.057556
9158.340957	4899.313333	1445.458008	181.533707
9158.340957	4899.313333	1444.387695	219.552902
9158.340957	4899.313333	1443.317383	175.668427
9158.340957	4899.313333	1442.246094	267.223663
9158.340957	4899.313333	1441.174805	209.222687
9158.340957	4899.313333	1440.103516	116.431190
9158.340957	4899.313333	1439.032227	179.139801
9158.340957	4899.313333	1437.960938	145.777832
9158.340957	4899.313333	1436.888672	135.036377
9158.340957	4899.313333	1435.816406	180.332962
9158.340957	4899.313333	1434.744141	208.427917
9158.340957	4899.313333	1433.670898	143.270737
9158.340957	4899.313333	1432.598633	106.341156
9158.340957	4899.313333	1431.525391	186.582016
9158.340957	4899.313333	1430.452148	243.701233
9158.340957	4899.313333	1429.378906	186.644180
9158.340957	4899.313333	1428.304688	98.134895
9158.340957	4899.313333	1427.231445	1.372090
9158.340957	4899.313333	1426.157227	0.528812
9158.340957	4899.313333	1425.083008	21.997913
9158.340957	4899.313333	1424.007813	60.181210
9158.340957	4899.313333	1422.933594	-17.889738
9158.340957	4899.313333	1421.858398	79.099884
9158.340957	4899.313333	1420.783203	49.764511
9158.340957	4899.313333	1419.708008	-18.628708
9158.340957	4899.313333	1418.631836	82.766983
9158.340957	4899.313333	1417.555664	9.514660
9158.340957	4899.313333	1416.479492	148.797989
9158.340957	4899.313333	1415.403320	8.532042
9158.340957	4899.313333	1414.327148	8.662205
9158.340957	4899.313333	1413.250000	18.488459
9158.340957	4899.313333	1412.173828	35.628288
9158.340957	4899.313333	1411.096680	-32.233891
9158.340957	4899.313333	1410.018555	-28.878716
9158.340957	4899.313333	1408.941406	-51.725723
9158.340957	4899.313333	1407.863281	-42.176537
9158.340957	4899.313333	1406.785156	34.491089
9158.340957	4899.313333	1405.707031	-123.160545
9158.340957	4899.313333	1404.628906	14.254813
9158.340957	4899.313333	1403.549805	-100.602531
9158.340957	4899.313333	1402.470703	-9.195496
9158.340957	4899.313333	1401.391602	-50.872684
9158.340957	4899.313333	1400.312500	-109.269089
9158.340957	4899.313333	1399.233398	16.952734
9158.340957	4899.313333	1398.153320	-84.104683
9158.340957	4899.313333	1397.073242	-65.788414
9158.340957	4899.313333	1395.993164	-81.222961
9158.340957	4899.313333	1394.913086	-56.048191
9158.340957	4899.313333	1393.832031	-136.894379
9158.340957	4899.313333	1392.750977	-33.435875
9158.340957	4899.313333	1391.669922	11.576610
9158.340957	4899.313333	1390.588867	-50.194809
9158.340957	4899.313333	1389.506836	-0.081242
9158.340957	4899.313333	1388.425781	-103.988548
9158.340957	4899.313333	1387.343750	-68.988594
9158.340957	4899.313333	1386.261719	-109.853294
9158.340957	4899.313333	1385.178711	57.315819
9158.340957	4899.313333	1384.096680	-71.949081
9158.340957	4899.313333	1383.013672	-14.926466
9158.340957	4899.313333	1381.930664	-36.408375
9158.340957	4899.313333	1380.846680	-5.034816
9158.340957	4899.313333	1379.763672	95.024757
9158.340957	4899.313333	1378.679688	63.420280
9158.340957	4899.313333	1377.595703	-13.497324
9158.340957	4899.313333	1376.511719	-22.439745
9158.340957	4899.313333	1375.427734	52.457985
9158.340957	4899.313333	1374.342773	64.386070
9158.340957	4899.313333	1373.257813	39.412846
9158.340957	4899.313333	1372.172852	-77.845016
9158.340957	4899.313333	1371.087891	84.918121
9158.340957	4899.313333	1370.001953	57.364964
9158.340957	4899.313333	1368.916992	3.345797
9158.340957	4899.313333	1367.831055	14.974664
9158.340957	4899.313333	1366.744141	53.498177
9158.340957	4899.313333	1365.658203	-52.926876
9158.340957	4899.313333	1364.571289	72.538773
9158.340957	4899.313333	1363.484375	30.493504
9158.340957	4899.313333	1362.397461	89.275642
9158.340957	4899.313333	1361.310547	64.618042
9158.340957	4899.313333	1360.222656	139.454132
9158.340957	4899.313333	1359.135742	117.936462
9158.340957	4899.313333	1358.047852	105.855774
9158.340957	4899.313333	1356.958984	-39.237633
9158.340957	4899.313333	1355.871094	114.945869
9158.340957	4899.313333	1354.782227	133.648315
9158.340957	4899.313333	1353.693359	113.628479
9158.340957	4899.313333	1352.604492	69.194893
9158.340957	4899.313333	1351.515625	144.958817
9158.340957	4899.313333	1350.425781	154.440277
9158.340957	4899.313333	1349.335938	141.572754
9158.340957	4899.313333	1348.246094	249.750717
9158.340957	4899.313333	1347.156250	189.515076
9158.340957	4899.313333	1346.066406	213.542542
9158.340957	4899.313333	1344.975586	166.056839
9158.340957	4899.313333	1343.884766	192.113419
9158.340957	4899.313333	1342.793945	272.567627
9158.340957	4899.313333	1341.702148	191.251709
9158.340957	4899.313333	1340.611328	190.024414
9158.340957	4899.313333	1339.519531	135.021469
9158.340957	4899.313333	1338.427734	63.121414
9158.340957	4899.313333	1337.334961	-10.557804
9158.340957	4899.313333	1336.243164	114.279877
9158.340957	4899.313333	1335.150391	218.843613
9158.340957	4899.313333	1334.057617	56.660759
9158.340957	4899.313333	1332.964844	197.562759
9158.340957	4899.313333	1331.871094	234.936691
9158.340957	4899.313333	1330.778320	89.261009
9158.340957	4899.313333	1329.684570	248.061493
9158.340957	4899.313333	1328.590820	112.162239
9158.340957	4899.313333	1327.496094	156.429443
9158.340957	4899.313333	1326.402344	219.988800
9158.340957	4899.313333	1325.307617	217.317932
9158.340957	4899.313333	1324.212891	116.588509
9158.340957	4899.313333	1323.117188	195.382111
9158.340957	4899.313333	1322.022461	250.579636
9158.340957	4899.313333	1320.926758	208.056351
9158.340957	4899.313333	1319.831055	208.659561
9158.340957	4899.313333	1318.735352	276.641632
9158.340957	4899.313333	1317.638672	51.797825
9158.340957	4899.313333	1316.542969	251.624329
9158.340957	4899.313333	1315.446289	112.271217
9158.340957	4899.313333	1314.349609	158.763245
9158.340957	4899.313333	1313.251953	55.914566
9158.340957	4899.313333	1312.155273	116.218994
9158.340957	4899.313333	1311.057617	92.782578
9158.340957	4899.313333	1309.959961	55.363361
9158.340957	4899.313333	1308.862305	41.237072
9158.340957	4899.313333	1307.763672	55.626434
9158.340957	4899.313333	1306.665039	-20.482555
9158.340957	4899.313333	1305.566406	0.301066
9158.340957	4899.313333	1304.467773	7.056487
9158.340957	4899.313333	1303.369141	-52.625141
9158.340957	4899.313333	1302.269531	-13.627699
9158.340957	4899.313333	1301.169922	84.774452
9158.340957	4899.313333	1300.070313	36.663670
9158.340957	4899.313333	1298.970703	-8.716068
9158.340957	4899.313333	1297.870117	-49.314983
9158.340957	4899.313333	1296.769531	-48.600876
9158.340957	4899.313333	1295.668945	-119.779968
9158.340957	4899.313333	1294.568359	0.833351
9158.340957	4899.313333	1293.466797	-42.567020
9158.340957	4899.313333	1292.366211	-12.127912
9158.340957	4899.313333	1291.264648	49.748363
9158.340957	4899.313333	1290.162109	-118.909760
9158.340957	4899.313333	1289.060547	48.102104
9158.340957	4899.313333	1287.958008	31.488916
9158.340957	4899.313333	1286.855469	36.460674
9158.340957	4899.313333	1285.752930	-21.299948
9158.340957	4899.313333	1284.650391	-31.521648
9158.340957	4899.313333	1283.546875	53.495224
9158.340957	4899.313333	1282.444336	33.625233
9158.340957	4899.313333	1281.339844	23.154034
9158.340957	4899.313333	1280.236328	33.418396
9158.340957	4899.313333	1279.132813	139.821106
9158.340957	4899.313333	1278.028320	99.328972
9158.340957	4899.313333	1276.923828	48.614479
9158.340957	4899.313333	1275.819336	135.803406
9158.340957	4899.313333	1274.713867	42.011280
9158.340957	4899.313333	1273.608398	5.333147
9158.340957	4899.313333	1272.503906	-38.297405
9158.340957	4899.313333	1271.397461	13.750406
9158.340957	4899.313333	1270.291992	75.070007
9158.340957	4899.313333	1269.185547	42.664486
9158.340957	4899.313333	1268.080078	-46.511436
9158.340957	4899.313333	1266.972656	106.329445
9158.340957	4899.313333	1265.866211	63.921719
9158.340957	4899.313333	1264.759766	113.542381
9158.340957	4899.313333	1263.652344	36.977024
9158.340957	4899.313333	1262.544922	109.461143
9158.340957	4899.313333	1261.436523	45.557209
9158.340957	4899.313333	1260.329102	97.185555
9158.340957	4899.313333	1259.220703	84.293358
9158.340957	4899.313333	1258.112305	10.197611
9158.340957	4899.313333	1257.003906	31.086079
9158.340957	4899.313333	1255.895508	30.637012
9158.340957	4899.313333	1254.786133	37.282822
9158.340957	4899.313333	1253.676758	81.800888
9158.340957	4899.313333	1252.567383	125.275940
9158.340957	4899.313333	1251.458008	56.769291
9158.340957	4899.313333	1250.347656	14.311047
9158.340957	4899.313333	1249.237305	9.888004
9158.340957	4899.313333	1248.126953	-43.231506
9158.340957	4899.313333	1247.016602	122.757469
9158.340957	4899.313333	1245.905273	4.968321
9158.340957	4899.313333	1244.793945	45.697868
9158.340957	4899.313333	1243.682617	80.837234
9158.340957	4899.313333	1242.571289	123.085907
9158.340957	4899.313333	1241.459961	129.288132
9158.340957	4899.313333	1240.347656	51.589813
9158.340957	4899.313333	1239.235352	70.632210
9158.340957	4899.313333	1238.123047	53.793491
9158.340957	4899.313333	1237.009766	61.347054
9158.340957	4899.313333	1235.897461	74.125801
9158.340957	4899.313333	1234.784180	45.511711
9158.340957	4899.313333	1233.670898	81.903282
9158.340957	4899.313333	1232.556641	108.263397
9158.340957	4899.313333	1231.443359	106.573326
9158.340957	4899.313333	1230.329102	78.029800
9158.340957	4899.313333	1229.214844	-43.773140
9158.340957	4899.313333	1228.099609	-39.282764
9158.340957	4899.313333	1226.985352	4.307831
9158.340957	4899.313333	1225.870117	78.382935
9158.340957	4899.313333	1224.754883	55.049488
9158.340957	4899.313333	1223.639648	25.791376
9158.340957	4899.313333	1222.523438	68.027344
9158.340957	4899.313333	1221.408203	-24.095203
9158.340957	4899.313333	1220.291992	87.207985
9158.340957	4899.313333	1219.174805	29.636648
9158.340957	4899.313333	1218.058594	18.059578
9158.340957	4899.313333	1216.941406	-9.934000
9158.340957	4899.313333	1215.824219	-9.588030
9158.340957	4899.313333	1214.707031	-31.762617
9158.340957	4899.313333	1213.589844	-16.105463
9158.340957	4899.313333	1212.471680	-31.559113
9158.340957	4899.313333	1211.353516	-103.565773
9158.340957	4899.313333	1210.235352	-26.498005
9158.340957	4899.313333	1209.117188	13.154451
9158.340957	4899.313333	1207.998047	-33.559235
9158.340957	4899.313333	1206.878906	-56.334949
9158.340957	4899.313333	1205.759766	-3.219813
9158.340957	4899.313333	1204.640625	-84.318802
9158.340957	4899.313333	1203.520508	1.225615
9158.340957	4899.313333	1202.401367	-36.384136
9158.340957	4899.313333	1201.281250	-67.526741
9158.340957	4899.313333	1200.160156	8.823441
9158.340957	4899.313333	1199.040039	-42.329906
9158.340957	4899.313333	1197.918945	-41.916477
9158.340957	4899.313333	1196.797852	-42.986931
9158.340957	4899.313333	1195.676758	-13.249505
9158.340957	4899.313333	1194.555664	-28.790630
9158.340957	4899.313333	1193.433594	19.625175
9158.340957	4899.313333	1192.311523	21.918446
9158.340957	4899.313333	1191.189453	-59.803391
9158.340957	4899.313333	1190.066406	35.565750
9158.340957	4899.313333	1188.944336	-31.836924
9158.340957	4899.313333	1187.821289	-35.383228
9158.340957	4899.313333	1186.698242	33.331501
9158.340957	4899.313333	1185.574219	55.995136
9158.340957	4899.313333	1184.451172	10.539323
9158.340957	4899.313333	1183.327148	-19.562052
9158.340957	4899.313333	1182.203125	87.732155
9158.340957	4899.313333	1181.078125	1.420599
9158.340957	4899.313333	1179.954102	56.154427
9158.340957	4899.313333	1178.829102	65.177040
9158.340957	4899.313333	1177.704102	19.553759
9158.340957	4899.313333	1176.579102	11.338797
9158.340957	4899.313333	1175.453125	16.949017
9158.340957	4899.313333	1174.327148	69.410446
9158.340957	4899.313333	1173.201172	64.597603
9158.340957	4899.313333	1172.075195	23.956055
9158.340957	4899.313333	1170.949219	20.955549
9158.340957	4899.313333	1169.822266	67.525146
9158.340957	4899.313333	1168.695313	78.662804
9158.340957	4899.313333	1167.568359	-46.935905
9158.340957	4899.313333	1166.440430	51.886837
9158.340957	4899.313333	1165.313477	-8.760964
9158.340957	4899.313333	1164.185547	4.626479
9158.340957	4899.313333	1163.057617	74.558136
9158.340957	4899.313333	1161.928711	-33.505939
9158.340957	4899.313333	1160.800781	10.320855
9158.340957	4899.313333	1159.671875	85.595306
9158.340957	4899.313333	1158.541992	60.366238
9158.340957	4899.313333	1157.413086	-18.509474
9158.340957	4899.313333	1156.283203	83.463882
9158.340957	4899.313333	1155.154297	-47.271366
9158.340957	4899.313333	1154.023438	28.734852
9158.340957	4899.313333	1152.893555	-11.142521
9158.340957	4899.313333	1151.763672	45.332657
9158.340957	4899.313333	1150.632813	21.083271
9158.340957	4899.313333	1149.501953	10.054892
9158.340957	4899.313333	1148.370117	-24.461931
9158.340957	4899.313333	1147.239258	-38.989605
9158.340957	4899.313333	1146.107422	15.393744
9158.340957	4899.313333	1144.975586	30.218199
9158.340957	4899.313333	1143.843750	-8.320401
9158.340957	4899.313333	1142.710938	8.515966
9158.340957	4899.313333	1141.578125	19.061363
9158.340957	4899.313333	1140.445313	37.486485
9158.340957	4899.313333	1139.312500	-42.919315
9158.340957	4899.313333	1138.178711	9.039963
9158.340957	4899.313333	1137.045898	-7.905733
9158.340957	4899.313333	1135.912109	14.199274
9158.340957	4899.313333	1134.777344	3.313990
9158.340957	4899.313333	1133.643555	-124.682167
9158.340957	4899.313333	1132.508789	-46.850170
9158.340957	4899.313333	1131.374023	-65.141029
9158.340957	4899.313333	1130.239258	-30.225334
9158.340957	4899.313333	1129.104492	-140.703140
9158.340957	4899.313333	1127.968750	-116.482010
9158.340957	4899.313333	1126.833008	-13.207507
9158.340957	4899.313333	1125.697266	-78.828049
9158.340957	4899.313333	1124.560547	-30.200945
9158.340957	4899.313333	1123.424805	-2.501767
9158.340957	4899.313333	1122.288086	-71.978424
9158.340957	4899.313333	1121.151367	-12.012486
9158.340957	4899.313333	1120.013672	-51.679806
9158.340957	4899.313333	1118.876953	-39.617039
9158.340957	4899.313333	1117.739258	-21.346102
9158.340957	4899.313333	1116.601563	0.455835
9158.340957	4899.313333	1115.462891	2.970195
9158.340957	4899.313333	1114.324219	-40.124447
9158.340957	4899.313333	1113.186523	13.338809
9158.340957	4899.313333	1112.046875	-104.194626
9158.340957	4899.313333	1110.908203	-82.205391
9158.340957	4899.313333	1109.769531	11.490111
9158.340957	4899.313333	1108.629883	-22.796144
9158.340957	4899.313333	1107.490234	-87.472900
9158.340957	4899.313333	1106.349609	82.289368
9158.340957	4899.313333	1105.209961	-15.642501
9158.340957	4899.313333	1104.069336	-79.512375
9158.340957	4899.313333	1102.928711	-64.780701
9158.340957	4899.313333	1101.787109	11.230631
9158.340957	4899.313333	1100.646484	10.765048
9158.340957	4899.313333	1099.504883	40.902058
9158.340957	4899.313333	1098.363281	13.065557
9158.340957	4899.313333	1097.221680	-83.125206
9158.340957	4899.313333	1096.079102	-26.217524
9158.340957	4899.313333	1094.936523	56.355621
9158.340957	4899.313333	1093.793945	-10.898583
9158.340957	4899.313333	1092.651367	95.894005
9158.340957	4899.313333	1091.507813	53.078381
9158.340957	4899.313333	1090.364258	-36.009583
9158.340957	4899.313333	1089.220703	66.718620
9158.340957	4899.313333	1088.077148	21.338058
9158.340957	4899.313333	1086.933594	34.447983
9158.340957	4899.313333	1085.789063	-33.388905
9158.340957	4899.313333	1084.644531	51.040558
9158.340957	4899.313333	1083.499023	40.475559
9158.340957	4899.313333	1082.354492	-43.389782
9158.340957	4899.313333	1081.208984	66.434738
9158.340957	4899.313333	1080.063477	16.372305
9158.340957	4899.313333	1078.917969	41.887905
9158.340957	4899.313333	1077.771484	122.817589
9158.340957	4899.313333	1076.625977	31.339283
9158.340957	4899.313333	1075.479492	87.418144
9158.340957	4899.313333	1074.332031	44.491283
9158.340957	4899.313333	1073.185547	42.920078
9158.340957	4899.313333	1072.038086	88.604416
9158.340957	4899.313333	1070.890625	-78.974274
9158.340957	4899.313333	1069.743164	-3.804597
9158.340957	4899.313333	1068.594727	50.742352
9158.340957	4899.313333	1067.447266	36.309372
9158.340957	4899.313333	1066.298828	14.411678
9158.340957	4899.313333	1065.149414	19.057442
9158.340957	4899.313333	1064.000977	84.687172
9158.340957	4899.313333	1062.851563	62.031086
9158.340957	4899.313333	1061.702148	51.697956
9158.340957	4899.313333	1060.552734	37.775120
9158.340957	4899.313333	1059.402344	20.131847
9158.340957	4899.313333	1058.252930	112.912933
9158.340957	4899.313333	1057.102539	23.921917
9158.340957	4899.313333	1055.951172	42.985832
9158.340957	4899.313333	1054.800781	1.506664
9158.340957	4899.313333	1053.649414	60.051525
9158.340957	4899.313333	1052.498047	-17.060934
9158.340957	4899.313333	1051.346680	14.626761
9158.340957	4899.313333	1050.194336	-23.276007
9158.340957	4899.313333	1049.042969	-15.106569
9158.340957	4899.313333	1047.890625	1.952510
9158.340957	4899.313333	1046.738281	113.596207
9158.340957	4899.313333	1045.584961	2.902589
9158.340957	4899.313333	1044.431641	68.807884
9158.340957	4899.313333	1043.278320	131.778854
9158.340957	4899.313333	1042.125000	56.631393
9158.340957	4899.313333	1040.971680	297.419922
9158.340957	4899.313333	1039.817383	110.924072
9158.340957	4899.313333	1038.663086	129.098740
9158.340957	4899.313333	1037.508789	80.914856
9158.340957	4899.313333	1036.353516	26.544611
9158.340957	4899.313333	1035.198242	152.155823
9158.340957	4899.313333	1034.042969	181.549515
9158.340957	4899.313333	1032.887695	150.882385
9158.340957	4899.313333	1031.732422	231.054855
9158.340957	4899.313333	1030.576172	148.800537
9158.340957	4899.313333	1029.419922	186.297638
9158.340957	4899.313333	1028.263672	84.880585
9158.340957	4899.313333	1027.106445	96.854782
9158.340957	4899.313333	1025.949219	127.113792
9158.340957	4899.313333	1024.792969	160.767334
9158.340957	4899.313333	1023.634766	38.639843
9158.340957	4899.313333	1022.477539	30.065100
9158.340957	4899.313333	1021.319336	89.828041
9158.340957	4899.313333	1020.161133	100.031082
9158.340957	4899.313333	1019.002930	38.437416
9158.340957	4899.313333	1017.843750	66.763680
9158.340957	4899.313333	1016.684570	241.214874
9158.340957	4899.313333	1015.525391	105.138184
9158.340957	4899.313333	1014.366211	76.149132
9158.340957	4899.313333	1013.207031	49.640064
9158.340957	4899.313333	1012.046875	205.885391
9158.340957	4899.313333	1010.886719	26.140768
9158.340957	4899.313333	1009.726563	41.517796
9158.340957	4899.313333	1008.565430	138.091858
9158.340957	4899.313333	1007.404297	191.655289
9158.340957	4899.313333	1006.243164	189.261108
9158.340957	4899.313333	1005.082031	89.424988
9158.340957	4899.313333	1003.920898	84.113754
9158.340957	4899.313333	1002.758789	142.167877
9158.340957	4899.313333	1001.596680	77.144157
9158.340957	4899.313333	1000.433594	245.594955
9158.340957	4899.313333	999.271484	40.356403
9158.340957	4899.313333	998.108398	189.989166
9158.340957	4899.313333	996.945313	162.051605
9158.340957	4899.313333	995.782227	106.951019
9158.340957	4899.313333	994.618164	46.628567
9158.340957	4899.313333	993.454102	185.160995
9158.340957	4899.313333	992.290039	203.215866
9158.340957	4899.313333	991.125977	103.084488
9158.340957	4899.313333	989.960938	123.909882
9158.340957	4899.313333	988.796875	92.888634
9158.340957	4899.313333	987.630859	290.827789
9158.340957	4899.313333	986.465820	173.235611
9158.340957	4899.313333	985.300781	251.182159
9158.340957	4899.313333	984.134766	248.152863
9158.340957	4899.313333	982.968750	180.448044
9158.340957	4899.313333	981.801758	250.305588
9158.340957	4899.313333	980.635742	80.231163
9158.340957	4899.313333	979.468750	172.094711
9158.340957	4899.313333	978.301758	198.298431
9158.340957	4899.313333	977.133789	158.936356
9158.340957	4899.313333	975.966797	183.318222
9158.340957	4899.313333	974.798828	204.577560
9158.340957	4899.313333	973.630859	85.268219
9158.340957	4899.313333	972.461914	148.964157
9158.340957	4899.313333	971.293945	192.284851
9158.340957	4899.313333	970.125000	143.079239
9158.340957	4899.313333	968.956055	183.188889
9158.340957	4899.313333	967.786133	195.125412
9158.340957	4899.313333	966.617188	-27.852919
9158.340957	4899.313333	965.447266	102.754852
9158.340957	4899.313333	964.276367	38.378227
9158.340957	4899.313333	963.106445	90.902283
9158.340957	4899.313333	961.935547	106.589111
9158.340957	4899.313333	960.764648	97.840179
9158.340957	4899.313333	959.593750	81.586990
9158.340957	4899.313333	958.422852	30.881674
9158.340957	4899.313333	957.250977	85.249657
9158.340957	4899.313333	956.079102	29.980412
9158.340957	4899.313333	954.907227	-120.074371
9158.340957	4899.313333	953.734375	-154.517975
9158.340957	4899.313333	952.562500	-28.285580
9158.340957	4899.313333	951.389648	-109.333138
9158.340957	4899.313333	950.215820	-31.179602
9158.340957	4899.313333	949.042969	67.111748
9158.340957	4899.313333	947.869141	101.470139
9158.340957	4899.313333	946.695313	55.107533
9158.340957	4899.313333	945.521484	75.732071
9158.340957	4899.313333	944.346680	82.284332
9158.340957	4899.313333	943.172852	-21.762197
9158.340957	4899.313333	941.998047	42.484222
9158.340957	4899.313333	940.822266	57.992435
9158.340957	4899.313333	939.647461	52.938168
9158.340957	4899.313333	938.471680	-30.284962
9158.340957	4899.313333	937.295898	-65.408966
9158.340957	4899.313333	936.119141	58.595272
9158.340957	4899.313333	934.943359	30.379650
9158.340957	4899.313333	933.766602	-36.825882
9158.340957	4899.313333	932.589844	36.289692
9158.340957	4899.313333	931.413086	81.765083
9158.340957	4899.313333	930.235352	26.010946
9158.340957	4899.313333	929.057617	34.684277
9158.340957	4899.313333	927.879883	-27.984060
9158.340957	4899.313333	926.702148	61.133274
9158.340957	4899.313333	925.523438	51.329208
9158.340957	4899.313333	924.344727	0.154841
9158.340957	4899.313333	923.166016	-30.342564
9158.340957	4899.313333	921.987305	104.618881
9158.340957	4899.313333	920.807617	-40.790737
9158.340957	4899.313333	919.627930	-40.789322
9158.340957	4899.313333	919.497070	96.394417
9158.340957	4899.313333	918.331055	95.708107
9158.340957	4899.313333	917.165039	90.416855
9158.340957	4899.313333	915.999023	0.171200
9158.340957	4899.313333	914.833008	79.801361
9158.340957	4899.313333	913.666016	44.645081
9158.340957	4899.313333	912.499023	-8.864598
9158.340957	4899.313333	911.332031	24.802990
9158.340957	4899.313333	910.165039	-40.172802
9158.340957	4899.313333	908.997070	-24.880798
9158.340957	4899.313333	907.830078	-71.504250
9158.340957	4899.313333	906.661133	-3.519408
9158.340957	4899.313333	905.493164	-100.566422
9158.340957	4899.313333	904.325195	45.270515
9158.340957	4899.313333	903.156250	44.436241
9158.340957	4899.313333	901.987305	-22.823614
9158.340957	4899.313333	900.818359	-85.488144
9158.340957	4899.313333	899.648438	51.024662
9158.340957	4899.313333	898.478516	47.856464
9158.340957	4899.313333	897.308594	-5.663730
9158.340957	4899.313333	896.138672	-45.445683
9158.340957	4899.313333	894.968750	-30.325424
9158.340957	4899.313333	893.797852	-8.361125
9158.340957	4899.313333	892.626953	52.453423
9158.340957	4899.313333	891.456055	104.089066
9158.340957	4899.313333	890.284180	155.693680
9158.340957	4899.313333	889.113281	90.730995
9158.340957	4899.313333	887.941406	114.882820
9158.340957	4899.313333	886.768555	200.685654
9158.340957	4899.313333	885.596680	204.233673
9158.340957	4899.313333	884.423828	191.788696
9158.340957	4899.313333	883.250977	129.120178
9158.340957	4899.313333	882.078125	96.137436
9158.340957	4899.313333	880.905273	42.623585
9158.340957	4899.313333	879.731445	64.405121
9158.340957	4899.313333	878.557617	26.867990
9158.340957	4899.313333	877.383789	71.430786
9158.340957	4899.313333	876.209961	154.725250
9158.340957	4899.313333	875.035156	169.594437
9158.340957	4899.313333	873.860352	154.822784
9158.340957	4899.313333	872.685547	135.492432
9158.340957	4899.313333	871.510742	102.494148
9158.340957	4899.313333	870.334961	103.664894
9158.340957	4899.313333	869.159180	66.116966
9158.340957	4899.313333	867.983398	28.577307
9158.340957	4899.313333	866.807617	182.243561
9158.340957	4899.313333	865.630859	269.844269
9158.340957	4899.313333	864.454102	255.016861
9158.340957	4899.313333	863.277344	206.066925
9158.340957	4899.313333	862.100586	154.856171
9158.340957	4899.313333	860.922852	233.268097
9158.340957	4899.313333	859.745117	191.152863
9158.340957	4899.313333	858.567383	108.136559
9158.340957	4899.313333	857.389648	272.843597
9158.340957	4899.313333	856.210938	126.216782
9158.340957	4899.313333	855.032227	102.305267
9158.340957	4899.313333	853.853516	153.342316
9158.340957	4899.313333	852.674805	122.612000
9158.340957	4899.313333	851.495117	162.261703
9158.340957	4899.313333	850.315430	40.745369
9158.340957	4899.313333	849.135742	230.150497
9158.340957	4899.313333	847.956055	206.214050
9158.340957	4899.313333	846.775391	125.575813
9158.340957	4899.313333	845.595703	44.966309
9158.340957	4899.313333	844.415039	125.363747
9158.340957	4899.313333	843.233398	126.383232
9158.340957	4899.313333	842.052734	125.132004
9158.340957	4899.313333	840.871094	137.471786
9158.340957	4899.313333	839.689453	29.733477
9158.340957	4899.313333	838.506836	-46.255398
9158.340957	4899.313333	837.325195	63.473255
9158.340957	4899.313333	836.142578	-73.628769
9158.340957	4899.313333	834.959961	-36.382671
9158.340957	4899.313333	833.777344	-73.838638
9158.340957	4899.313333	832.593750	8.637231
9158.340957	4899.313333	831.410156	-1.674216
9158.340957	4899.313333	830.226563	12.894117
9158.340957	4899.313333	829.042969	-117.267044
9158.340957	4899.313333	827.858398	-91.384178
9158.340957	4899.313333	826.673828	-72.296295
9158.340957	4899.313333	825.489258	7.796508
9158.340957	4899.313333	824.304688	67.518829
9158.340957	4899.313333	823.120117	2.972809
9158.340957	4899.313333	821.934570	37.822094
9158.340957	4899.313333	820.749023	-8.633412
9158.340957	4899.313333	819.562500	84.893463
9158.340957	4899.313333	818.376953	-13.470445
9158.340957	4899.313333	817.190430	-53.125248
9158.340957	4899.313333	816.003906	-61.180466
9158.340957	4899.313333	814.817383	-73.746124
9158.340957	4899.313333	813.629883	-32.184738
9158.340957	4899.313333	812.442383	-19.954203
9158.340957	4899.313333	811.254883	17.065910
9158.340957	4899.313333	810.067383	4.485044
9158.340957	4899.313333	808.878906	-26.119865
9158.340957	4899.313333	807.690430	10.871644
9158.340957	4899.313333	806.501953	-67.026207
9158.340957	4899.313333	805.313477	26.253050
9158.340957	4899.313333	804.124023	-103.403603
9158.340957	4899.313333	802.934570	-70.936501
9158.340957	4899.313333	801.745117	-74.493050
9158.340957	4899.313333	800.555664	-37.548538
9158.340957	4899.313333	799.365234	60.117744
9158.340957	4899.313333	798.175781	-132.396164
9158.340957	4899.313333	796.985352	-28.007797
9158.340957	4899.313333	795.793945	-103.521057
9158.340957	4899.313333	794.603516	-62.121357
9158.340957	4899.313333	793.412109	21.957359
9158.340957	4899.313333	792.220703	-4.093661
9158.340957	4899.313333	791.028320	39.500957
9158.340957	4899.313333	789.836914	-78.626816
9158.340957	4899.313333	788.644531	-61.982418
9158.340957	4899.313333	787.452148	-61.060646
9158.340957	4899.313333	786.258789	-78.097122
9158.340957	4899.313333	785.066406	100.102371
9158.340957	4899.313333	783.873047	9.000159
9158.340957	4899.313333	782.679688	3.171752
9158.340957	4899.313333	781.485352	17.527758
9158.340957	4899.313333	780.291992	-28.660952
9158.340957	4899.313333	779.097656	66.394112
9158.340957	4899.313333	777.903320	125.549202
9158.340957	4899.313333	776.708008	104.010818
9158.340957	4899.313333	775.512695	17.511940
9158.340957	4899.313333	774.318359	54.238655
9158.340957	4899.313333	773.122070	-16.541378
9158.340957	4899.313333	771.926758	49.280407
9158.340957	4899.313333	770.730469	47.920200
9158.340957	4899.313333	769.534180	8.513801
9158.340957	4899.313333	768.337891	31.772865
9158.340957	4899.313333	767.141602	99.762085
9158.340957	4899.313333	765.944336	64.838814
9158.340957	4899.313333	764.747070	9.804112
9158.340957	4899.313333	763.549805	21.860365
9158.340957	4899.313333	762.351563	83.083908
9158.340957	4899.313333	761.154297	130.872787
9158.340957	4899.313333	759.956055	100.441696
9158.340957	4899.313333	758.757813	121.398842
9158.340957	4899.313333	757.558594	285.277557
9158.340957	4899.313333	756.359375	232.500275
9158.340957	4899.313333	755.160156	271.271515
9158.340957	4899.313333	753.960938	234.139847
9158.340957	4899.313333	752.761719	203.716553
9158.340957	4899.313333	751.561523	179.997147
9158.340957	4899.313333	750.361328	171.899597
9158.340957	4899.313333	749.160156	241.855469
9158.340957	4899.313333	747.959961	113.347244
9158.340957	4899.313333	746.758789	143.158691
9158.340957	4899.313333	745.557617	115.010521
9158.340957	4899.313333	744.356445	26.711288
9158.340957	4899.313333	743.154297	47.605343
9158.340957	4899.313333	741.952148	23.943678
9158.340957	4899.313333	740.750000	38.145424
9158.340957	4899.313333	739.547852	99.092606
9158.340957	4899.313333	738.344727	126.623451
9158.340957	4899.313333	737.142578	138.563507
9158.340957	4899.313333	735.939453	77.072701
9158.340957	4899.313333	734.735352	-22.211100
9158.340957	4899.313333	733.532227	40.897499
9158.340957	4899.313333	732.328125	35.046947
9158.340957	4899.313333	731.124023	-13.042048
9158.340957	4899.313333	729.918945	172.260971
9158.340957	4899.313333	728.714844	88.603554
9158.340957	4899.313333	727.509766	53.855328
9158.340957	4899.313333	726.303711	103.524742
9158.340957	4899.313333	725.098633	44.353855
9158.340957	4899.313333	723.892578	47.372414
9158.340957	4899.313333	722.686523	92.563828
9158.340957	4899.313333	721.480469	37.861362
9158.340957	4899.313333	720.274414	7.586700
9158.340957	4899.313333	719.067383	68.276756
9158.340957	4899.313333	717.860352	33.565090
9158.340957	4899.313333	716.653320	23.257269
9158.340957	4899.313333	715.445313	26.251764
9158.340957	4899.313333	714.238281	58.057491
9158.340957	4899.313333	713.030273	63.252254
9158.340957	4899.313333	711.821289	30.774176
9158.340957	4899.313333	710.613281	-52.642967
9158.340957	4899.313333	709.404297	76.583496
9158.340957	4899.313333	708.195313	-2.388471
9158.340957	4899.313333	706.986328	-59.193729
9158.340957	4899.313333	705.776367	-34.087162
9158.340957	4899.313333	704.566406	83.944923
9158.340957	4899.313333	703.356445	-21.529703
9158.340957	4899.313333	702.146484	-11.944265
9158.340957	4899.313333	700.935547	-37.751656
9158.340957	4899.313333	699.724609	-28.177183
9158.340957	4899.313333	698.513672	30.020248
9158.340957	4899.313333	697.302734	-48.836967
9158.340957	4899.313333	696.090820	51.311691
9158.340957	4899.313333	694.878906	82.929390
9158.340957	4899.313333	693.666992	94.650047
9158.340957	4899.313333	692.455078	90.902512
9158.340957	4899.313333	691.242188	-29.861130
9158.340957	4899.313333	690.029297	63.527634
9158.340957	4899.313333	688.816406	-6.434246
9158.340957	4899.313333	687.602539	84.690910
9158.340957	4899.313333	686.389648	-16.141077
9158.340957	4899.313333	685.175781	-35.336716
9158.340957	4899.313333	683.960938	132.891205
9158.340957	4899.313333	682.747070	-67.110580
9158.340957	4899.313333	681.532227	30.510406
9158.340957	4899.313333	680.317383	-21.760151
9158.340957	4899.313333	679.102539	69.186752
9158.340957	4899.313333	677.886719	102.818787
9158.340957	4899.313333	676.670898	13.106507
9158.340957	4899.313333	675.455078	15.896958
9158.340957	4899.313333	674.239258	38.490311
9158.340957	4899.313333	673.022461	96.278282
9158.340957	4899.313333	671.805664	94.625000
9158.340957	4899.313333	670.588867	-10.429368
9158.340957	4899.313333	669.372070	93.496155
9158.340957	4899.313333	668.154297	14.856742
9158.340957	4899.313333	666.936523	63.753849
9158.340957	4899.313333	665.718750	42.285263
9158.340957	4899.313333	664.500977	150.472824
9158.340957	4899.313333	663.282227	60.867157
9158.340957	4899.313333	662.063477	89.908348
9158.340957	4899.313333	660.844727	154.066757
9158.340957	4899.313333	659.625000	46.923965
9158.340957	4899.313333	658.405273	165.926208
9158.340957	4899.313333	657.185547	203.662247
9158.340957	4899.313333	655.965820	35.108280
9158.340957	4899.313333	654.745117	-41.243736
9158.340957	4899.313333	653.525391	49.124615
9158.340957	4899.313333	652.303711	42.954815
9158.340957	4899.313333	651.083008	43.355980
9158.340957	4899.313333	649.861328	48.130001
9158.340957	4899.313333	648.640625	26.594658
9158.340957	4899.313333	647.417969	31.348776
9158.340957	4899.313333	646.196289	-25.245256
9158.340957	4899.313333	644.973633	-2.982047
9158.340957	4899.313333	643.750977	1.743922
9158.340957	4899.313333	642.528320	-43.894600
9158.340957	4899.313333	641.305664	-10.729989
9158.340957	4899.313333	640.082031	15.843902
9158.340957	4899.313333	638.858398	-23.239004
9158.340957	4899.313333	637.634766	55.800499
9158.340957	4899.313333	636.410156	14.515308
9158.340957	4899.313333	635.185547	-18.018038
9158.340957	4899.313333	633.960938	-9.015696
9158.340957	4899.313333	632.736328	-28.440399
9158.340957	4899.313333	631.510742	63.567860
9158.340957	4899.313333	630.285156	28.819542
9158.340957	4899.313333	629.059570	-38.687389
9158.340957	4899.313333	627.833984	7.371943
9158.340957	4899.313333	626.607422	110.161957
9158.340957	4899.313333	625.380859	25.181641
9158.340957	4899.313333	624.154297	-35.769768
9158.340957	4899.313333	622.927734	-20.344675
9158.340957	4899.313333	621.700195	-2.758326
9158.340957	4899.313333	620.472656	-0.457738
9158.340957	4899.313333	619.245117	110.849754
9158.340957	4899.313333	618.016602	-41.677334
9158.340957	4899.313333	616.788086	-11.075336
9158.340957	4899.313333	615.559570	21.679861
9158.340957	4899.313333	614.331055	8.658524
9158.340957	4899.313333	613.101563	47.903419
9158.340957	4899.313333	611.872070	45.743492
9158.340957	4899.313333	610.642578	243.871582
9158.340957	4899.313333	609.413086	19.620638
9158.340957	4899.313333	608.182617	43.542942
9158.340957	4899.313333	606.952148	65.266563
9158.340957	4899.313333	605.721680	113.071495
9158.340957	4899.313333	604.491211	112.996048
9158.340957	4899.313333	603.259766	8.535324
9158.340957	4899.313333	602.028320	8.454660
9158.340957	4899.313333	600.796875	-98.139275
9158.340957	4899.313333	599.564453	45.193687
9158.340957	4899.313333	598.332031	-61.390472
9158.340957	4899.313333	597.099609	40.577732
9158.340957	4899.313333	595.867188	-16.039400
9158.340957	4899.313333	594.633789	70.649925
9158.340957	4899.313333	593.400391	33.559082
9158.340957	4899.313333	592.166992	-57.785309
9158.340957	4899.313333	590.933594	-3.729182
9158.340957	4899.313333	589.699219	9.072601
9158.340957	4899.313333	588.464844	-106.106674
9158.340957	4899.313333	587.230469	-128.009399
9158.340957	4899.313333	585.995117	-39.353222
9158.340957	4899.313333	584.760742	34.081383
9158.340957	4899.313333	583.525391	-26.884277
9158.340957	4899.313333	582.289063	26.988091
9158.340957	4899.313333	581.053711	-27.477930
9158.340957	4899.313333	579.817383	2.523789
9158.340957	4899.313333	578.581055	26.004194
9158.340957	4899.313333	577.343750	-58.774639
9158.340957	4899.313333	576.107422	33.938206
9158.340957	4899.313333	574.870117	55.192944
9158.340957	4899.313333	573.631836	11.525008
9158.340957	4899.313333	572.394531	37.075283
9158.340957	4899.313333	571.156250	-8.758161
9158.340957	4899.313333	569.917969	-93.499199
9158.340957	4899.313333	568.679688	113.580765
9158.340957	4899.313333	567.440430	104.458122
9158.340957	4899.313333	566.202148	-12.698310
9158.340957	4899.313333	564.961914	-30.456631
9158.340957	4899.313333	563.722656	44.645496
9158.340957	4899.313333	562.482422	111.065132
9158.340957	4899.313333	561.243164	149.383041
9158.340957	4899.313333	560.001953	153.137711
9158.340957	4899.313333	558.761719	87.831665
9158.340957	4899.313333	557.520508	102.360847
9158.340957	4899.313333	556.279297	62.951046
9158.340957	4899.313333	555.038086	68.830650
9158.340957	4899.313333	553.795898	63.915211
9158.340957	4899.313333	552.554688	-55.247562
9158.340957	4899.313333	551.311523	-73.088562
9158.340957	4899.313333	550.069336	38.341450
9158.340957	4899.313333	548.826172	59.239609
9158.340957	4899.313333	547.583984	69.351707
9158.340957	4899.313333	546.339844	-13.140191
9158.340957	4899.313333	545.096680	31.403683
9158.340957	4899.313333	543.852539	-55.370113
9158.340957	4899.313333	542.608398	4.204022
9158.340957	4899.313333	541.364258	55.137478
9158.340957	4899.313333	540.119141	-78.935989
9158.340957	4899.313333	538.875000	-40.928665
9158.340957	4899.313333	537.628906	-71.748222
9158.340957	4899.313333	536.383789	-50.974930
9158.340957	4899.313333	535.137695	-23.774574
9158.340957	4899.313333	533.892578	-0.890193
9158.340957	4899.313333	532.645508	-46.766621
9158.340957	4899.313333	531.399414	-15.315847
9158.340957	4899.313333	530.152344	11.817066
9158.340957	4899.313333	528.905273	-40.498325
9158.340957	4899.313333	527.658203	35.975224
9158.340957	4899.313333	526.410156	9.408779
9158.340957	4899.313333	525.163086	40.771305
9158.340957	4899.313333	523.914063	-22.264709
9158.340957	4899.313333	522.666016	-20.947308
9158.340957	4899.313333	521.416992	68.262222
9158.340957	4899.313333	520.167969	-84.787285
9158.340957	4899.313333	518.918945	27.957115
9158.340957	4899.313333	517.669922	7.807362
9158.340957	4899.313333	516.419922	-93.742012
9158.340957	4899.313333	515.169922	-0.364369
9158.340957	4899.313333	513.919922	-26.939396
9158.340957	4899.313333	512.668945	-70.636650
9158.340957	4899.313333	511.417969	-41.551834
9158.340957	4899.313333	510.166992	-36.022903
9158.340957	4899.313333	508.916016	-90.403427
9158.340957	4899.313333	507.664063	-104.128860
9158.340957	4899.313333	506.412109	12.590365
9158.340957	4899.313333	505.160156	45.874046
9158.340957	4899.313333	503.907227	-76.901016
9158.340957	4899.313333	502.655273	43.996956
9158.340957	4899.313333	501.402344	-127.875397
9158.340957	4899.313333	500.148438	-101.020119
9158.340957	4899.313333	498.895508	-110.484970
9158.340957	4899.313333	497.641602	35.918499
9158.340957	4899.313333	496.387695	2.936380
9158.340957	4899.313333	495.132813	6.245962
9158.340957	4899.313333	493.878906	3.151047
9158.340957	4899.313333	492.624023	12.852253
9158.340957	4899.313333	491.368164	-99.031647
9158.340957	4899.313333	490.113281	32.230873
9158.340957	4899.313333	488.857422	122.924141
9158.340957	4899.313333	487.601563	-23.024876
9158.340957	4899.313333	486.344727	-47.444313
9158.340957	4899.313333	485.088867	115.639763
9158.340957	4899.313333	483.832031	101.846359
9158.340957	4899.313333	482.575195	134.909546
9158.340957	4899.313333	481.317383	21.036777
9158.340957	4899.313333	480.059570	71.126419
9158.340957	4899.313333	478.801758	76.497345
9158.340957	4899.313333	477.543945	35.050480
9158.340957	4899.313333	476.285156	6.381903
9158.340957	4899.313333	475.027344	60.675694
9158.340957	4899.313333	473.767578	74.536705
9158.340957	4899.313333	472.508789	37.366650
9158.340957	4899.313333	471.249023	25.715046
9158.340957	4899.313333	469.989258	-26.310860
9158.340957	4899.313333	468.729492	4.543995
9158.340957	4899.313333	467.469727	62.997543
9158.340957	4899.313333	466.208984	-1.755127
9158.340957	4899.313333	464.948242	31.187601
9158.340957	4899.313333	463.686523	-14.432837
9158.340957	4899.313333	462.425781	77.918327
9158.340957	4899.313333	461.164063	115.054878
9158.340957	4899.313333	459.901367	164.898727
9158.340957	4899.313333	458.639648	32.314678
9158.340957	4899.313333	457.376953	52.459694
9158.340957	4899.313333	456.114258	104.392487
9158.340957	4899.313333	454.851563	92.710190
9158.340957	4899.313333	453.587891	229.366699
9158.340957	4899.313333	452.324219	120.190689
9158.340957	4899.313333	451.060547	119.086327
9158.340957	4899.313333	449.796875	134.918488
9158.340957	4899.313333	448.532227	89.333549
9158.340957	4899.313333	447.267578	139.019974
9158.340957	4899.313333	446.002930	84.974106
9158.340957	4899.313333	444.737305	79.608368
9158.340957	4899.313333	443.471680	67.890404
9158.340957	4899.313333	442.206055	191.530365
9158.340957	4899.313333	440.940430	44.442432
9158.340957	4899.313333	439.673828	64.420967
9158.340957	4899.313333	438.407227	99.175446
9158.340957	4899.313333	437.140625	59.941738
9158.340957	4899.313333	435.873047	105.220360
9158.340957	4899.313333	434.605469	135.680176
9158.340957	4899.313333	433.337891	14.061836
9158.340957	4899.313333	432.070313	44.499733
9158.340957	4899.313333	430.801758	79.128944
9158.340957	4899.313333	429.533203	147.493698
9158.340957	4899.313333	428.264648	97.651352
9158.340957	4899.313333	426.996094	14.059640
9158.340957	4899.313333	425.726563	88.663452
9158.340957	4899.313333	424.457031	32.479301
9158.340957	4899.313333	423.186523	155.489792
9158.340957	4899.313333	421.916992	19.177544
9158.340957	4899.313333	420.646484	9.332809
9158.340957	4899.313333	419.375977	68.990746
9158.340957	4899.313333	418.104492	139.125137
9158.340957	4899.313333	416.833008	-1.387859
9158.340957	4899.313333	415.561523	176.049133
9158.340957	4899.313333	414.290039	113.410881
9158.340957	4899.313333	413.017578	19.196480
9158.340957	4899.313333	411.746094	47.025150
9158.340957	4899.313333	410.472656	41.142788
9158.340957	4899.313333	409.200195	96.217690
9158.340957	4899.313333	407.926758	-33.810814
9158.340957	4899.313333	406.653320	86.340111
9158.340957	4899.313333	405.379883	34.048573
9158.340957	4899.313333	404.105469	-79.207512
9158.340957	4899.313333	402.831055	13.420948
9158.340957	4899.313333	401.556641	72.351662
9158.340957	4899.313333	400.282227	9.406050
9158.340957	4899.313333	399.006836	7.314495
9158.340957	4899.313333	397.731445	89.126862
9158.340957	4899.313333	396.456055	-20.128397
9158.340957	4899.313333	395.179688	32.153229
9158.340957	4899.313333	393.903320	153.568604
9158.340957	4899.313333	392.626953	182.584381
9158.340957	4899.313333	391.350586	-21.224907
9158.340957	4899.313333	390.073242	7.665801
9158.340957	4899.313333	388.795898	19.698408
9158.340957	4899.313333	387.518555	42.121212
9158.340957	4899.313333	386.240234	-21.446470
9158.340957	4899.313333	384.961914	-5.484733
9158.340957	4899.313333	383.683594	-4.280008
9158.340957	4899.313333	382.405273	40.793030
9158.340957	4899.313333	381.125977	27.136698
9158.340957	4899.313333	379.846680	17.568098
9158.340957	4899.313333	378.567383	16.265209
9158.340957	4899.313333	377.287109	44.131958
9158.340957	4899.313333	376.006836	42.592999
9158.340957	4899.313333	374.726563	45.115997
9158.340957	4899.313333	373.446289	99.772987
9158.340957	4899.313333	372.165039	-38.000240
9158.340957	4899.313333	370.883789	81.157585
9158.340957	4899.313333	369.602539	33.003422
9158.340957	4899.313333	368.320313	26.493345
9158.340957	4899.313333	367.039063	3.136562
9158.340957	4899.313333	365.755859	-16.198084
9158.340957	4899.313333	364.473633	54.070045
9158.340957	4899.313333	363.190430	-65.756195
9158.340957	4899.313333	361.907227	-31.315998
9158.340957	4899.313333	360.624023	123.911011
9158.340957	4899.313333	359.340820	-58.944595
9158.340957	4899.313333	358.056641	-25.082489
9158.340957	4899.313333	356.772461	33.582886
9158.340957	4899.313333	355.487305	-39.278412
9158.340957	4899.313333	354.202148	-12.305727
9158.340957	4899.313333	352.916992	22.771564
9158.340957	4899.313333	351.631836	74.272263
9158.340957	4899.313333	350.346680	0.588237
9158.340957	4899.313333	349.060547	-60.817230
9158.340957	4899.313333	347.774414	-84.977608
9158.340957	4899.313333	346.487305	44.595032
9158.340957	4899.313333	345.200195	-79.957512
9158.340957	4899.313333	343.913086	86.465897
9158.340957	4899.313333	342.625977	-44.826763
9158.340957	4899.313333	341.338867	-1.710078
9158.340957	4899.313333	340.050781	-15.036289
9158.340957	4899.313333	338.762695	77.322975
9158.340957	4899.313333	337.473633	-90.387764
9158.340957	4899.313333	336.184570	-4.928558
9158.340957	4899.313333	334.895508	134.156235
9158.340957	4899.313333	333.606445	11.223409
9158.340957	4899.313333	332.317383	-10.291855
9158.340957	4899.313333	331.027344	15.564231
9158.340957	4899.313333	329.736328	18.200401
9158.340957	4899.313333	328.446289	-16.880535
9158.340957	4899.313333	327.155273	-89.684860
9158.340957	4899.313333	325.864258	11.316138
9158.340957	4899.313333	324.573242	-45.703831
9158.340957	4899.313333	323.281250	85.472313
9158.340957	4899.313333	321.989258	40.008648
9158.340957	4899.313333	320.697266	-111.551781
9158.340957	4899.313333	319.405273	34.755665
9158.340957	4899.313333	318.112305	64.536720
9158.340957	4899.313333	316.819336	97.949829
9158.340957	4899.313333	315.526367	-76.156441
9158.340957	4899.313333	314.232422	53.494957
9158.340957	4899.313333	312.938477	-74.011047
9158.340957	4899.313333	311.644531	25.533564
9158.340957	4899.313333	310.349609	-84.430779
9158.340957	4899.313333	309.054688	53.195747
9158.340957	4899.313333	307.759766	33.052849
9158.340957	4899.313333	306.464844	35.040649
9158.340957	4899.313333	305.168945	32.248329
9158.340957	4899.313333	303.873047	-6.309787
9158.340957	4899.313333	302.577148	169.292267
9158.340957	4899.313333	301.281250	187.197922
9158.340957	4899.313333	299.984375	140.378220
