#X		#Y		#Wave		#Intensity
11059.452660	3082.320000	1999.980469	-26.723026
11059.452660	3082.320000	1999.016602	-111.664146
11059.452660	3082.320000	1998.052734	-34.562332
11059.452660	3082.320000	1997.087891	211.001541
11059.452660	3082.320000	1996.123047	74.895218
11059.452660	3082.320000	1995.158203	45.339317
11059.452660	3082.320000	1994.193359	70.266319
11059.452660	3082.320000	1993.228516	45.640926
11059.452660	3082.320000	1992.262695	-110.211639
11059.452660	3082.320000	1991.297852	159.743225
11059.452660	3082.320000	1990.332031	43.496906
11059.452660	3082.320000	1989.366211	-57.873833
11059.452660	3082.320000	1988.399414	98.074287
11059.452660	3082.320000	1987.433594	16.494089
11059.452660	3082.320000	1986.466797	192.131668
11059.452660	3082.320000	1985.500977	105.596924
11059.452660	3082.320000	1984.534180	-0.694220
11059.452660	3082.320000	1983.567383	-52.578075
11059.452660	3082.320000	1982.599609	16.638494
11059.452660	3082.320000	1981.632813	-59.954147
11059.452660	3082.320000	1980.665039	-92.061264
11059.452660	3082.320000	1979.697266	6.740568
11059.452660	3082.320000	1978.729492	9.192216
11059.452660	3082.320000	1977.761719	-22.928360
11059.452660	3082.320000	1976.792969	169.590424
11059.452660	3082.320000	1975.825195	-3.234334
11059.452660	3082.320000	1974.856445	31.275768
11059.452660	3082.320000	1973.887695	-5.776207
11059.452660	3082.320000	1972.918945	21.316349
11059.452660	3082.320000	1971.949219	53.327438
11059.452660	3082.320000	1970.980469	-47.823513
11059.452660	3082.320000	1970.010742	149.360153
11059.452660	3082.320000	1969.041016	141.888687
11059.452660	3082.320000	1968.071289	-28.227654
11059.452660	3082.320000	1967.101563	16.079966
11059.452660	3082.320000	1966.130859	33.272007
11059.452660	3082.320000	1965.161133	-65.299561
11059.452660	3082.320000	1964.190430	33.168491
11059.452660	3082.320000	1963.219727	33.118958
11059.452660	3082.320000	1962.249023	-21.083477
11059.452660	3082.320000	1961.277344	45.333122
11059.452660	3082.320000	1960.306641	141.258728
11059.452660	3082.320000	1959.334961	-65.460495
11059.452660	3082.320000	1958.363281	-35.957981
11059.452660	3082.320000	1957.391602	13.212917
11059.452660	3082.320000	1956.419922	54.993965
11059.452660	3082.320000	1955.447266	5.801599
11059.452660	3082.320000	1954.474609	145.896835
11059.452660	3082.320000	1953.501953	148.325882
11059.452660	3082.320000	1952.529297	-11.406035
11059.452660	3082.320000	1951.556641	-60.524223
11059.452660	3082.320000	1950.583984	89.329048
11059.452660	3082.320000	1949.610352	116.348503
11059.452660	3082.320000	1948.636719	126.179832
11059.452660	3082.320000	1947.663086	170.380905
11059.452660	3082.320000	1946.689453	-21.039221
11059.452660	3082.320000	1945.715820	-28.342031
11059.452660	3082.320000	1944.741211	-67.528099
11059.452660	3082.320000	1943.767578	28.221807
11059.452660	3082.320000	1942.792969	-69.802681
11059.452660	3082.320000	1941.818359	-57.440403
11059.452660	3082.320000	1940.842773	43.183071
11059.452660	3082.320000	1939.868164	-81.723480
11059.452660	3082.320000	1938.892578	104.658897
11059.452660	3082.320000	1937.916992	-25.094643
11059.452660	3082.320000	1936.941406	73.037560
11059.452660	3082.320000	1935.965820	24.184549
11059.452660	3082.320000	1934.990234	-68.716995
11059.452660	3082.320000	1934.013672	85.710281
11059.452660	3082.320000	1933.037109	90.768021
11059.452660	3082.320000	1932.060547	83.596962
11059.452660	3082.320000	1931.083984	-33.675835
11059.452660	3082.320000	1930.107422	184.283722
11059.452660	3082.320000	1929.129883	96.410622
11059.452660	3082.320000	1928.153320	-32.992958
11059.452660	3082.320000	1927.175781	3.933112
11059.452660	3082.320000	1926.198242	-17.815340
11059.452660	3082.320000	1925.219727	-5.325755
11059.452660	3082.320000	1924.242188	-17.266804
11059.452660	3082.320000	1923.263672	22.118206
11059.452660	3082.320000	1922.285156	32.185371
11059.452660	3082.320000	1921.306641	244.982590
11059.452660	3082.320000	1920.328125	96.298927
11059.452660	3082.320000	1919.349609	-66.968109
11059.452660	3082.320000	1918.370117	-49.522152
11059.452660	3082.320000	1917.391602	-34.511578
11059.452660	3082.320000	1916.412109	-4.854382
11059.452660	3082.320000	1915.431641	-41.069088
11059.452660	3082.320000	1914.452148	-35.791477
11059.452660	3082.320000	1913.472656	-15.870684
11059.452660	3082.320000	1912.492188	-25.206579
11059.452660	3082.320000	1911.511719	26.420986
11059.452660	3082.320000	1910.531250	-112.079819
11059.452660	3082.320000	1909.550781	115.029236
11059.452660	3082.320000	1908.569336	-86.763016
11059.452660	3082.320000	1907.588867	64.761917
11059.452660	3082.320000	1906.607422	-56.547176
11059.452660	3082.320000	1905.625977	-41.431183
11059.452660	3082.320000	1904.644531	-213.781784
11059.452660	3082.320000	1903.662109	117.833244
11059.452660	3082.320000	1902.680664	149.978928
11059.452660	3082.320000	1901.698242	36.123291
11059.452660	3082.320000	1900.715820	58.562458
11059.452660	3082.320000	1899.733398	71.273880
11059.452660	3082.320000	1898.750000	-8.423492
11059.452660	3082.320000	1897.767578	-117.257729
11059.452660	3082.320000	1896.784180	194.533234
11059.452660	3082.320000	1895.800781	-13.933272
11059.452660	3082.320000	1894.817383	10.984229
11059.452660	3082.320000	1893.833984	94.215302
11059.452660	3082.320000	1892.850586	-101.938431
11059.452660	3082.320000	1891.866211	-4.124750
11059.452660	3082.320000	1890.881836	-120.031090
11059.452660	3082.320000	1889.897461	96.735962
11059.452660	3082.320000	1888.913086	-14.271980
11059.452660	3082.320000	1887.927734	204.839310
11059.452660	3082.320000	1886.943359	-97.823570
11059.452660	3082.320000	1885.958008	-116.514000
11059.452660	3082.320000	1884.972656	90.393005
11059.452660	3082.320000	1883.987305	-105.344902
11059.452660	3082.320000	1883.001953	72.403946
11059.452660	3082.320000	1882.015625	-120.815804
11059.452660	3082.320000	1881.029297	66.581726
11059.452660	3082.320000	1880.042969	-95.044273
11059.452660	3082.320000	1879.056641	31.722031
11059.452660	3082.320000	1878.070313	100.310143
11059.452660	3082.320000	1877.083984	52.625145
11059.452660	3082.320000	1876.096680	-152.434769
11059.452660	3082.320000	1875.109375	-28.143148
11059.452660	3082.320000	1874.122070	-153.216034
11059.452660	3082.320000	1873.134766	55.748730
11059.452660	3082.320000	1872.146484	126.717712
11059.452660	3082.320000	1871.159180	-56.355141
11059.452660	3082.320000	1870.170898	75.091454
11059.452660	3082.320000	1869.182617	-93.381172
11059.452660	3082.320000	1868.194336	166.183807
11059.452660	3082.320000	1867.205078	-4.649373
11059.452660	3082.320000	1866.216797	75.955978
11059.452660	3082.320000	1865.227539	161.367844
11059.452660	3082.320000	1864.238281	-190.558548
11059.452660	3082.320000	1863.249023	-126.858582
11059.452660	3082.320000	1862.259766	52.750732
11059.452660	3082.320000	1861.269531	-38.152664
11059.452660	3082.320000	1860.279297	129.308899
11059.452660	3082.320000	1859.290039	11.881219
11059.452660	3082.320000	1858.298828	-33.097866
11059.452660	3082.320000	1857.308594	78.783356
11059.452660	3082.320000	1856.318359	-81.983101
11059.452660	3082.320000	1855.327148	37.107468
11059.452660	3082.320000	1854.335938	148.920990
11059.452660	3082.320000	1853.344727	-16.580864
11059.452660	3082.320000	1852.353516	-254.338760
11059.452660	3082.320000	1851.362305	59.930275
11059.452660	3082.320000	1850.370117	109.011230
11059.452660	3082.320000	1849.377930	117.116692
11059.452660	3082.320000	1848.385742	-33.762379
11059.452660	3082.320000	1847.393555	-59.346924
11059.452660	3082.320000	1846.401367	-3.052225
11059.452660	3082.320000	1845.408203	106.186996
11059.452660	3082.320000	1844.415039	150.395813
11059.452660	3082.320000	1843.421875	6.874745
11059.452660	3082.320000	1842.428711	36.648952
11059.452660	3082.320000	1841.435547	-34.626541
11059.452660	3082.320000	1840.441406	-163.601288
11059.452660	3082.320000	1839.448242	-1.552105
11059.452660	3082.320000	1838.454102	76.284637
11059.452660	3082.320000	1837.459961	89.186928
11059.452660	3082.320000	1836.464844	106.888969
11059.452660	3082.320000	1835.470703	23.658913
11059.452660	3082.320000	1834.475586	185.512314
11059.452660	3082.320000	1833.480469	59.057224
11059.452660	3082.320000	1832.485352	26.310017
11059.452660	3082.320000	1831.490234	82.414009
11059.452660	3082.320000	1830.495117	116.887505
11059.452660	3082.320000	1829.499023	-23.872202
11059.452660	3082.320000	1828.502930	233.782043
11059.452660	3082.320000	1827.506836	105.042366
11059.452660	3082.320000	1826.510742	96.292328
11059.452660	3082.320000	1825.513672	135.509293
11059.452660	3082.320000	1824.517578	33.226093
11059.452660	3082.320000	1823.520508	158.741440
11059.452660	3082.320000	1822.523438	233.865601
11059.452660	3082.320000	1821.526367	325.733093
11059.452660	3082.320000	1820.529297	-1.768631
11059.452660	3082.320000	1819.531250	85.306534
11059.452660	3082.320000	1818.533203	78.927063
11059.452660	3082.320000	1817.535156	261.734314
11059.452660	3082.320000	1816.537109	226.579651
11059.452660	3082.320000	1815.539063	9.494066
11059.452660	3082.320000	1814.540039	177.829895
11059.452660	3082.320000	1813.541992	228.838837
11059.452660	3082.320000	1812.542969	121.912285
11059.452660	3082.320000	1811.543945	196.817596
11059.452660	3082.320000	1810.543945	183.196106
11059.452660	3082.320000	1809.544922	176.745911
11059.452660	3082.320000	1808.544922	258.746979
11059.452660	3082.320000	1807.544922	51.483334
11059.452660	3082.320000	1806.544922	21.137352
11059.452660	3082.320000	1805.544922	98.317230
11059.452660	3082.320000	1804.544922	228.014954
11059.452660	3082.320000	1803.543945	235.841537
11059.452660	3082.320000	1802.542969	229.327148
11059.452660	3082.320000	1801.541992	43.737186
11059.452660	3082.320000	1800.541016	118.404465
11059.452660	3082.320000	1799.539063	226.446823
11059.452660	3082.320000	1798.538086	9.911166
11059.452660	3082.320000	1797.536133	139.384949
11059.452660	3082.320000	1796.534180	120.908134
11059.452660	3082.320000	1795.532227	116.736389
11059.452660	3082.320000	1794.529297	172.166229
11059.452660	3082.320000	1793.527344	-13.217236
11059.452660	3082.320000	1792.524414	204.271973
11059.452660	3082.320000	1791.521484	209.574280
11059.452660	3082.320000	1790.518555	43.314507
11059.452660	3082.320000	1789.514648	-6.168883
11059.452660	3082.320000	1788.511719	70.585304
11059.452660	3082.320000	1787.507813	90.147736
11059.452660	3082.320000	1786.503906	264.442291
11059.452660	3082.320000	1785.500000	-6.468699
11059.452660	3082.320000	1784.496094	255.809128
11059.452660	3082.320000	1783.491211	118.225525
11059.452660	3082.320000	1782.486328	87.735664
11059.452660	3082.320000	1781.481445	69.137253
11059.452660	3082.320000	1780.476563	41.019001
11059.452660	3082.320000	1779.471680	62.828995
11059.452660	3082.320000	1778.465820	65.598961
11059.452660	3082.320000	1777.460938	96.874374
11059.452660	3082.320000	1776.455078	52.082100
11059.452660	3082.320000	1775.449219	-82.990532
11059.452660	3082.320000	1774.442383	88.400063
11059.452660	3082.320000	1773.436523	178.962570
11059.452660	3082.320000	1772.429688	115.133522
11059.452660	3082.320000	1771.422852	53.687622
11059.452660	3082.320000	1770.416016	177.390366
11059.452660	3082.320000	1769.409180	66.090256
11059.452660	3082.320000	1768.402344	44.978588
11059.452660	3082.320000	1767.394531	211.265671
11059.452660	3082.320000	1766.386719	5.103246
11059.452660	3082.320000	1765.378906	-170.168961
11059.452660	3082.320000	1764.371094	0.758511
11059.452660	3082.320000	1763.362305	12.785387
11059.452660	3082.320000	1762.354492	138.551361
11059.452660	3082.320000	1761.345703	-31.938971
11059.452660	3082.320000	1760.336914	100.861755
11059.452660	3082.320000	1759.328125	-57.745777
11059.452660	3082.320000	1758.318359	-33.960541
11059.452660	3082.320000	1757.308594	-36.245872
11059.452660	3082.320000	1756.299805	-21.976185
11059.452660	3082.320000	1755.290039	-126.070854
11059.452660	3082.320000	1754.279297	-21.901104
11059.452660	3082.320000	1753.269531	-121.258568
11059.452660	3082.320000	1752.258789	-92.858620
11059.452660	3082.320000	1751.249023	112.889984
11059.452660	3082.320000	1750.238281	-10.133451
11059.452660	3082.320000	1749.226563	-109.487625
11059.452660	3082.320000	1748.215820	-36.271626
11059.452660	3082.320000	1747.204102	-230.146271
11059.452660	3082.320000	1746.193359	-76.636360
11059.452660	3082.320000	1745.181641	-64.941833
11059.452660	3082.320000	1744.168945	-36.737583
11059.452660	3082.320000	1743.157227	-18.007282
11059.452660	3082.320000	1742.144531	-235.399200
11059.452660	3082.320000	1741.132813	-237.918427
11059.452660	3082.320000	1740.120117	38.034760
11059.452660	3082.320000	1739.106445	-44.800453
11059.452660	3082.320000	1738.093750	-104.028664
11059.452660	3082.320000	1737.080078	-7.576593
11059.452660	3082.320000	1736.067383	110.044983
11059.452660	3082.320000	1735.053711	284.190521
11059.452660	3082.320000	1734.040039	71.643227
11059.452660	3082.320000	1733.025391	118.418640
11059.452660	3082.320000	1732.011719	89.752243
11059.452660	3082.320000	1730.997070	-44.943039
11059.452660	3082.320000	1729.982422	103.063347
11059.452660	3082.320000	1728.967773	-128.178802
11059.452660	3082.320000	1727.952148	-154.495773
11059.452660	3082.320000	1726.937500	-56.046467
11059.452660	3082.320000	1725.921875	77.653206
11059.452660	3082.320000	1724.906250	-148.774521
11059.452660	3082.320000	1723.890625	-196.315948
11059.452660	3082.320000	1722.875000	-50.957359
11059.452660	3082.320000	1721.858398	-42.089615
11059.452660	3082.320000	1720.841797	-21.484915
11059.452660	3082.320000	1719.825195	-50.277988
11059.452660	3082.320000	1718.808594	31.400351
11059.452660	3082.320000	1717.791992	115.380226
11059.452660	3082.320000	1716.774414	-176.647247
11059.452660	3082.320000	1715.756836	-43.361382
11059.452660	3082.320000	1714.739258	-1.749448
11059.452660	3082.320000	1713.721680	-16.532082
11059.452660	3082.320000	1712.704102	57.894299
11059.452660	3082.320000	1711.685547	-34.396439
11059.452660	3082.320000	1710.667969	-25.747166
11059.452660	3082.320000	1709.649414	-136.794388
11059.452660	3082.320000	1708.630859	-22.589376
11059.452660	3082.320000	1707.611328	51.676067
11059.452660	3082.320000	1706.592773	104.791046
11059.452660	3082.320000	1705.573242	-90.678917
11059.452660	3082.320000	1704.553711	-89.168793
11059.452660	3082.320000	1703.534180	10.766808
11059.452660	3082.320000	1702.513672	54.403809
11059.452660	3082.320000	1701.494141	-12.111104
11059.452660	3082.320000	1700.473633	87.699577
11059.452660	3082.320000	1699.453125	-65.488693
11059.452660	3082.320000	1698.432617	34.260727
11059.452660	3082.320000	1697.412109	61.379578
11059.452660	3082.320000	1696.390625	-84.743980
11059.452660	3082.320000	1695.369141	-3.822124
11059.452660	3082.320000	1694.347656	-53.976791
11059.452660	3082.320000	1693.326172	10.501121
11059.452660	3082.320000	1692.304688	67.921310
11059.452660	3082.320000	1691.282227	-45.407223
11059.452660	3082.320000	1690.260742	37.688923
11059.452660	3082.320000	1689.238281	-17.182169
11059.452660	3082.320000	1688.214844	-137.489151
11059.452660	3082.320000	1687.192383	31.985435
11059.452660	3082.320000	1686.168945	-123.358421
11059.452660	3082.320000	1685.146484	116.090347
11059.452660	3082.320000	1684.123047	-116.305420
11059.452660	3082.320000	1683.099609	48.302872
11059.452660	3082.320000	1682.075195	-90.645027
11059.452660	3082.320000	1681.051758	101.873207
11059.452660	3082.320000	1680.027344	95.950783
11059.452660	3082.320000	1679.002930	164.675613
11059.452660	3082.320000	1677.978516	126.057625
11059.452660	3082.320000	1676.953125	-52.490799
11059.452660	3082.320000	1675.928711	97.791061
11059.452660	3082.320000	1674.903320	-155.312271
11059.452660	3082.320000	1673.877930	-12.088784
11059.452660	3082.320000	1672.852539	98.440208
11059.452660	3082.320000	1671.826172	73.774933
11059.452660	3082.320000	1670.800781	202.854950
11059.452660	3082.320000	1669.774414	31.424644
11059.452660	3082.320000	1668.748047	111.534966
11059.452660	3082.320000	1667.721680	131.070862
11059.452660	3082.320000	1666.694336	152.912399
11059.452660	3082.320000	1665.667969	-25.406973
11059.452660	3082.320000	1664.640625	-66.390053
11059.452660	3082.320000	1663.613281	122.938980
11059.452660	3082.320000	1662.585938	14.468034
11059.452660	3082.320000	1661.557617	33.926735
11059.452660	3082.320000	1660.530273	99.868164
11059.452660	3082.320000	1659.501953	-13.219331
11059.452660	3082.320000	1658.473633	71.275864
11059.452660	3082.320000	1657.444336	192.903671
11059.452660	3082.320000	1656.416016	198.316864
11059.452660	3082.320000	1655.386719	301.270325
11059.452660	3082.320000	1654.358398	415.788910
11059.452660	3082.320000	1653.328125	316.639099
11059.452660	3082.320000	1652.298828	266.269745
11059.452660	3082.320000	1651.269531	211.269806
11059.452660	3082.320000	1650.239258	256.061249
11059.452660	3082.320000	1649.208984	351.867096
11059.452660	3082.320000	1648.178711	275.977600
11059.452660	3082.320000	1647.148438	283.599121
11059.452660	3082.320000	1646.117188	335.262939
11059.452660	3082.320000	1645.086914	275.624939
11059.452660	3082.320000	1644.055664	294.806061
11059.452660	3082.320000	1643.024414	404.349762
11059.452660	3082.320000	1641.992188	333.123199
11059.452660	3082.320000	1640.960938	426.387848
11059.452660	3082.320000	1639.928711	320.431610
11059.452660	3082.320000	1638.896484	409.016632
11059.452660	3082.320000	1637.864258	254.475250
11059.452660	3082.320000	1636.832031	224.979584
11059.452660	3082.320000	1635.798828	389.882202
11059.452660	3082.320000	1634.766602	371.930878
11059.452660	3082.320000	1633.733398	428.004364
11059.452660	3082.320000	1632.699219	322.149750
11059.452660	3082.320000	1631.666016	227.895126
11059.452660	3082.320000	1630.632813	293.199524
11059.452660	3082.320000	1629.598633	298.373535
11059.452660	3082.320000	1628.564453	398.295563
11059.452660	3082.320000	1627.530273	202.415131
11059.452660	3082.320000	1626.495117	323.100433
11059.452660	3082.320000	1625.460938	439.118805
11059.452660	3082.320000	1624.425781	368.035492
11059.452660	3082.320000	1623.390625	474.758240
11059.452660	3082.320000	1622.355469	223.637894
11059.452660	3082.320000	1621.319336	302.646210
11059.452660	3082.320000	1620.284180	473.923584
11059.452660	3082.320000	1619.248047	467.490295
11059.452660	3082.320000	1618.211914	398.780518
11059.452660	3082.320000	1617.174805	479.993500
11059.452660	3082.320000	1616.138672	450.504028
11059.452660	3082.320000	1615.101563	407.191772
11059.452660	3082.320000	1614.065430	559.807556
11059.452660	3082.320000	1613.027344	451.969055
11059.452660	3082.320000	1611.990234	482.408783
11059.452660	3082.320000	1610.953125	436.824982
11059.452660	3082.320000	1609.915039	506.408173
11059.452660	3082.320000	1608.876953	495.376648
11059.452660	3082.320000	1607.838867	523.487549
11059.452660	3082.320000	1606.800781	431.904266
11059.452660	3082.320000	1605.761719	388.681549
11059.452660	3082.320000	1604.723633	453.616974
11059.452660	3082.320000	1603.684570	343.705597
11059.452660	3082.320000	1602.644531	477.622467
11059.452660	3082.320000	1601.605469	572.404480
11059.452660	3082.320000	1600.566406	439.555603
11059.452660	3082.320000	1599.526367	412.492950
11059.452660	3082.320000	1598.486328	410.724823
11059.452660	3082.320000	1597.446289	349.224182
11059.452660	3082.320000	1596.405273	487.604431
11059.452660	3082.320000	1595.365234	630.532288
11059.452660	3082.320000	1594.324219	569.039856
11059.452660	3082.320000	1593.283203	613.186218
11059.452660	3082.320000	1592.242188	498.940491
11059.452660	3082.320000	1591.200195	345.731537
11059.452660	3082.320000	1590.159180	500.051086
11059.452660	3082.320000	1589.117188	741.489075
11059.452660	3082.320000	1588.075195	551.647461
11059.452660	3082.320000	1587.032227	708.149536
11059.452660	3082.320000	1585.990234	621.576843
11059.452660	3082.320000	1584.947266	544.212708
11059.452660	3082.320000	1583.904297	670.857361
11059.452660	3082.320000	1582.861328	517.919250
11059.452660	3082.320000	1581.818359	653.702393
11059.452660	3082.320000	1580.775391	564.979553
11059.452660	3082.320000	1579.731445	462.560638
11059.452660	3082.320000	1578.687500	596.014343
11059.452660	3082.320000	1577.643555	663.043030
11059.452660	3082.320000	1576.598633	569.850220
11059.452660	3082.320000	1575.554688	527.048401
11059.452660	3082.320000	1574.509766	440.805054
11059.452660	3082.320000	1573.464844	363.757080
11059.452660	3082.320000	1572.419922	353.071808
11059.452660	3082.320000	1571.374023	337.827728
11059.452660	3082.320000	1570.329102	363.752533
11059.452660	3082.320000	1569.283203	327.969696
11059.452660	3082.320000	1568.237305	326.490265
11059.452660	3082.320000	1567.191406	309.034180
11059.452660	3082.320000	1566.144531	271.039429
11059.452660	3082.320000	1565.098633	116.606583
11059.452660	3082.320000	1564.051758	316.154236
11059.452660	3082.320000	1563.004883	378.669830
11059.452660	3082.320000	1561.957031	210.655823
11059.452660	3082.320000	1560.910156	289.171661
11059.452660	3082.320000	1559.862305	150.932922
11059.452660	3082.320000	1558.814453	101.723862
11059.452660	3082.320000	1557.766602	219.034027
11059.452660	3082.320000	1556.718750	213.186951
11059.452660	3082.320000	1555.669922	189.121689
11059.452660	3082.320000	1554.621094	3.258201
11059.452660	3082.320000	1553.573242	243.619827
11059.452660	3082.320000	1552.523438	199.109283
11059.452660	3082.320000	1551.474609	282.199432
11059.452660	3082.320000	1550.424805	155.749710
11059.452660	3082.320000	1549.375000	229.743408
11059.452660	3082.320000	1548.325195	123.881027
11059.452660	3082.320000	1547.275391	216.100311
11059.452660	3082.320000	1546.225586	235.482620
11059.452660	3082.320000	1545.174805	86.512100
11059.452660	3082.320000	1544.124023	-114.698135
11059.452660	3082.320000	1543.073242	-31.520872
11059.452660	3082.320000	1542.022461	-14.296666
11059.452660	3082.320000	1540.970703	27.948004
11059.452660	3082.320000	1539.919922	95.202469
11059.452660	3082.320000	1538.868164	51.097111
11059.452660	3082.320000	1537.815430	138.810974
11059.452660	3082.320000	1536.763672	49.327377
11059.452660	3082.320000	1535.710938	93.900871
11059.452660	3082.320000	1534.659180	18.131887
11059.452660	3082.320000	1533.606445	44.577770
11059.452660	3082.320000	1532.552734	27.909744
11059.452660	3082.320000	1531.500000	68.007401
11059.452660	3082.320000	1530.446289	-59.788582
11059.452660	3082.320000	1529.393555	39.339771
11059.452660	3082.320000	1528.338867	70.410866
11059.452660	3082.320000	1527.285156	128.706589
11059.452660	3082.320000	1526.231445	73.647949
11059.452660	3082.320000	1525.176758	48.103321
11059.452660	3082.320000	1524.122070	138.171661
11059.452660	3082.320000	1523.067383	-41.396801
11059.452660	3082.320000	1522.012695	103.074936
11059.452660	3082.320000	1520.957031	136.535400
11059.452660	3082.320000	1519.901367	276.438934
11059.452660	3082.320000	1518.845703	151.426361
11059.452660	3082.320000	1517.790039	160.039917
11059.452660	3082.320000	1516.734375	195.835480
11059.452660	3082.320000	1515.677734	150.187500
11059.452660	3082.320000	1514.621094	43.507195
11059.452660	3082.320000	1513.564453	135.931488
11059.452660	3082.320000	1512.507813	144.680313
11059.452660	3082.320000	1511.450195	-72.632507
11059.452660	3082.320000	1510.393555	92.180130
11059.452660	3082.320000	1509.335938	8.359322
11059.452660	3082.320000	1508.278320	150.553406
11059.452660	3082.320000	1507.219727	132.326477
11059.452660	3082.320000	1506.162109	224.810730
11059.452660	3082.320000	1505.103516	190.829498
11059.452660	3082.320000	1504.044922	68.840584
11059.452660	3082.320000	1502.986328	43.994549
11059.452660	3082.320000	1501.926758	238.099777
11059.452660	3082.320000	1500.868164	299.034271
11059.452660	3082.320000	1499.808594	1.281771
11059.452660	3082.320000	1498.749023	150.265747
11059.452660	3082.320000	1497.688477	287.946045
11059.452660	3082.320000	1496.628906	387.275574
11059.452660	3082.320000	1495.568359	304.012787
11059.452660	3082.320000	1494.507813	193.770447
11059.452660	3082.320000	1493.447266	232.319214
11059.452660	3082.320000	1492.386719	90.661209
11059.452660	3082.320000	1491.325195	142.794540
11059.452660	3082.320000	1490.263672	80.093575
11059.452660	3082.320000	1489.202148	84.993988
11059.452660	3082.320000	1488.140625	42.655140
11059.452660	3082.320000	1487.079102	144.401398
11059.452660	3082.320000	1486.016602	-134.126419
11059.452660	3082.320000	1484.954102	-21.068783
11059.452660	3082.320000	1483.891602	67.237549
11059.452660	3082.320000	1482.829102	108.320061
11059.452660	3082.320000	1481.765625	144.925171
11059.452660	3082.320000	1480.702148	-76.940292
11059.452660	3082.320000	1479.638672	-204.287888
11059.452660	3082.320000	1478.575195	30.183285
11059.452660	3082.320000	1477.511719	111.847374
11059.452660	3082.320000	1476.447266	-136.593979
11059.452660	3082.320000	1475.382813	140.480164
11059.452660	3082.320000	1474.318359	-53.969151
11059.452660	3082.320000	1473.253906	-138.245514
11059.452660	3082.320000	1472.189453	-36.287285
11059.452660	3082.320000	1471.124023	47.857315
11059.452660	3082.320000	1470.058594	95.903770
11059.452660	3082.320000	1468.993164	121.410782
11059.452660	3082.320000	1467.927734	-40.832497
11059.452660	3082.320000	1466.861328	29.577024
11059.452660	3082.320000	1465.794922	201.133972
11059.452660	3082.320000	1464.728516	112.529846
11059.452660	3082.320000	1463.662109	4.413173
11059.452660	3082.320000	1462.594727	206.798477
11059.452660	3082.320000	1461.528320	-68.931885
11059.452660	3082.320000	1460.460938	292.509888
11059.452660	3082.320000	1459.393555	191.172867
11059.452660	3082.320000	1458.326172	109.628441
11059.452660	3082.320000	1457.257813	113.224304
11059.452660	3082.320000	1456.189453	389.606110
11059.452660	3082.320000	1455.121094	280.977051
11059.452660	3082.320000	1454.052734	409.735626
11059.452660	3082.320000	1452.984375	96.872108
11059.452660	3082.320000	1451.915039	29.842764
11059.452660	3082.320000	1450.845703	57.730564
11059.452660	3082.320000	1449.776367	196.105865
11059.452660	3082.320000	1448.707031	197.299759
11059.452660	3082.320000	1447.636719	-18.244057
11059.452660	3082.320000	1446.567383	42.766857
11059.452660	3082.320000	1445.497070	55.405426
11059.452660	3082.320000	1444.425781	-24.417089
11059.452660	3082.320000	1443.355469	41.610096
11059.452660	3082.320000	1442.285156	8.861394
11059.452660	3082.320000	1441.213867	-15.874594
11059.452660	3082.320000	1440.142578	10.002300
11059.452660	3082.320000	1439.070313	-56.282730
11059.452660	3082.320000	1437.999023	89.483078
11059.452660	3082.320000	1436.926758	-23.734253
11059.452660	3082.320000	1435.854492	38.247330
11059.452660	3082.320000	1434.782227	-107.306557
11059.452660	3082.320000	1433.709961	142.902908
11059.452660	3082.320000	1432.636719	193.634308
11059.452660	3082.320000	1431.563477	-33.116001
11059.452660	3082.320000	1430.490234	-37.244530
11059.452660	3082.320000	1429.416992	151.394211
11059.452660	3082.320000	1428.343750	72.479874
11059.452660	3082.320000	1427.269531	-121.795181
11059.452660	3082.320000	1426.195313	-74.579353
11059.452660	3082.320000	1425.121094	-207.197861
11059.452660	3082.320000	1424.046875	-100.571648
11059.452660	3082.320000	1422.971680	-93.950615
11059.452660	3082.320000	1421.896484	-137.368088
11059.452660	3082.320000	1420.821289	-52.383659
11059.452660	3082.320000	1419.746094	87.442055
11059.452660	3082.320000	1418.669922	22.082907
11059.452660	3082.320000	1417.594727	-290.518311
11059.452660	3082.320000	1416.518555	-69.988014
11059.452660	3082.320000	1415.442383	-105.599022
11059.452660	3082.320000	1414.365234	-116.548256
11059.452660	3082.320000	1413.289063	-62.847305
11059.452660	3082.320000	1412.211914	-36.072544
11059.452660	3082.320000	1411.134766	-55.351410
11059.452660	3082.320000	1410.057617	-129.717194
11059.452660	3082.320000	1408.979492	9.769090
11059.452660	3082.320000	1407.902344	-35.872295
11059.452660	3082.320000	1406.824219	-205.443954
11059.452660	3082.320000	1405.746094	-45.264935
11059.452660	3082.320000	1404.666992	-84.831673
11059.452660	3082.320000	1403.588867	-122.703278
11059.452660	3082.320000	1402.509766	-99.289543
11059.452660	3082.320000	1401.430664	-138.305145
11059.452660	3082.320000	1400.351563	-85.201363
11059.452660	3082.320000	1399.271484	-9.200086
11059.452660	3082.320000	1398.192383	116.937065
11059.452660	3082.320000	1397.112305	-88.928856
11059.452660	3082.320000	1396.031250	-205.334976
11059.452660	3082.320000	1394.951172	9.728365
11059.452660	3082.320000	1393.871094	-8.906965
11059.452660	3082.320000	1392.790039	-117.454857
11059.452660	3082.320000	1391.708984	-12.318806
11059.452660	3082.320000	1390.626953	-158.185303
11059.452660	3082.320000	1389.545898	-137.457153
11059.452660	3082.320000	1388.463867	-188.342117
11059.452660	3082.320000	1387.381836	-16.462606
11059.452660	3082.320000	1386.299805	47.062099
11059.452660	3082.320000	1385.217773	-37.346279
11059.452660	3082.320000	1384.134766	-28.631878
11059.452660	3082.320000	1383.051758	30.788832
11059.452660	3082.320000	1381.968750	33.431305
11059.452660	3082.320000	1380.885742	117.989716
11059.452660	3082.320000	1379.802734	10.098653
11059.452660	3082.320000	1378.718750	39.607105
11059.452660	3082.320000	1377.634766	-106.661346
11059.452660	3082.320000	1376.550781	30.019678
11059.452660	3082.320000	1375.465820	261.465057
11059.452660	3082.320000	1374.381836	321.827728
11059.452660	3082.320000	1373.296875	189.295273
11059.452660	3082.320000	1372.211914	115.072937
11059.452660	3082.320000	1371.126953	39.069710
11059.452660	3082.320000	1370.041016	131.792999
11059.452660	3082.320000	1368.955078	104.761414
11059.452660	3082.320000	1367.869141	124.343918
11059.452660	3082.320000	1366.783203	210.749268
11059.452660	3082.320000	1365.697266	52.958717
11059.452660	3082.320000	1364.610352	101.351875
11059.452660	3082.320000	1363.523438	36.587814
11059.452660	3082.320000	1362.436523	107.294266
11059.452660	3082.320000	1361.349609	13.786424
11059.452660	3082.320000	1360.261719	146.988937
11059.452660	3082.320000	1359.174805	206.121231
11059.452660	3082.320000	1358.086914	72.217377
11059.452660	3082.320000	1356.998047	50.333893
11059.452660	3082.320000	1355.910156	72.565987
11059.452660	3082.320000	1354.821289	144.331696
11059.452660	3082.320000	1353.732422	129.976364
11059.452660	3082.320000	1352.643555	-2.329368
11059.452660	3082.320000	1351.554688	83.168175
11059.452660	3082.320000	1350.464844	67.019821
11059.452660	3082.320000	1349.375000	38.141098
11059.452660	3082.320000	1348.285156	149.249527
11059.452660	3082.320000	1347.195313	-1.624861
11059.452660	3082.320000	1346.105469	-41.540924
11059.452660	3082.320000	1345.014648	178.063034
11059.452660	3082.320000	1343.923828	86.199081
11059.452660	3082.320000	1342.833008	85.156006
11059.452660	3082.320000	1341.741211	164.441879
11059.452660	3082.320000	1340.650391	74.272224
11059.452660	3082.320000	1339.558594	187.709351
11059.452660	3082.320000	1338.466797	47.212440
11059.452660	3082.320000	1337.374023	47.571854
11059.452660	3082.320000	1336.282227	-51.749985
11059.452660	3082.320000	1335.189453	143.219543
11059.452660	3082.320000	1334.096680	74.122154
11059.452660	3082.320000	1333.003906	58.400913
11059.452660	3082.320000	1331.910156	-8.344136
11059.452660	3082.320000	1330.817383	207.140198
11059.452660	3082.320000	1329.723633	69.398056
11059.452660	3082.320000	1328.629883	59.275108
11059.452660	3082.320000	1327.535156	20.852922
11059.452660	3082.320000	1326.441406	30.046619
11059.452660	3082.320000	1325.346680	-59.344620
11059.452660	3082.320000	1324.251953	94.709358
11059.452660	3082.320000	1323.156250	49.545078
11059.452660	3082.320000	1322.061523	36.137054
11059.452660	3082.320000	1320.965820	119.688927
11059.452660	3082.320000	1319.870117	185.228790
11059.452660	3082.320000	1318.774414	-88.380348
11059.452660	3082.320000	1317.678711	80.250832
11059.452660	3082.320000	1316.582031	-7.499042
11059.452660	3082.320000	1315.485352	39.687122
11059.452660	3082.320000	1314.388672	45.177174
11059.452660	3082.320000	1313.291016	143.740417
11059.452660	3082.320000	1312.194336	58.367603
11059.452660	3082.320000	1311.096680	-83.783195
11059.452660	3082.320000	1309.999023	25.664570
11059.452660	3082.320000	1308.901367	90.218399
11059.452660	3082.320000	1307.802734	54.289276
11059.452660	3082.320000	1306.705078	118.979103
11059.452660	3082.320000	1305.606445	112.995911
11059.452660	3082.320000	1304.506836	54.866772
11059.452660	3082.320000	1303.408203	174.237442
11059.452660	3082.320000	1302.308594	-70.047249
11059.452660	3082.320000	1301.208984	106.577599
11059.452660	3082.320000	1300.109375	34.757168
11059.452660	3082.320000	1299.009766	182.745026
11059.452660	3082.320000	1297.909180	46.691559
11059.452660	3082.320000	1296.808594	146.611771
11059.452660	3082.320000	1295.708008	36.452595
11059.452660	3082.320000	1294.607422	197.159027
11059.452660	3082.320000	1293.506836	39.267822
11059.452660	3082.320000	1292.405273	112.878647
11059.452660	3082.320000	1291.303711	37.772060
11059.452660	3082.320000	1290.202148	132.239731
11059.452660	3082.320000	1289.099609	183.031723
11059.452660	3082.320000	1287.998047	83.756271
11059.452660	3082.320000	1286.895508	99.816208
11059.452660	3082.320000	1285.792969	40.344585
11059.452660	3082.320000	1284.689453	188.671585
11059.452660	3082.320000	1283.586914	144.337006
11059.452660	3082.320000	1282.483398	-34.517963
11059.452660	3082.320000	1281.379883	70.608818
11059.452660	3082.320000	1280.276367	-5.331823
11059.452660	3082.320000	1279.171875	-2.538940
11059.452660	3082.320000	1278.067383	50.139965
11059.452660	3082.320000	1276.962891	-45.859901
11059.452660	3082.320000	1275.858398	-35.996891
11059.452660	3082.320000	1274.753906	-67.619484
11059.452660	3082.320000	1273.648438	-52.554150
11059.452660	3082.320000	1272.542969	10.159674
11059.452660	3082.320000	1271.437500	124.557289
11059.452660	3082.320000	1270.331055	102.808838
11059.452660	3082.320000	1269.225586	-140.536835
11059.452660	3082.320000	1268.119141	-29.569782
11059.452660	3082.320000	1267.012695	31.762815
11059.452660	3082.320000	1265.906250	40.936203
11059.452660	3082.320000	1264.798828	26.138607
11059.452660	3082.320000	1263.691406	156.041962
11059.452660	3082.320000	1262.583984	52.378361
11059.452660	3082.320000	1261.476563	6.314929
11059.452660	3082.320000	1260.368164	41.426640
11059.452660	3082.320000	1259.260742	167.449738
11059.452660	3082.320000	1258.152344	114.672707
11059.452660	3082.320000	1257.043945	211.614120
11059.452660	3082.320000	1255.934570	161.190262
11059.452660	3082.320000	1254.825195	84.616997
11059.452660	3082.320000	1253.716797	80.290817
11059.452660	3082.320000	1252.606445	138.924194
11059.452660	3082.320000	1251.497070	193.818619
11059.452660	3082.320000	1250.387695	88.595970
11059.452660	3082.320000	1249.277344	86.967964
11059.452660	3082.320000	1248.166992	171.046432
11059.452660	3082.320000	1247.055664	38.826778
11059.452660	3082.320000	1245.945313	98.396782
11059.452660	3082.320000	1244.833984	97.966331
11059.452660	3082.320000	1243.722656	151.156555
11059.452660	3082.320000	1242.611328	113.097954
11059.452660	3082.320000	1241.499023	165.854324
11059.452660	3082.320000	1240.387695	55.229248
11059.452660	3082.320000	1239.275391	39.998062
11059.452660	3082.320000	1238.162109	-11.900115
11059.452660	3082.320000	1237.049805	63.070744
11059.452660	3082.320000	1235.936523	17.371510
11059.452660	3082.320000	1234.823242	35.831806
11059.452660	3082.320000	1233.709961	-95.404648
11059.452660	3082.320000	1232.596680	19.234573
11059.452660	3082.320000	1231.482422	49.531982
11059.452660	3082.320000	1230.369141	-132.792267
11059.452660	3082.320000	1229.253906	168.608017
11059.452660	3082.320000	1228.139648	-18.797594
11059.452660	3082.320000	1227.025391	-10.031277
11059.452660	3082.320000	1225.910156	-17.808586
11059.452660	3082.320000	1224.794922	21.295839
11059.452660	3082.320000	1223.679688	-36.863815
11059.452660	3082.320000	1222.563477	28.995413
11059.452660	3082.320000	1221.447266	-56.963787
11059.452660	3082.320000	1220.331055	121.460426
11059.452660	3082.320000	1219.214844	-84.511543
11059.452660	3082.320000	1218.098633	-36.037239
11059.452660	3082.320000	1216.981445	-93.672577
11059.452660	3082.320000	1215.864258	63.854542
11059.452660	3082.320000	1214.747070	-62.932743
11059.452660	3082.320000	1213.629883	-78.557678
11059.452660	3082.320000	1212.511719	-113.218796
11059.452660	3082.320000	1211.393555	-118.309967
11059.452660	3082.320000	1210.275391	-51.886173
11059.452660	3082.320000	1209.157227	-78.343208
11059.452660	3082.320000	1208.038086	7.643799
11059.452660	3082.320000	1206.918945	-63.608528
11059.452660	3082.320000	1205.799805	-101.115128
11059.452660	3082.320000	1204.680664	58.359566
11059.452660	3082.320000	1203.560547	78.067635
11059.452660	3082.320000	1202.441406	-57.757179
11059.452660	3082.320000	1201.321289	-32.478096
11059.452660	3082.320000	1200.200195	-54.606159
11059.452660	3082.320000	1199.080078	-61.400734
11059.452660	3082.320000	1197.958984	-209.363770
11059.452660	3082.320000	1196.837891	-171.594543
11059.452660	3082.320000	1195.716797	-6.565500
11059.452660	3082.320000	1194.594727	-109.752151
11059.452660	3082.320000	1193.473633	-4.202803
11059.452660	3082.320000	1192.351563	-156.960022
11059.452660	3082.320000	1191.229492	-17.562981
11059.452660	3082.320000	1190.106445	-106.867599
11059.452660	3082.320000	1188.984375	-24.612505
11059.452660	3082.320000	1187.861328	-19.415556
11059.452660	3082.320000	1186.738281	-78.615662
11059.452660	3082.320000	1185.614258	-168.745560
11059.452660	3082.320000	1184.491211	-46.681915
11059.452660	3082.320000	1183.367188	-89.487045
11059.452660	3082.320000	1182.243164	-73.377235
11059.452660	3082.320000	1181.119141	-168.339523
11059.452660	3082.320000	1179.994141	9.207554
11059.452660	3082.320000	1178.869141	28.273834
11059.452660	3082.320000	1177.744141	8.815636
11059.452660	3082.320000	1176.619141	21.994360
11059.452660	3082.320000	1175.493164	69.524231
11059.452660	3082.320000	1174.368164	13.395071
11059.452660	3082.320000	1173.242188	-62.303814
11059.452660	3082.320000	1172.115234	-91.130302
11059.452660	3082.320000	1170.989258	-94.869858
11059.452660	3082.320000	1169.862305	-59.983562
11059.452660	3082.320000	1168.735352	23.882843
11059.452660	3082.320000	1167.608398	-78.451027
11059.452660	3082.320000	1166.481445	-92.887711
11059.452660	3082.320000	1165.353516	-7.787809
11059.452660	3082.320000	1164.225586	-2.782841
11059.452660	3082.320000	1163.097656	-48.398872
11059.452660	3082.320000	1161.968750	-62.435028
11059.452660	3082.320000	1160.840820	-49.154953
11059.452660	3082.320000	1159.711914	-122.419426
11059.452660	3082.320000	1158.583008	-34.258289
11059.452660	3082.320000	1157.453125	-19.882355
11059.452660	3082.320000	1156.324219	43.117744
11059.452660	3082.320000	1155.194336	-28.735603
11059.452660	3082.320000	1154.064453	-79.777824
11059.452660	3082.320000	1152.933594	-27.780821
11059.452660	3082.320000	1151.803711	-47.368759
11059.452660	3082.320000	1150.672852	-3.456889
11059.452660	3082.320000	1149.541992	-40.216972
11059.452660	3082.320000	1148.411133	-0.574936
11059.452660	3082.320000	1147.279297	25.857876
11059.452660	3082.320000	1146.147461	10.424902
11059.452660	3082.320000	1145.015625	-13.627898
11059.452660	3082.320000	1143.883789	-18.346071
11059.452660	3082.320000	1142.750977	-38.424522
11059.452660	3082.320000	1141.619141	-79.030487
11059.452660	3082.320000	1140.486328	-30.676710
11059.452660	3082.320000	1139.352539	-11.858493
11059.452660	3082.320000	1138.219727	-80.392838
11059.452660	3082.320000	1137.085938	63.410034
11059.452660	3082.320000	1135.952148	-78.548119
11059.452660	3082.320000	1134.818359	-48.671703
11059.452660	3082.320000	1133.683594	-34.870609
11059.452660	3082.320000	1132.549805	135.135559
11059.452660	3082.320000	1131.415039	193.561279
11059.452660	3082.320000	1130.279297	109.145172
11059.452660	3082.320000	1129.144531	238.850876
11059.452660	3082.320000	1128.008789	251.713531
11059.452660	3082.320000	1126.873047	161.978394
11059.452660	3082.320000	1125.737305	173.151718
11059.452660	3082.320000	1124.601563	300.988770
11059.452660	3082.320000	1123.464844	201.079559
11059.452660	3082.320000	1122.328125	276.762115
11059.452660	3082.320000	1121.191406	102.085716
11059.452660	3082.320000	1120.054688	178.252930
11059.452660	3082.320000	1118.916992	119.182739
11059.452660	3082.320000	1117.779297	147.168884
11059.452660	3082.320000	1116.641602	227.318268
11059.452660	3082.320000	1115.503906	204.072235
11059.452660	3082.320000	1114.365234	153.899506
11059.452660	3082.320000	1113.226563	152.421066
11059.452660	3082.320000	1112.087891	164.791672
11059.452660	3082.320000	1110.949219	7.983464
11059.452660	3082.320000	1109.809570	35.209209
11059.452660	3082.320000	1108.669922	30.311207
11059.452660	3082.320000	1107.530273	-3.675896
11059.452660	3082.320000	1106.390625	249.979813
11059.452660	3082.320000	1105.250000	127.847961
11059.452660	3082.320000	1104.109375	154.926239
11059.452660	3082.320000	1102.968750	166.630630
11059.452660	3082.320000	1101.828125	78.329803
11059.452660	3082.320000	1100.686523	69.719269
11059.452660	3082.320000	1099.544922	260.159607
11059.452660	3082.320000	1098.403320	238.581512
11059.452660	3082.320000	1097.261719	345.708099
11059.452660	3082.320000	1096.120117	136.631699
11059.452660	3082.320000	1094.977539	256.053101
11059.452660	3082.320000	1093.834961	221.592743
11059.452660	3082.320000	1092.691406	181.333771
11059.452660	3082.320000	1091.548828	231.986008
11059.452660	3082.320000	1090.405273	154.087158
11059.452660	3082.320000	1089.261719	121.659676
11059.452660	3082.320000	1088.118164	154.086899
11059.452660	3082.320000	1086.973633	162.487946
11059.452660	3082.320000	1085.829102	103.272530
11059.452660	3082.320000	1084.684570	125.261497
11059.452660	3082.320000	1083.540039	107.536453
11059.452660	3082.320000	1082.395508	227.674103
11059.452660	3082.320000	1081.250000	103.475121
11059.452660	3082.320000	1080.104492	17.266344
11059.452660	3082.320000	1078.958984	253.636215
11059.452660	3082.320000	1077.812500	131.282806
11059.452660	3082.320000	1076.666016	136.233231
11059.452660	3082.320000	1075.519531	191.205826
11059.452660	3082.320000	1074.373047	55.097637
11059.452660	3082.320000	1073.226563	78.365776
11059.452660	3082.320000	1072.079102	182.171600
11059.452660	3082.320000	1070.931641	135.303589
11059.452660	3082.320000	1069.784180	47.612888
11059.452660	3082.320000	1068.635742	89.496178
11059.452660	3082.320000	1067.487305	94.991493
11059.452660	3082.320000	1066.338867	-49.996765
11059.452660	3082.320000	1065.190430	141.518326
11059.452660	3082.320000	1064.041992	172.143784
11059.452660	3082.320000	1062.892578	163.201492
11059.452660	3082.320000	1061.743164	74.045059
11059.452660	3082.320000	1060.593750	41.998318
11059.452660	3082.320000	1059.443359	82.150169
11059.452660	3082.320000	1058.292969	-27.201380
11059.452660	3082.320000	1057.142578	146.454056
11059.452660	3082.320000	1055.992188	101.671768
11059.452660	3082.320000	1054.841797	270.751221
11059.452660	3082.320000	1053.690430	62.403748
11059.452660	3082.320000	1052.539063	209.908478
11059.452660	3082.320000	1051.387695	-22.592886
11059.452660	3082.320000	1050.235352	10.178871
11059.452660	3082.320000	1049.083984	79.861069
11059.452660	3082.320000	1047.931641	162.387421
11059.452660	3082.320000	1046.778320	69.625221
11059.452660	3082.320000	1045.625977	-127.271484
11059.452660	3082.320000	1044.472656	94.119675
11059.452660	3082.320000	1043.319336	-146.890778
11059.452660	3082.320000	1042.166016	86.534729
11059.452660	3082.320000	1041.012695	102.619972
11059.452660	3082.320000	1039.858398	24.140587
11059.452660	3082.320000	1038.704102	20.771429
11059.452660	3082.320000	1037.549805	21.991673
11059.452660	3082.320000	1036.394531	113.171135
11059.452660	3082.320000	1035.239258	-30.711063
11059.452660	3082.320000	1034.083984	66.558144
11059.452660	3082.320000	1032.928711	78.014091
11059.452660	3082.320000	1031.773438	84.323952
11059.452660	3082.320000	1030.617188	25.311077
11059.452660	3082.320000	1029.460938	-17.028219
11059.452660	3082.320000	1028.304688	87.209572
11059.452660	3082.320000	1027.147461	40.556740
11059.452660	3082.320000	1025.991211	90.184113
11059.452660	3082.320000	1024.833984	183.366531
11059.452660	3082.320000	1023.675781	-37.954952
11059.452660	3082.320000	1022.518555	88.618637
11059.452660	3082.320000	1021.360352	61.825405
11059.452660	3082.320000	1020.202148	223.672089
11059.452660	3082.320000	1019.043945	129.919617
11059.452660	3082.320000	1017.884766	303.789612
11059.452660	3082.320000	1016.726563	161.957611
11059.452660	3082.320000	1015.567383	261.908142
11059.452660	3082.320000	1014.407227	79.969986
11059.452660	3082.320000	1013.248047	157.893433
11059.452660	3082.320000	1012.087891	152.105850
11059.452660	3082.320000	1010.927734	70.921188
11059.452660	3082.320000	1009.767578	42.952980
11059.452660	3082.320000	1008.606445	98.495483
11059.452660	3082.320000	1007.446289	41.755711
11059.452660	3082.320000	1006.285156	-13.178010
11059.452660	3082.320000	1005.123047	85.225258
11059.452660	3082.320000	1003.961914	4.607679
11059.452660	3082.320000	1002.799805	168.730347
11059.452660	3082.320000	1001.637695	56.793598
11059.452660	3082.320000	1000.475586	-117.802910
11059.452660	3082.320000	999.312500	-55.298695
11059.452660	3082.320000	998.149414	51.496384
11059.452660	3082.320000	996.986328	-21.055628
11059.452660	3082.320000	995.823242	79.662689
11059.452660	3082.320000	994.659180	-91.095062
11059.452660	3082.320000	993.496094	15.886770
11059.452660	3082.320000	992.332031	-44.810150
11059.452660	3082.320000	991.166992	106.828056
11059.452660	3082.320000	990.002930	8.860855
11059.452660	3082.320000	988.837891	73.132545
11059.452660	3082.320000	987.672852	65.259171
11059.452660	3082.320000	986.506836	-55.364136
11059.452660	3082.320000	985.341797	-58.167561
11059.452660	3082.320000	984.175781	129.707275
11059.452660	3082.320000	983.009766	63.436993
11059.452660	3082.320000	981.843750	-241.605591
11059.452660	3082.320000	980.676758	30.068827
11059.452660	3082.320000	979.509766	4.999234
11059.452660	3082.320000	978.342773	-79.233566
11059.452660	3082.320000	977.175781	-73.801216
11059.452660	3082.320000	976.007813	91.989189
11059.452660	3082.320000	974.839844	-2.212500
11059.452660	3082.320000	973.671875	64.198448
11059.452660	3082.320000	972.503906	37.221794
11059.452660	3082.320000	971.334961	-91.210838
11059.452660	3082.320000	970.166016	166.248199
11059.452660	3082.320000	968.997070	30.668959
11059.452660	3082.320000	967.828125	-62.120182
11059.452660	3082.320000	966.658203	48.174686
11059.452660	3082.320000	965.488281	-43.836079
11059.452660	3082.320000	964.318359	-36.133190
11059.452660	3082.320000	963.148438	40.039940
11059.452660	3082.320000	961.977539	-58.812851
11059.452660	3082.320000	960.806641	-19.964472
11059.452660	3082.320000	959.635742	10.781121
11059.452660	3082.320000	958.463867	240.533218
11059.452660	3082.320000	957.292969	-80.966110
11059.452660	3082.320000	956.121094	88.266136
11059.452660	3082.320000	954.948242	157.234070
11059.452660	3082.320000	953.776367	69.750145
11059.452660	3082.320000	952.603516	198.675201
11059.452660	3082.320000	951.430664	91.431229
11059.452660	3082.320000	950.257813	86.627335
11059.452660	3082.320000	949.084961	44.622139
11059.452660	3082.320000	947.911133	-4.578144
11059.452660	3082.320000	946.737305	78.641823
11059.452660	3082.320000	945.563477	43.755890
11059.452660	3082.320000	944.388672	91.566643
11059.452660	3082.320000	943.213867	-66.652374
11059.452660	3082.320000	942.039063	108.859795
11059.452660	3082.320000	940.864258	-4.064581
11059.452660	3082.320000	939.688477	164.361908
11059.452660	3082.320000	938.513672	32.308235
11059.452660	3082.320000	937.337891	82.329491
11059.452660	3082.320000	936.161133	-54.342674
11059.452660	3082.320000	934.985352	0.316679
11059.452660	3082.320000	933.808594	62.318676
11059.452660	3082.320000	932.631836	-109.918106
11059.452660	3082.320000	931.454102	6.365403
11059.452660	3082.320000	930.277344	6.790839
11059.452660	3082.320000	929.099609	7.198887
11059.452660	3082.320000	927.921875	14.682933
11059.452660	3082.320000	926.743164	8.024985
11059.452660	3082.320000	925.565430	-15.189943
11059.452660	3082.320000	924.386719	34.877838
11059.452660	3082.320000	923.208008	4.591243
11059.452660	3082.320000	922.028320	-70.542145
11059.452660	3082.320000	920.849609	52.692562
11059.452660	3082.320000	919.669922	54.544228
11059.452660	3082.320000	919.474609	-33.916637
11059.452660	3082.320000	918.309570	-68.894249
11059.452660	3082.320000	917.143555	-51.941048
11059.452660	3082.320000	915.977539	130.155487
11059.452660	3082.320000	914.810547	-22.769962
11059.452660	3082.320000	913.644531	-128.467346
11059.452660	3082.320000	912.477539	-43.134125
11059.452660	3082.320000	911.310547	-54.486031
11059.452660	3082.320000	910.143555	-138.895950
11059.452660	3082.320000	908.975586	-20.617075
11059.452660	3082.320000	907.807617	36.360439
11059.452660	3082.320000	906.639648	-19.744507
11059.452660	3082.320000	905.471680	13.663932
11059.452660	3082.320000	904.303711	-40.055214
11059.452660	3082.320000	903.134766	-37.252800
11059.452660	3082.320000	901.965820	-105.054741
11059.452660	3082.320000	900.796875	-3.407198
11059.452660	3082.320000	899.626953	58.209579
11059.452660	3082.320000	898.457031	173.901596
11059.452660	3082.320000	897.287109	-77.302223
11059.452660	3082.320000	896.117188	28.971779
11059.452660	3082.320000	894.947266	-12.885653
11059.452660	3082.320000	893.776367	-47.670696
11059.452660	3082.320000	892.605469	-14.297396
11059.452660	3082.320000	891.434570	80.145485
11059.452660	3082.320000	890.262695	57.118122
11059.452660	3082.320000	889.091797	-57.480186
11059.452660	3082.320000	887.919922	25.187298
11059.452660	3082.320000	886.748047	39.752884
11059.452660	3082.320000	885.575195	-201.484879
11059.452660	3082.320000	884.403320	181.504135
11059.452660	3082.320000	883.230469	-66.693825
11059.452660	3082.320000	882.057617	168.362137
11059.452660	3082.320000	880.883789	2.349931
11059.452660	3082.320000	879.710938	150.560898
11059.452660	3082.320000	878.537109	5.723869
11059.452660	3082.320000	877.362305	15.621151
11059.452660	3082.320000	876.188477	-72.888107
11059.452660	3082.320000	875.013672	65.867828
11059.452660	3082.320000	873.839844	160.071320
11059.452660	3082.320000	872.664063	17.748268
11059.452660	3082.320000	871.489258	79.158997
11059.452660	3082.320000	870.313477	-46.695648
11059.452660	3082.320000	869.138672	21.733353
11059.452660	3082.320000	867.962891	106.518143
11059.452660	3082.320000	866.786133	27.533751
11059.452660	3082.320000	865.610352	105.276443
11059.452660	3082.320000	864.433594	-57.840336
11059.452660	3082.320000	863.256836	59.640293
11059.452660	3082.320000	862.079102	48.531509
11059.452660	3082.320000	860.902344	-51.366276
11059.452660	3082.320000	859.724609	-111.499458
11059.452660	3082.320000	858.546875	94.677177
11059.452660	3082.320000	857.368164	-40.179924
11059.452660	3082.320000	856.190430	-100.264053
11059.452660	3082.320000	855.011719	-200.000595
11059.452660	3082.320000	853.833008	-82.640770
11059.452660	3082.320000	852.654297	20.675280
11059.452660	3082.320000	851.474609	-216.651382
11059.452660	3082.320000	850.294922	-145.993088
11059.452660	3082.320000	849.115234	-21.723900
11059.452660	3082.320000	847.935547	-93.345810
11059.452660	3082.320000	846.754883	-127.635979
11059.452660	3082.320000	845.575195	-133.942596
11059.452660	3082.320000	844.393555	-79.657562
11059.452660	3082.320000	843.212891	-109.256287
11059.452660	3082.320000	842.032227	-45.675121
11059.452660	3082.320000	840.850586	1.586122
11059.452660	3082.320000	839.668945	83.753677
11059.452660	3082.320000	838.486328	-8.680096
11059.452660	3082.320000	837.304688	96.735863
11059.452660	3082.320000	836.122070	-35.208473
11059.452660	3082.320000	834.939453	65.527077
11059.452660	3082.320000	833.756836	-12.856915
11059.452660	3082.320000	832.573242	43.661701
11059.452660	3082.320000	831.389648	37.392105
11059.452660	3082.320000	830.206055	26.479692
11059.452660	3082.320000	829.022461	-156.387665
11059.452660	3082.320000	827.838867	4.678074
11059.452660	3082.320000	826.654297	-57.312172
11059.452660	3082.320000	825.469727	-175.011169
11059.452660	3082.320000	824.284180	99.744797
11059.452660	3082.320000	823.099609	244.389099
11059.452660	3082.320000	821.914063	77.970490
11059.452660	3082.320000	820.728516	-60.530983
11059.452660	3082.320000	819.542969	-89.933853
11059.452660	3082.320000	818.356445	-40.457214
11059.452660	3082.320000	817.169922	129.590851
11059.452660	3082.320000	815.983398	-117.769821
11059.452660	3082.320000	814.796875	-21.951023
11059.452660	3082.320000	813.609375	-67.542473
11059.452660	3082.320000	812.422852	-1.893604
11059.452660	3082.320000	811.235352	-19.668056
11059.452660	3082.320000	810.046875	157.125183
11059.452660	3082.320000	808.859375	-170.975143
11059.452660	3082.320000	807.670898	5.776978
11059.452660	3082.320000	806.482422	-62.904133
11059.452660	3082.320000	805.293945	97.553093
11059.452660	3082.320000	804.104492	75.158020
11059.452660	3082.320000	802.915039	-9.687054
11059.452660	3082.320000	801.725586	-34.364677
11059.452660	3082.320000	800.536133	-12.786216
11059.452660	3082.320000	799.345703	-104.497017
11059.452660	3082.320000	798.155273	-133.763733
11059.452660	3082.320000	796.964844	-77.517273
11059.452660	3082.320000	795.774414	-79.055748
11059.452660	3082.320000	794.583008	-119.863487
11059.452660	3082.320000	793.392578	-112.159592
11059.452660	3082.320000	792.200195	-16.716412
11059.452660	3082.320000	791.008789	-186.795822
11059.452660	3082.320000	789.816406	-102.923401
11059.452660	3082.320000	788.625000	59.366322
11059.452660	3082.320000	787.432617	-6.813582
11059.452660	3082.320000	786.239258	30.828590
11059.452660	3082.320000	785.046875	-155.244125
11059.452660	3082.320000	783.853516	99.133545
11059.452660	3082.320000	782.660156	-24.644419
11059.452660	3082.320000	781.465820	125.881897
11059.452660	3082.320000	780.272461	165.737076
11059.452660	3082.320000	779.078125	85.777740
11059.452660	3082.320000	777.883789	93.369064
11059.452660	3082.320000	776.688477	-2.672139
11059.452660	3082.320000	775.494141	103.919456
11059.452660	3082.320000	774.298828	116.086861
11059.452660	3082.320000	773.103516	109.831467
11059.452660	3082.320000	771.907227	13.839198
11059.452660	3082.320000	770.711914	-66.020096
11059.452660	3082.320000	769.515625	231.329834
11059.452660	3082.320000	768.318359	-62.401413
11059.452660	3082.320000	767.122070	142.848434
11059.452660	3082.320000	765.924805	37.713188
11059.452660	3082.320000	764.727539	17.637136
11059.452660	3082.320000	763.530273	146.896790
11059.452660	3082.320000	762.333008	-22.521387
11059.452660	3082.320000	761.134766	35.480045
11059.452660	3082.320000	759.936523	134.775574
11059.452660	3082.320000	758.738281	-36.862217
11059.452660	3082.320000	757.540039	-24.831141
11059.452660	3082.320000	756.340820	108.800171
11059.452660	3082.320000	755.141602	65.712387
11059.452660	3082.320000	753.942383	82.265007
11059.452660	3082.320000	752.742188	213.459183
11059.452660	3082.320000	751.541992	-19.958487
11059.452660	3082.320000	750.341797	102.004807
11059.452660	3082.320000	749.141602	97.855507
11059.452660	3082.320000	747.941406	8.915021
11059.452660	3082.320000	746.740234	9.339216
11059.452660	3082.320000	745.539063	85.328857
11059.452660	3082.320000	744.337891	55.936771
11059.452660	3082.320000	743.135742	51.724556
11059.452660	3082.320000	741.933594	-133.325745
11059.452660	3082.320000	740.731445	-41.417160
11059.452660	3082.320000	739.529297	100.770233
11059.452660	3082.320000	738.326172	82.758408
11059.452660	3082.320000	737.124023	64.734161
11059.452660	3082.320000	735.919922	-44.759781
11059.452660	3082.320000	734.716797	110.951332
11059.452660	3082.320000	733.513672	106.588669
11059.452660	3082.320000	732.309570	122.774223
11059.452660	3082.320000	731.105469	214.324631
11059.452660	3082.320000	729.900391	193.894058
11059.452660	3082.320000	728.696289	91.238388
11059.452660	3082.320000	727.491211	168.974945
11059.452660	3082.320000	726.286133	84.585480
11059.452660	3082.320000	725.080078	-31.741249
11059.452660	3082.320000	723.874023	198.781723
11059.452660	3082.320000	722.668945	75.587921
11059.452660	3082.320000	721.461914	-15.645315
11059.452660	3082.320000	720.255859	194.134827
11059.452660	3082.320000	719.048828	45.870136
11059.452660	3082.320000	717.841797	38.961422
11059.452660	3082.320000	716.634766	116.348724
11059.452660	3082.320000	715.427734	34.189850
11059.452660	3082.320000	714.219727	22.654842
11059.452660	3082.320000	713.011719	-16.231363
11059.452660	3082.320000	711.803711	22.288166
11059.452660	3082.320000	710.594727	94.911728
11059.452660	3082.320000	709.385742	-112.472397
11059.452660	3082.320000	708.176758	30.633951
11059.452660	3082.320000	706.967773	114.499908
11059.452660	3082.320000	705.758789	-29.156633
11059.452660	3082.320000	704.548828	-49.980755
11059.452660	3082.320000	703.338867	111.063904
11059.452660	3082.320000	702.127930	-39.410458
11059.452660	3082.320000	700.917969	-5.766592
11059.452660	3082.320000	699.707031	-40.333939
11059.452660	3082.320000	698.496094	9.135391
11059.452660	3082.320000	697.285156	-41.382889
11059.452660	3082.320000	696.073242	-146.410477
11059.452660	3082.320000	694.861328	45.980782
11059.452660	3082.320000	693.649414	113.418457
11059.452660	3082.320000	692.436523	92.290443
11059.452660	3082.320000	691.224609	68.867729
11059.452660	3082.320000	690.011719	79.446945
11059.452660	3082.320000	688.798828	124.004738
11059.452660	3082.320000	687.584961	-80.907043
11059.452660	3082.320000	686.372070	24.802660
11059.452660	3082.320000	685.158203	-100.747467
11059.452660	3082.320000	683.943359	145.342545
11059.452660	3082.320000	682.729492	253.095093
11059.452660	3082.320000	681.514648	66.310333
11059.452660	3082.320000	680.299805	178.489563
11059.452660	3082.320000	679.084961	39.270157
11059.452660	3082.320000	677.869141	228.294617
11059.452660	3082.320000	676.653320	141.099487
11059.452660	3082.320000	675.437500	128.569717
11059.452660	3082.320000	674.221680	14.207973
11059.452660	3082.320000	673.004883	392.907104
11059.452660	3082.320000	671.789063	280.720367
11059.452660	3082.320000	670.571289	173.062698
11059.452660	3082.320000	669.354492	101.574295
11059.452660	3082.320000	668.136719	186.001968
11059.452660	3082.320000	666.919922	311.020844
11059.452660	3082.320000	665.701172	56.460011
11059.452660	3082.320000	664.483398	5.218411
11059.452660	3082.320000	663.264648	44.272614
11059.452660	3082.320000	662.045898	-36.375057
11059.452660	3082.320000	660.827148	92.865028
11059.452660	3082.320000	659.608398	46.004391
11059.452660	3082.320000	658.388672	229.230988
11059.452660	3082.320000	657.168945	130.398880
11059.452660	3082.320000	655.949219	166.867249
11059.452660	3082.320000	654.728516	83.784920
11059.452660	3082.320000	653.507813	300.487518
11059.452660	3082.320000	652.287109	133.942184
11059.452660	3082.320000	651.066406	86.838684
11059.452660	3082.320000	649.844727	150.090881
11059.452660	3082.320000	648.623047	129.941803
11059.452660	3082.320000	647.401367	-92.896278
11059.452660	3082.320000	646.179688	80.530609
11059.452660	3082.320000	644.957031	226.830078
11059.452660	3082.320000	643.734375	80.487984
11059.452660	3082.320000	642.511719	69.150238
11059.452660	3082.320000	641.289063	280.454926
11059.452660	3082.320000	640.065430	30.611145
11059.452660	3082.320000	638.841797	140.567307
11059.452660	3082.320000	637.618164	88.582642
11059.452660	3082.320000	636.393555	182.656174
11059.452660	3082.320000	635.168945	36.221832
11059.452660	3082.320000	633.944336	20.098444
11059.452660	3082.320000	632.719727	15.166850
11059.452660	3082.320000	631.494141	106.747253
11059.452660	3082.320000	630.269531	77.012680
11059.452660	3082.320000	629.042969	161.715179
11059.452660	3082.320000	627.817383	170.038284
11059.452660	3082.320000	626.590820	151.387421
11059.452660	3082.320000	625.365234	74.378807
11059.452660	3082.320000	624.137695	152.098083
11059.452660	3082.320000	622.911133	256.646271
11059.452660	3082.320000	621.683594	134.690720
11059.452660	3082.320000	620.456055	209.969162
11059.452660	3082.320000	619.228516	87.984138
11059.452660	3082.320000	618.000977	28.733315
11059.452660	3082.320000	616.772461	14.257306
11059.452660	3082.320000	615.543945	131.861877
11059.452660	3082.320000	614.314453	27.723831
11059.452660	3082.320000	613.085938	245.912827
11059.452660	3082.320000	611.856445	143.942963
11059.452660	3082.320000	610.626953	28.546450
11059.452660	3082.320000	609.397461	47.371914
11059.452660	3082.320000	608.166992	77.325539
11059.452660	3082.320000	606.936523	-15.757786
11059.452660	3082.320000	605.706055	-79.784073
11059.452660	3082.320000	604.474609	133.317810
11059.452660	3082.320000	603.244141	93.780304
11059.452660	3082.320000	602.012695	-35.149570
11059.452660	3082.320000	600.780273	12.386273
11059.452660	3082.320000	599.548828	-2.666621
11059.452660	3082.320000	598.316406	-55.713726
11059.452660	3082.320000	597.083984	60.866837
11059.452660	3082.320000	595.851563	7.744340
11059.452660	3082.320000	594.618164	-114.568336
11059.452660	3082.320000	593.384766	-167.715790
11059.452660	3082.320000	592.151367	-78.142960
11059.452660	3082.320000	590.917969	11.351204
11059.452660	3082.320000	589.683594	0.444051
11059.452660	3082.320000	588.449219	56.367146
11059.452660	3082.320000	587.214844	-61.588573
11059.452660	3082.320000	585.979492	-92.646202
11059.452660	3082.320000	584.745117	-45.766525
11059.452660	3082.320000	583.509766	85.677582
11059.452660	3082.320000	582.273438	-277.258820
11059.452660	3082.320000	581.038086	76.705864
11059.452660	3082.320000	579.801758	94.421295
11059.452660	3082.320000	578.565430	114.317116
11059.452660	3082.320000	577.329102	-14.880097
11059.452660	3082.320000	576.091797	138.403793
11059.452660	3082.320000	574.854492	-28.619711
11059.452660	3082.320000	573.617188	-77.777710
11059.452660	3082.320000	572.378906	104.209953
11059.452660	3082.320000	571.141602	43.865147
11059.452660	3082.320000	569.903320	-145.351974
11059.452660	3082.320000	568.664063	-14.658687
11059.452660	3082.320000	567.425781	138.157990
11059.452660	3082.320000	566.186523	57.739239
11059.452660	3082.320000	564.947266	10.622054
11059.452660	3082.320000	563.708008	-207.398514
11059.452660	3082.320000	562.467773	-10.421341
11059.452660	3082.320000	561.227539	-70.896622
11059.452660	3082.320000	559.987305	72.678230
11059.452660	3082.320000	558.747070	-47.718105
11059.452660	3082.320000	557.505859	-66.109818
11059.452660	3082.320000	556.264648	21.873791
11059.452660	3082.320000	555.023438	23.366707
11059.452660	3082.320000	553.781250	-28.343288
11059.452660	3082.320000	552.539063	-86.701324
11059.452660	3082.320000	551.296875	63.118500
11059.452660	3082.320000	550.054688	-24.065723
11059.452660	3082.320000	548.811523	-31.544859
11059.452660	3082.320000	547.569336	100.393867
11059.452660	3082.320000	546.325195	46.377377
11059.452660	3082.320000	545.082031	-76.213928
11059.452660	3082.320000	543.837891	-68.279427
11059.452660	3082.320000	542.593750	-27.196688
11059.452660	3082.320000	541.349609	49.223518
11059.452660	3082.320000	540.105469	41.599133
11059.452660	3082.320000	538.860352	-120.735771
11059.452660	3082.320000	537.615234	-165.916977
11059.452660	3082.320000	536.369141	-38.797947
11059.452660	3082.320000	535.124023	59.544872
11059.452660	3082.320000	533.877930	-151.293442
11059.452660	3082.320000	532.631836	28.680750
11059.452660	3082.320000	531.384766	40.824936
11059.452660	3082.320000	530.138672	-108.125755
11059.452660	3082.320000	528.891602	-100.391739
11059.452660	3082.320000	527.643555	97.011635
11059.452660	3082.320000	526.396484	-47.477825
11059.452660	3082.320000	525.148438	-61.839359
11059.452660	3082.320000	523.900391	-96.040192
11059.452660	3082.320000	522.652344	-194.142548
11059.452660	3082.320000	521.403320	-126.965279
11059.452660	3082.320000	520.154297	-183.179703
11059.452660	3082.320000	518.905273	-36.759663
11059.452660	3082.320000	517.656250	-165.638992
11059.452660	3082.320000	516.406250	-162.386063
11059.452660	3082.320000	515.156250	-88.706886
11059.452660	3082.320000	513.906250	-96.478172
11059.452660	3082.320000	512.655273	-194.448486
11059.452660	3082.320000	511.404297	4.555515
11059.452660	3082.320000	510.153320	-58.209583
11059.452660	3082.320000	508.902344	72.526443
11059.452660	3082.320000	507.650391	-170.469391
11059.452660	3082.320000	506.398438	78.906906
11059.452660	3082.320000	505.146484	-45.334255
11059.452660	3082.320000	503.893555	67.718658
11059.452660	3082.320000	502.641602	-124.540138
11059.452660	3082.320000	501.388672	25.818666
11059.452660	3082.320000	500.134766	90.500282
11059.452660	3082.320000	498.881836	80.541908
11059.452660	3082.320000	497.627930	-63.261932
11059.452660	3082.320000	496.374023	71.621292
11059.452660	3082.320000	495.119141	0.274904
11059.452660	3082.320000	493.865234	-5.242072
11059.452660	3082.320000	492.610352	59.406872
11059.452660	3082.320000	491.355469	58.279037
11059.452660	3082.320000	490.099609	223.710129
11059.452660	3082.320000	488.843750	169.980545
11059.452660	3082.320000	487.587891	168.857727
11059.452660	3082.320000	486.332031	-62.209713
11059.452660	3082.320000	485.075195	175.401947
11059.452660	3082.320000	483.818359	71.421638
11059.452660	3082.320000	482.561523	129.457550
11059.452660	3082.320000	481.304688	89.013321
11059.452660	3082.320000	480.046875	31.093922
11059.452660	3082.320000	478.789063	45.391026
11059.452660	3082.320000	477.531250	0.651806
11059.452660	3082.320000	476.272461	104.609695
11059.452660	3082.320000	475.013672	177.933731
11059.452660	3082.320000	473.754883	235.941772
11059.452660	3082.320000	472.496094	199.988266
11059.452660	3082.320000	471.236328	129.109711
11059.452660	3082.320000	469.976563	125.976410
11059.452660	3082.320000	468.716797	140.324005
11059.452660	3082.320000	467.456055	169.955978
11059.452660	3082.320000	466.196289	184.312408
11059.452660	3082.320000	464.935547	11.015591
11059.452660	3082.320000	463.673828	82.137878
11059.452660	3082.320000	462.413086	57.274403
11059.452660	3082.320000	461.151367	38.970665
11059.452660	3082.320000	459.889648	81.729431
11059.452660	3082.320000	458.626953	185.506683
11059.452660	3082.320000	457.364258	-48.530876
11059.452660	3082.320000	456.101563	-21.010519
11059.452660	3082.320000	454.838867	-56.665028
11059.452660	3082.320000	453.575195	73.211342
11059.452660	3082.320000	452.312500	-29.934896
11059.452660	3082.320000	451.047852	6.280335
11059.452660	3082.320000	449.784180	-31.512184
11059.452660	3082.320000	448.519531	-19.243589
11059.452660	3082.320000	447.254883	-74.419235
11059.452660	3082.320000	445.990234	-140.447754
11059.452660	3082.320000	444.725586	39.269470
11059.452660	3082.320000	443.459961	-55.027298
11059.452660	3082.320000	442.194336	-62.347198
11059.452660	3082.320000	440.927734	71.577187
11059.452660	3082.320000	439.662109	12.072827
11059.452660	3082.320000	438.395508	13.399744
11059.452660	3082.320000	437.127930	223.191589
11059.452660	3082.320000	435.861328	18.176939
11059.452660	3082.320000	434.593750	108.451859
11059.452660	3082.320000	433.326172	116.195992
11059.452660	3082.320000	432.058594	87.026955
11059.452660	3082.320000	430.790039	96.889923
11059.452660	3082.320000	429.521484	176.123901
11059.452660	3082.320000	428.252930	335.522400
11059.452660	3082.320000	426.984375	59.064430
11059.452660	3082.320000	425.714844	209.674500
11059.452660	3082.320000	424.445313	28.629208
11059.452660	3082.320000	423.174805	94.598373
11059.452660	3082.320000	421.905273	106.342888
11059.452660	3082.320000	420.634766	-76.874596
11059.452660	3082.320000	419.364258	99.340698
11059.452660	3082.320000	418.092773	316.545105
11059.452660	3082.320000	416.822266	7.701347
11059.452660	3082.320000	415.550781	81.895889
11059.452660	3082.320000	414.278320	34.841450
11059.452660	3082.320000	413.006836	63.430801
11059.452660	3082.320000	411.734375	68.137741
11059.452660	3082.320000	410.461914	92.211739
11059.452660	3082.320000	409.188477	-69.696251
11059.452660	3082.320000	407.916016	73.057838
11059.452660	3082.320000	406.642578	114.104279
11059.452660	3082.320000	405.368164	88.061752
11059.452660	3082.320000	404.094727	38.166500
11059.452660	3082.320000	402.820313	27.030670
11059.452660	3082.320000	401.545898	153.920013
11059.452660	3082.320000	400.270508	8.699390
11059.452660	3082.320000	398.996094	174.101578
11059.452660	3082.320000	397.720703	9.239553
11059.452660	3082.320000	396.444336	-95.323212
11059.452660	3082.320000	395.168945	0.529856
11059.452660	3082.320000	393.892578	96.167732
11059.452660	3082.320000	392.616211	70.892998
11059.452660	3082.320000	391.339844	-47.211941
11059.452660	3082.320000	390.062500	116.753571
11059.452660	3082.320000	388.785156	97.368141
11059.452660	3082.320000	387.507813	75.627533
11059.452660	3082.320000	386.229492	42.906750
11059.452660	3082.320000	384.951172	-5.096281
11059.452660	3082.320000	383.672852	88.714500
11059.452660	3082.320000	382.394531	180.084778
11059.452660	3082.320000	381.115234	-126.793381
11059.452660	3082.320000	379.835938	-40.250763
11059.452660	3082.320000	378.556641	99.728004
11059.452660	3082.320000	377.277344	146.920212
11059.452660	3082.320000	375.997070	-77.013908
11059.452660	3082.320000	374.716797	-116.374695
11059.452660	3082.320000	373.435547	52.327538
11059.452660	3082.320000	372.155273	-41.401760
11059.452660	3082.320000	370.874023	-2.316025
11059.452660	3082.320000	369.591797	23.499510
11059.452660	3082.320000	368.310547	-9.016497
11059.452660	3082.320000	367.028320	-106.294914
11059.452660	3082.320000	365.746094	51.372162
11059.452660	3082.320000	364.463867	-76.729477
11059.452660	3082.320000	363.180664	-48.669819
11059.452660	3082.320000	361.897461	13.233476
11059.452660	3082.320000	360.614258	23.199678
11059.452660	3082.320000	359.330078	86.248421
11059.452660	3082.320000	358.045898	45.926655
11059.452660	3082.320000	356.761719	92.938332
11059.452660	3082.320000	355.477539	8.755594
11059.452660	3082.320000	354.192383	-97.362411
11059.452660	3082.320000	352.907227	104.270805
11059.452660	3082.320000	351.622070	-52.198578
11059.452660	3082.320000	350.336914	182.388397
11059.452660	3082.320000	349.050781	33.289852
11059.452660	3082.320000	347.764648	11.949075
11059.452660	3082.320000	346.477539	-57.105743
11059.452660	3082.320000	345.191406	52.792412
11059.452660	3082.320000	343.904297	87.111153
11059.452660	3082.320000	342.616211	-129.361603
11059.452660	3082.320000	341.329102	-128.539612
11059.452660	3082.320000	340.041016	-62.286140
11059.452660	3082.320000	338.752930	-11.804661
11059.452660	3082.320000	337.463867	-17.695419
11059.452660	3082.320000	336.175781	-193.047241
11059.452660	3082.320000	334.886719	-155.783951
11059.452660	3082.320000	333.596680	-44.767067
11059.452660	3082.320000	332.307617	-107.492783
11059.452660	3082.320000	331.017578	-113.569275
11059.452660	3082.320000	329.727539	-54.510426
11059.452660	3082.320000	328.436523	-186.239609
11059.452660	3082.320000	327.146484	71.141541
11059.452660	3082.320000	325.855469	-143.616135
11059.452660	3082.320000	324.563477	85.886604
11059.452660	3082.320000	323.272461	-135.240952
11059.452660	3082.320000	321.980469	-33.746853
11059.452660	3082.320000	320.688477	-86.771301
11059.452660	3082.320000	319.395508	25.024622
11059.452660	3082.320000	318.103516	105.764862
11059.452660	3082.320000	316.810547	72.394356
11059.452660	3082.320000	315.516602	-53.776150
11059.452660	3082.320000	314.223633	-4.677612
11059.452660	3082.320000	312.929688	-12.299773
11059.452660	3082.320000	311.635742	-42.592682
11059.452660	3082.320000	310.340820	-84.990021
11059.452660	3082.320000	309.045898	-14.114122
11059.452660	3082.320000	307.750977	144.429352
11059.452660	3082.320000	306.456055	67.694168
11059.452660	3082.320000	305.160156	252.660889
11059.452660	3082.320000	303.865234	370.125061
11059.452660	3082.320000	302.568359	362.646545
11059.452660	3082.320000	301.272461	480.810577
11059.452660	3082.320000	299.975586	437.972717
11059.452660	3082.320000	298.678711	533.331177
