#X		#Y		#Wave		#Intensity
11440.249468	2918.281667	1999.980469	-13.740277
11440.249468	2918.281667	1999.016602	-68.300362
11440.249468	2918.281667	1998.052734	131.450256
11440.249468	2918.281667	1997.087891	-3.499487
11440.249468	2918.281667	1996.123047	-12.116570
11440.249468	2918.281667	1995.158203	16.349289
11440.249468	2918.281667	1994.193359	-123.689545
11440.249468	2918.281667	1993.228516	-50.790466
11440.249468	2918.281667	1992.262695	-10.174509
11440.249468	2918.281667	1991.297852	47.681000
11440.249468	2918.281667	1990.332031	68.323891
11440.249468	2918.281667	1989.366211	-19.984903
11440.249468	2918.281667	1988.399414	15.374019
11440.249468	2918.281667	1987.433594	-8.711944
11440.249468	2918.281667	1986.466797	33.922565
11440.249468	2918.281667	1985.500977	-29.844612
11440.249468	2918.281667	1984.534180	151.096405
11440.249468	2918.281667	1983.567383	55.080528
11440.249468	2918.281667	1982.599609	62.836040
11440.249468	2918.281667	1981.632813	171.832977
11440.249468	2918.281667	1980.665039	55.936035
11440.249468	2918.281667	1979.697266	-27.862988
11440.249468	2918.281667	1978.729492	66.114021
11440.249468	2918.281667	1977.761719	-17.759550
11440.249468	2918.281667	1976.792969	142.729965
11440.249468	2918.281667	1975.825195	36.562412
11440.249468	2918.281667	1974.856445	-54.806511
11440.249468	2918.281667	1973.887695	142.464828
11440.249468	2918.281667	1972.918945	-20.513964
11440.249468	2918.281667	1971.949219	45.881584
11440.249468	2918.281667	1970.980469	75.222481
11440.249468	2918.281667	1970.010742	52.740753
11440.249468	2918.281667	1969.041016	91.847481
11440.249468	2918.281667	1968.071289	81.613113
11440.249468	2918.281667	1967.101563	-49.387512
11440.249468	2918.281667	1966.130859	-17.788099
11440.249468	2918.281667	1965.161133	114.745422
11440.249468	2918.281667	1964.190430	25.567045
11440.249468	2918.281667	1963.219727	12.711514
11440.249468	2918.281667	1962.249023	191.834610
11440.249468	2918.281667	1961.277344	13.990372
11440.249468	2918.281667	1960.306641	158.532639
11440.249468	2918.281667	1959.334961	12.682180
11440.249468	2918.281667	1958.363281	-83.947578
11440.249468	2918.281667	1957.391602	107.172104
11440.249468	2918.281667	1956.419922	89.188629
11440.249468	2918.281667	1955.447266	29.391569
11440.249468	2918.281667	1954.474609	-136.101196
11440.249468	2918.281667	1953.501953	54.780506
11440.249468	2918.281667	1952.529297	39.175220
11440.249468	2918.281667	1951.556641	173.403580
11440.249468	2918.281667	1950.583984	111.069412
11440.249468	2918.281667	1949.610352	-15.111672
11440.249468	2918.281667	1948.636719	84.613510
11440.249468	2918.281667	1947.663086	108.183212
11440.249468	2918.281667	1946.689453	107.181168
11440.249468	2918.281667	1945.715820	20.276085
11440.249468	2918.281667	1944.741211	124.749306
11440.249468	2918.281667	1943.767578	126.142746
11440.249468	2918.281667	1942.792969	-14.725283
11440.249468	2918.281667	1941.818359	116.617661
11440.249468	2918.281667	1940.842773	113.059265
11440.249468	2918.281667	1939.868164	99.682526
11440.249468	2918.281667	1938.892578	132.859283
11440.249468	2918.281667	1937.916992	31.248507
11440.249468	2918.281667	1936.941406	0.704315
11440.249468	2918.281667	1935.965820	4.449450
11440.249468	2918.281667	1934.990234	15.526953
11440.249468	2918.281667	1934.013672	175.939056
11440.249468	2918.281667	1933.037109	-55.385704
11440.249468	2918.281667	1932.060547	-24.757376
11440.249468	2918.281667	1931.083984	-1.491358
11440.249468	2918.281667	1930.107422	43.775642
11440.249468	2918.281667	1929.129883	74.339203
11440.249468	2918.281667	1928.153320	60.862038
11440.249468	2918.281667	1927.175781	71.832748
11440.249468	2918.281667	1926.198242	-122.565300
11440.249468	2918.281667	1925.219727	-23.585909
11440.249468	2918.281667	1924.242188	70.461960
11440.249468	2918.281667	1923.263672	74.063385
11440.249468	2918.281667	1922.285156	-10.286747
11440.249468	2918.281667	1921.306641	25.068686
11440.249468	2918.281667	1920.328125	-71.461731
11440.249468	2918.281667	1919.349609	-67.858589
11440.249468	2918.281667	1918.370117	-78.908035
11440.249468	2918.281667	1917.391602	58.920311
11440.249468	2918.281667	1916.412109	-30.242123
11440.249468	2918.281667	1915.431641	168.510239
11440.249468	2918.281667	1914.452148	-49.927460
11440.249468	2918.281667	1913.472656	151.187363
11440.249468	2918.281667	1912.492188	10.855110
11440.249468	2918.281667	1911.511719	-9.969944
11440.249468	2918.281667	1910.531250	-23.477949
11440.249468	2918.281667	1909.550781	41.001282
11440.249468	2918.281667	1908.569336	-77.285324
11440.249468	2918.281667	1907.588867	-120.010551
11440.249468	2918.281667	1906.607422	73.533051
11440.249468	2918.281667	1905.625977	-42.261810
11440.249468	2918.281667	1904.644531	182.844345
11440.249468	2918.281667	1903.662109	-37.602280
11440.249468	2918.281667	1902.680664	85.198631
11440.249468	2918.281667	1901.698242	25.453012
11440.249468	2918.281667	1900.715820	21.685375
11440.249468	2918.281667	1899.733398	76.298241
11440.249468	2918.281667	1898.750000	9.291867
11440.249468	2918.281667	1897.767578	-91.730247
11440.249468	2918.281667	1896.784180	-3.091012
11440.249468	2918.281667	1895.800781	-43.306000
11440.249468	2918.281667	1894.817383	16.130793
11440.249468	2918.281667	1893.833984	43.960701
11440.249468	2918.281667	1892.850586	8.620864
11440.249468	2918.281667	1891.866211	-24.275719
11440.249468	2918.281667	1890.881836	59.401344
11440.249468	2918.281667	1889.897461	126.053513
11440.249468	2918.281667	1888.913086	8.197493
11440.249468	2918.281667	1887.927734	-0.398464
11440.249468	2918.281667	1886.943359	17.702040
11440.249468	2918.281667	1885.958008	45.501736
11440.249468	2918.281667	1884.972656	-94.074127
11440.249468	2918.281667	1883.987305	103.501373
11440.249468	2918.281667	1883.001953	68.233177
11440.249468	2918.281667	1882.015625	105.707382
11440.249468	2918.281667	1881.029297	58.337009
11440.249468	2918.281667	1880.042969	-66.561012
11440.249468	2918.281667	1879.056641	-21.806959
11440.249468	2918.281667	1878.070313	64.113838
11440.249468	2918.281667	1877.083984	-118.835709
11440.249468	2918.281667	1876.096680	-40.189137
11440.249468	2918.281667	1875.109375	-51.149693
11440.249468	2918.281667	1874.122070	175.117096
11440.249468	2918.281667	1873.134766	31.015532
11440.249468	2918.281667	1872.146484	-64.635399
11440.249468	2918.281667	1871.159180	105.870544
11440.249468	2918.281667	1870.170898	61.040966
11440.249468	2918.281667	1869.182617	54.924046
11440.249468	2918.281667	1868.194336	-43.068626
11440.249468	2918.281667	1867.205078	-29.820217
11440.249468	2918.281667	1866.216797	186.453583
11440.249468	2918.281667	1865.227539	57.082668
11440.249468	2918.281667	1864.238281	-60.157299
11440.249468	2918.281667	1863.249023	8.652581
11440.249468	2918.281667	1862.259766	72.608452
11440.249468	2918.281667	1861.269531	32.708973
11440.249468	2918.281667	1860.279297	125.611145
11440.249468	2918.281667	1859.290039	3.650655
11440.249468	2918.281667	1858.298828	91.700058
11440.249468	2918.281667	1857.308594	80.789009
11440.249468	2918.281667	1856.318359	86.770660
11440.249468	2918.281667	1855.327148	-56.792881
11440.249468	2918.281667	1854.335938	-82.134773
11440.249468	2918.281667	1853.344727	58.900654
11440.249468	2918.281667	1852.353516	-36.359528
11440.249468	2918.281667	1851.362305	27.490353
11440.249468	2918.281667	1850.370117	59.990440
11440.249468	2918.281667	1849.377930	22.609690
11440.249468	2918.281667	1848.385742	18.968121
11440.249468	2918.281667	1847.393555	109.255577
11440.249468	2918.281667	1846.401367	-29.243376
11440.249468	2918.281667	1845.408203	-37.686352
11440.249468	2918.281667	1844.415039	52.562576
11440.249468	2918.281667	1843.421875	8.010131
11440.249468	2918.281667	1842.428711	86.186966
11440.249468	2918.281667	1841.435547	75.324913
11440.249468	2918.281667	1840.441406	90.924042
11440.249468	2918.281667	1839.448242	-23.339394
11440.249468	2918.281667	1838.454102	-10.132106
11440.249468	2918.281667	1837.459961	-11.352855
11440.249468	2918.281667	1836.464844	-183.215424
11440.249468	2918.281667	1835.470703	46.279171
11440.249468	2918.281667	1834.475586	-29.430807
11440.249468	2918.281667	1833.480469	166.318375
11440.249468	2918.281667	1832.485352	-3.049081
11440.249468	2918.281667	1831.490234	67.760139
11440.249468	2918.281667	1830.495117	-108.729195
11440.249468	2918.281667	1829.499023	-21.127842
11440.249468	2918.281667	1828.502930	11.244519
11440.249468	2918.281667	1827.506836	-93.159119
11440.249468	2918.281667	1826.510742	-55.991238
11440.249468	2918.281667	1825.513672	-78.799622
11440.249468	2918.281667	1824.517578	78.246735
11440.249468	2918.281667	1823.520508	62.610001
11440.249468	2918.281667	1822.523438	18.212208
11440.249468	2918.281667	1821.526367	72.089836
11440.249468	2918.281667	1820.529297	46.871647
11440.249468	2918.281667	1819.531250	64.782791
11440.249468	2918.281667	1818.533203	94.660339
11440.249468	2918.281667	1817.535156	7.178456
11440.249468	2918.281667	1816.537109	65.782326
11440.249468	2918.281667	1815.539063	26.210566
11440.249468	2918.281667	1814.540039	1.010575
11440.249468	2918.281667	1813.541992	-31.361595
11440.249468	2918.281667	1812.542969	60.687027
11440.249468	2918.281667	1811.543945	95.286499
11440.249468	2918.281667	1810.543945	31.811350
11440.249468	2918.281667	1809.544922	9.006715
11440.249468	2918.281667	1808.544922	60.319061
11440.249468	2918.281667	1807.544922	-38.980923
11440.249468	2918.281667	1806.544922	-59.382633
11440.249468	2918.281667	1805.544922	113.758804
11440.249468	2918.281667	1804.544922	121.993538
11440.249468	2918.281667	1803.543945	39.457310
11440.249468	2918.281667	1802.542969	-66.933182
11440.249468	2918.281667	1801.541992	12.943027
11440.249468	2918.281667	1800.541016	-57.605618
11440.249468	2918.281667	1799.539063	81.894005
11440.249468	2918.281667	1798.538086	20.892689
11440.249468	2918.281667	1797.536133	45.795799
11440.249468	2918.281667	1796.534180	-74.820747
11440.249468	2918.281667	1795.532227	-54.690491
11440.249468	2918.281667	1794.529297	-3.577146
11440.249468	2918.281667	1793.527344	47.511154
11440.249468	2918.281667	1792.524414	60.436752
11440.249468	2918.281667	1791.521484	63.818562
11440.249468	2918.281667	1790.518555	40.983597
11440.249468	2918.281667	1789.514648	61.028957
11440.249468	2918.281667	1788.511719	19.135050
11440.249468	2918.281667	1787.507813	-20.369047
11440.249468	2918.281667	1786.503906	75.840706
11440.249468	2918.281667	1785.500000	12.522468
11440.249468	2918.281667	1784.496094	44.417336
11440.249468	2918.281667	1783.491211	-26.025591
11440.249468	2918.281667	1782.486328	15.364437
11440.249468	2918.281667	1781.481445	30.566298
11440.249468	2918.281667	1780.476563	7.704383
11440.249468	2918.281667	1779.471680	-27.045162
11440.249468	2918.281667	1778.465820	104.613419
11440.249468	2918.281667	1777.460938	41.320679
11440.249468	2918.281667	1776.455078	18.440207
11440.249468	2918.281667	1775.449219	-4.440683
11440.249468	2918.281667	1774.442383	-27.322161
11440.249468	2918.281667	1773.436523	2.045276
11440.249468	2918.281667	1772.429688	135.869888
11440.249468	2918.281667	1771.422852	29.856230
11440.249468	2918.281667	1770.416016	37.805443
11440.249468	2918.281667	1769.409180	-63.422218
11440.249468	2918.281667	1768.402344	-34.122761
11440.249468	2918.281667	1767.394531	49.716785
11440.249468	2918.281667	1766.386719	-30.138937
11440.249468	2918.281667	1765.378906	89.218178
11440.249468	2918.281667	1764.371094	201.407654
11440.249468	2918.281667	1763.362305	-56.245052
11440.249468	2918.281667	1762.354492	32.209454
11440.249468	2918.281667	1761.345703	108.770782
11440.249468	2918.281667	1760.336914	81.053734
11440.249468	2918.281667	1759.328125	114.920525
11440.249468	2918.281667	1758.318359	56.404568
11440.249468	2918.281667	1757.308594	19.209566
11440.249468	2918.281667	1756.299805	128.789749
11440.249468	2918.281667	1755.290039	153.110947
11440.249468	2918.281667	1754.279297	-56.860191
11440.249468	2918.281667	1753.269531	99.957314
11440.249468	2918.281667	1752.258789	74.561432
11440.249468	2918.281667	1751.249023	20.784143
11440.249468	2918.281667	1750.238281	23.765469
11440.249468	2918.281667	1749.226563	111.841736
11440.249468	2918.281667	1748.215820	-15.220434
11440.249468	2918.281667	1747.204102	-9.906077
11440.249468	2918.281667	1746.193359	99.358109
11440.249468	2918.281667	1745.181641	125.886383
11440.249468	2918.281667	1744.168945	-107.414131
11440.249468	2918.281667	1743.157227	-2.952962
11440.249468	2918.281667	1742.144531	66.041107
11440.249468	2918.281667	1741.132813	-16.075781
11440.249468	2918.281667	1740.120117	31.630148
11440.249468	2918.281667	1739.106445	43.910282
11440.249468	2918.281667	1738.093750	-24.037376
11440.249468	2918.281667	1737.080078	9.453317
11440.249468	2918.281667	1736.067383	9.904146
11440.249468	2918.281667	1735.053711	38.635509
11440.249468	2918.281667	1734.040039	-59.954742
11440.249468	2918.281667	1733.025391	67.744217
11440.249468	2918.281667	1732.011719	-26.125618
11440.249468	2918.281667	1730.997070	-2.171656
11440.249468	2918.281667	1729.982422	-77.173248
11440.249468	2918.281667	1728.967773	-90.925339
11440.249468	2918.281667	1727.952148	-90.557861
11440.249468	2918.281667	1726.937500	-123.161125
11440.249468	2918.281667	1725.921875	-63.968128
11440.249468	2918.281667	1724.906250	16.369293
11440.249468	2918.281667	1723.890625	47.252975
11440.249468	2918.281667	1722.875000	-81.852242
11440.249468	2918.281667	1721.858398	-60.395210
11440.249468	2918.281667	1720.841797	-107.153679
11440.249468	2918.281667	1719.825195	1.263949
11440.249468	2918.281667	1718.808594	-43.162842
11440.249468	2918.281667	1717.791992	8.771519
11440.249468	2918.281667	1716.774414	-0.420430
11440.249468	2918.281667	1715.756836	63.205788
11440.249468	2918.281667	1714.739258	-77.552452
11440.249468	2918.281667	1713.721680	-11.612629
11440.249468	2918.281667	1712.704102	-6.756952
11440.249468	2918.281667	1711.685547	5.125219
11440.249468	2918.281667	1710.667969	-22.907578
11440.249468	2918.281667	1709.649414	33.532909
11440.249468	2918.281667	1708.630859	38.324356
11440.249468	2918.281667	1707.611328	-76.529083
11440.249468	2918.281667	1706.592773	83.041008
11440.249468	2918.281667	1705.573242	-24.767635
11440.249468	2918.281667	1704.553711	111.261581
11440.249468	2918.281667	1703.534180	-24.663300
11440.249468	2918.281667	1702.513672	-26.974197
11440.249468	2918.281667	1701.494141	40.993610
11440.249468	2918.281667	1700.473633	43.330822
11440.249468	2918.281667	1699.453125	-45.686321
11440.249468	2918.281667	1698.432617	-24.625154
11440.249468	2918.281667	1697.412109	73.674026
11440.249468	2918.281667	1696.390625	75.952110
11440.249468	2918.281667	1695.369141	122.682655
11440.249468	2918.281667	1694.347656	-118.416039
11440.249468	2918.281667	1693.326172	33.580894
11440.249468	2918.281667	1692.304688	-36.690250
11440.249468	2918.281667	1691.282227	-102.271362
11440.249468	2918.281667	1690.260742	-32.232307
11440.249468	2918.281667	1689.238281	70.492493
11440.249468	2918.281667	1688.214844	166.153076
11440.249468	2918.281667	1687.192383	11.742128
11440.249468	2918.281667	1686.168945	-0.112797
11440.249468	2918.281667	1685.146484	58.099590
11440.249468	2918.281667	1684.123047	-5.160687
11440.249468	2918.281667	1683.099609	-0.696771
11440.249468	2918.281667	1682.075195	146.153000
11440.249468	2918.281667	1681.051758	59.538181
11440.249468	2918.281667	1680.027344	61.617466
11440.249468	2918.281667	1679.002930	-31.971323
11440.249468	2918.281667	1677.978516	133.386642
11440.249468	2918.281667	1676.953125	142.412064
11440.249468	2918.281667	1675.928711	181.737061
11440.249468	2918.281667	1674.903320	141.770676
11440.249468	2918.281667	1673.877930	120.455521
11440.249468	2918.281667	1672.852539	61.851234
11440.249468	2918.281667	1671.826172	38.206814
11440.249468	2918.281667	1670.800781	114.730148
11440.249468	2918.281667	1669.774414	95.721344
11440.249468	2918.281667	1668.748047	76.708961
11440.249468	2918.281667	1667.721680	57.694099
11440.249468	2918.281667	1666.694336	159.714264
11440.249468	2918.281667	1665.667969	245.395920
11440.249468	2918.281667	1664.640625	65.778831
11440.249468	2918.281667	1663.613281	51.391129
11440.249468	2918.281667	1662.585938	88.168968
11440.249468	2918.281667	1661.557617	48.181580
11440.249468	2918.281667	1660.530273	105.851883
11440.249468	2918.281667	1659.501953	175.110703
11440.249468	2918.281667	1658.473633	186.231339
11440.249468	2918.281667	1657.444336	141.569611
11440.249468	2918.281667	1656.416016	222.369797
11440.249468	2918.281667	1655.386719	173.054367
11440.249468	2918.281667	1654.358398	216.642548
11440.249468	2918.281667	1653.328125	104.638031
11440.249468	2918.281667	1652.298828	282.845001
11440.249468	2918.281667	1651.269531	101.227173
11440.249468	2918.281667	1650.239258	109.950409
11440.249468	2918.281667	1649.208984	274.105469
11440.249468	2918.281667	1648.178711	129.681763
11440.249468	2918.281667	1647.148438	228.817596
11440.249468	2918.281667	1646.117188	179.507904
11440.249468	2918.281667	1645.086914	132.529861
11440.249468	2918.281667	1644.055664	203.768692
11440.249468	2918.281667	1643.024414	217.038345
11440.249468	2918.281667	1641.992188	380.893311
11440.249468	2918.281667	1640.960938	259.754822
11440.249468	2918.281667	1639.928711	342.463196
11440.249468	2918.281667	1638.896484	258.412445
11440.249468	2918.281667	1637.864258	74.837616
11440.249468	2918.281667	1636.832031	347.316498
11440.249468	2918.281667	1635.798828	205.436737
11440.249468	2918.281667	1634.766602	202.433655
11440.249468	2918.281667	1633.733398	254.943344
11440.249468	2918.281667	1632.699219	268.106598
11440.249468	2918.281667	1631.666016	329.821320
11440.249468	2918.281667	1630.632813	255.100464
11440.249468	2918.281667	1629.598633	212.762650
11440.249468	2918.281667	1628.564453	108.036461
11440.249468	2918.281667	1627.530273	172.022171
11440.249468	2918.281667	1626.495117	272.938782
11440.249468	2918.281667	1625.460938	225.990875
11440.249468	2918.281667	1624.425781	218.312088
11440.249468	2918.281667	1623.390625	106.735039
11440.249468	2918.281667	1622.355469	163.708633
11440.249468	2918.281667	1621.319336	199.882980
11440.249468	2918.281667	1620.284180	164.509155
11440.249468	2918.281667	1619.248047	152.213898
11440.249468	2918.281667	1618.211914	137.613022
11440.249468	2918.281667	1617.174805	229.094971
11440.249468	2918.281667	1616.138672	230.618317
11440.249468	2918.281667	1615.101563	160.673569
11440.249468	2918.281667	1614.065430	249.785706
11440.249468	2918.281667	1613.027344	142.987762
11440.249468	2918.281667	1611.990234	248.188980
11440.249468	2918.281667	1610.953125	106.878349
11440.249468	2918.281667	1609.915039	313.371033
11440.249468	2918.281667	1608.876953	261.896179
11440.249468	2918.281667	1607.838867	337.055054
11440.249468	2918.281667	1606.800781	230.352707
11440.249468	2918.281667	1605.761719	293.977386
11440.249468	2918.281667	1604.723633	332.269989
11440.249468	2918.281667	1603.684570	324.538422
11440.249468	2918.281667	1602.644531	277.710114
11440.249468	2918.281667	1601.605469	221.703125
11440.249468	2918.281667	1600.566406	213.995758
11440.249468	2918.281667	1599.526367	208.588196
11440.249468	2918.281667	1598.486328	187.095856
11440.249468	2918.281667	1597.446289	239.135620
11440.249468	2918.281667	1596.405273	277.370789
11440.249468	2918.281667	1595.365234	271.955811
11440.249468	2918.281667	1594.324219	275.726898
11440.249468	2918.281667	1593.283203	192.255936
11440.249468	2918.281667	1592.242188	303.925476
11440.249468	2918.281667	1591.200195	548.656128
11440.249468	2918.281667	1590.159180	290.805511
11440.249468	2918.281667	1589.117188	432.215149
11440.249468	2918.281667	1588.075195	307.516541
11440.249468	2918.281667	1587.032227	187.453110
11440.249468	2918.281667	1585.990234	415.928284
11440.249468	2918.281667	1584.947266	334.863739
11440.249468	2918.281667	1583.904297	434.884125
11440.249468	2918.281667	1582.861328	321.774323
11440.249468	2918.281667	1581.818359	462.999847
11440.249468	2918.281667	1580.775391	281.222046
11440.249468	2918.281667	1579.731445	351.415283
11440.249468	2918.281667	1578.687500	272.765259
11440.249468	2918.281667	1577.643555	52.225784
11440.249468	2918.281667	1576.598633	239.153580
11440.249468	2918.281667	1575.554688	238.382629
11440.249468	2918.281667	1574.509766	235.326447
11440.249468	2918.281667	1573.464844	115.624260
11440.249468	2918.281667	1572.419922	293.264069
11440.249468	2918.281667	1571.374023	322.221313
11440.249468	2918.281667	1570.329102	264.308411
11440.249468	2918.281667	1569.283203	197.279724
11440.249468	2918.281667	1568.237305	278.811615
11440.249468	2918.281667	1567.191406	255.225540
11440.249468	2918.281667	1566.144531	149.423233
11440.249468	2918.281667	1565.098633	196.679489
11440.249468	2918.281667	1564.051758	74.960152
11440.249468	2918.281667	1563.004883	17.213980
11440.249468	2918.281667	1561.957031	105.566849
11440.249468	2918.281667	1560.910156	123.154808
11440.249468	2918.281667	1559.862305	188.652267
11440.249468	2918.281667	1558.814453	203.948883
11440.249468	2918.281667	1557.766602	100.657143
11440.249468	2918.281667	1556.718750	161.583405
11440.249468	2918.281667	1555.669922	124.465378
11440.249468	2918.281667	1554.621094	253.754211
11440.249468	2918.281667	1553.573242	310.081696
11440.249468	2918.281667	1552.523438	161.341827
11440.249468	2918.281667	1551.474609	231.348022
11440.249468	2918.281667	1550.424805	91.810440
11440.249468	2918.281667	1549.375000	150.434601
11440.249468	2918.281667	1548.325195	256.852020
11440.249468	2918.281667	1547.275391	160.665451
11440.249468	2918.281667	1546.225586	164.654831
11440.249468	2918.281667	1545.174805	168.651260
11440.249468	2918.281667	1544.124023	165.831863
11440.249468	2918.281667	1543.073242	210.784210
11440.249468	2918.281667	1542.022461	103.381531
11440.249468	2918.281667	1540.970703	198.363159
11440.249468	2918.281667	1539.919922	150.124039
11440.249468	2918.281667	1538.868164	247.353592
11440.249468	2918.281667	1537.815430	260.488556
11440.249468	2918.281667	1536.763672	260.001923
11440.249468	2918.281667	1535.710938	202.746292
11440.249468	2918.281667	1534.659180	159.151123
11440.249468	2918.281667	1533.606445	-13.821075
11440.249468	2918.281667	1532.552734	49.346497
11440.249468	2918.281667	1531.500000	162.428955
11440.249468	2918.281667	1530.446289	121.191597
11440.249468	2918.281667	1529.393555	73.179512
11440.249468	2918.281667	1528.338867	211.174179
11440.249468	2918.281667	1527.285156	79.287529
11440.249468	2918.281667	1526.231445	-7.191202
11440.249468	2918.281667	1525.176758	35.577595
11440.249468	2918.281667	1524.122070	91.940224
11440.249468	2918.281667	1523.067383	78.055542
11440.249468	2918.281667	1522.012695	-8.300900
11440.249468	2918.281667	1520.957031	0.515240
11440.249468	2918.281667	1519.901367	-33.682018
11440.249468	2918.281667	1518.845703	9.125061
11440.249468	2918.281667	1517.790039	47.402458
11440.249468	2918.281667	1516.734375	139.994080
11440.249468	2918.281667	1515.677734	74.177139
11440.249468	2918.281667	1514.621094	1.615198
11440.249468	2918.281667	1513.564453	-5.311716
11440.249468	2918.281667	1512.507813	-50.662533
11440.249468	2918.281667	1511.450195	26.105164
11440.249468	2918.281667	1510.393555	32.787384
11440.249468	2918.281667	1509.335938	-14.757751
11440.249468	2918.281667	1508.278320	73.303619
11440.249468	2918.281667	1507.219727	14.505672
11440.249468	2918.281667	1506.162109	66.421135
11440.249468	2918.281667	1505.103516	-41.998482
11440.249468	2918.281667	1504.044922	-118.750443
11440.249468	2918.281667	1502.986328	-60.018196
11440.249468	2918.281667	1501.926758	-26.118093
11440.249468	2918.281667	1500.868164	147.682587
11440.249468	2918.281667	1499.808594	118.396561
11440.249468	2918.281667	1498.749023	73.351646
11440.249468	2918.281667	1497.688477	5.790661
11440.249468	2918.281667	1496.628906	-82.015732
11440.249468	2918.281667	1495.568359	-111.162621
11440.249468	2918.281667	1494.507813	-99.712852
11440.249468	2918.281667	1493.447266	33.425491
11440.249468	2918.281667	1492.386719	-117.322662
11440.249468	2918.281667	1491.325195	-141.861877
11440.249468	2918.281667	1490.263672	-56.029499
11440.249468	2918.281667	1489.202148	-105.299538
11440.249468	2918.281667	1488.140625	-125.267563
11440.249468	2918.281667	1487.079102	-79.942757
11440.249468	2918.281667	1486.016602	57.637104
11440.249468	2918.281667	1484.954102	111.944153
11440.249468	2918.281667	1483.891602	-27.183136
11440.249468	2918.281667	1482.829102	-58.294449
11440.249468	2918.281667	1481.765625	-19.675549
11440.249468	2918.281667	1480.702148	-181.107819
11440.249468	2918.281667	1479.638672	-171.655106
11440.249468	2918.281667	1478.575195	-18.386164
11440.249468	2918.281667	1477.511719	-40.369259
11440.249468	2918.281667	1476.447266	-37.623463
11440.249468	2918.281667	1475.382813	-3.430738
11440.249468	2918.281667	1474.318359	-54.481911
11440.249468	2918.281667	1473.253906	-148.192429
11440.249468	2918.281667	1472.189453	9.464679
11440.249468	2918.281667	1471.124023	63.895699
11440.249468	2918.281667	1470.058594	48.809284
11440.249468	2918.281667	1468.993164	170.473099
11440.249468	2918.281667	1467.927734	94.937035
11440.249468	2918.281667	1466.861328	160.566437
11440.249468	2918.281667	1465.794922	136.491776
11440.249468	2918.281667	1464.728516	9.737024
11440.249468	2918.281667	1463.662109	75.397972
11440.249468	2918.281667	1462.594727	47.177944
11440.249468	2918.281667	1461.528320	34.228622
11440.249468	2918.281667	1460.460938	120.304756
11440.249468	2918.281667	1459.393555	35.817410
11440.249468	2918.281667	1458.326172	21.325237
11440.249468	2918.281667	1457.257813	142.574142
11440.249468	2918.281667	1456.189453	85.614784
11440.249468	2918.281667	1455.121094	-9.571835
11440.249468	2918.281667	1454.052734	2.506042
11440.249468	2918.281667	1452.984375	41.805012
11440.249468	2918.281667	1451.915039	54.051052
11440.249468	2918.281667	1450.845703	-14.457747
11440.249468	2918.281667	1449.776367	-15.955709
11440.249468	2918.281667	1448.707031	-27.696697
11440.249468	2918.281667	1447.636719	98.005791
11440.249468	2918.281667	1446.567383	5.030363
11440.249468	2918.281667	1445.497070	52.873535
11440.249468	2918.281667	1444.425781	52.220467
11440.249468	2918.281667	1443.355469	124.314865
11440.249468	2918.281667	1442.285156	25.987310
11440.249468	2918.281667	1441.213867	83.841408
11440.249468	2918.281667	1440.142578	-42.054462
11440.249468	2918.281667	1439.070313	16.814465
11440.249468	2918.281667	1437.999023	-6.774135
11440.249468	2918.281667	1436.926758	104.646790
11440.249468	2918.281667	1435.854492	62.495609
11440.249468	2918.281667	1434.782227	-31.231079
11440.249468	2918.281667	1433.709961	56.907665
11440.249468	2918.281667	1432.636719	-49.603050
11440.249468	2918.281667	1431.563477	122.956322
11440.249468	2918.281667	1430.490234	-19.214010
11440.249468	2918.281667	1429.416992	-13.716094
11440.249468	2918.281667	1428.343750	71.913460
11440.249468	2918.281667	1427.269531	-0.389951
11440.249468	2918.281667	1426.195313	-20.282379
11440.249468	2918.281667	1425.121094	30.885098
11440.249468	2918.281667	1424.046875	71.438644
11440.249468	2918.281667	1422.971680	160.387970
11440.249468	2918.281667	1421.896484	-8.103746
11440.249468	2918.281667	1420.821289	53.382915
11440.249468	2918.281667	1419.746094	-58.913773
11440.249468	2918.281667	1418.669922	93.274269
11440.249468	2918.281667	1417.594727	-42.467552
11440.249468	2918.281667	1416.518555	55.438938
11440.249468	2918.281667	1415.442383	101.446335
11440.249468	2918.281667	1414.365234	98.271027
11440.249468	2918.281667	1413.289063	71.323448
11440.249468	2918.281667	1412.211914	48.976856
11440.249468	2918.281667	1411.134766	-89.026215
11440.249468	2918.281667	1410.057617	-19.550537
11440.249468	2918.281667	1408.979492	-69.780006
11440.249468	2918.281667	1407.902344	17.548101
11440.249468	2918.281667	1406.824219	-42.664413
11440.249468	2918.281667	1405.746094	-0.466151
11440.249468	2918.281667	1404.666992	208.121185
11440.249468	2918.281667	1403.588867	-10.347392
11440.249468	2918.281667	1402.509766	-31.629089
11440.249468	2918.281667	1401.430664	-4.524559
11440.249468	2918.281667	1400.351563	50.934902
11440.249468	2918.281667	1399.271484	182.522598
11440.249468	2918.281667	1398.192383	142.819229
11440.249468	2918.281667	1397.112305	102.254768
11440.249468	2918.281667	1396.031250	70.252571
11440.249468	2918.281667	1394.951172	50.070923
11440.249468	2918.281667	1393.871094	80.783951
11440.249468	2918.281667	1392.790039	123.509308
11440.249468	2918.281667	1391.708984	86.903671
11440.249468	2918.281667	1390.626953	105.014412
11440.249468	2918.281667	1389.545898	-40.070793
11440.249468	2918.281667	1388.463867	168.394760
11440.249468	2918.281667	1387.381836	122.031021
11440.249468	2918.281667	1386.299805	-31.876919
11440.249468	2918.281667	1385.217773	69.548294
11440.249468	2918.281667	1384.134766	86.145180
11440.249468	2918.281667	1383.051758	216.140045
11440.249468	2918.281667	1381.968750	-8.371490
11440.249468	2918.281667	1380.885742	190.880997
11440.249468	2918.281667	1379.802734	141.472122
11440.249468	2918.281667	1378.718750	95.949478
11440.249468	2918.281667	1377.634766	193.907425
11440.249468	2918.281667	1376.550781	83.121750
11440.249468	2918.281667	1375.465820	57.882278
11440.249468	2918.281667	1374.381836	123.740440
11440.249468	2918.281667	1373.296875	63.429806
11440.249468	2918.281667	1372.211914	100.745804
11440.249468	2918.281667	1371.126953	38.834816
11440.249468	2918.281667	1370.041016	73.974068
11440.249468	2918.281667	1368.955078	53.855396
11440.249468	2918.281667	1367.869141	52.269718
11440.249468	2918.281667	1366.783203	35.365353
11440.249468	2918.281667	1365.697266	167.324814
11440.249468	2918.281667	1364.610352	142.378036
11440.249468	2918.281667	1363.523438	64.717262
11440.249468	2918.281667	1362.436523	90.109459
11440.249468	2918.281667	1361.349609	104.212708
11440.249468	2918.281667	1360.261719	83.836121
11440.249468	2918.281667	1359.174805	42.217091
11440.249468	2918.281667	1358.086914	123.815773
11440.249468	2918.281667	1356.998047	87.587669
11440.249468	2918.281667	1355.910156	135.090347
11440.249468	2918.281667	1354.821289	98.286049
11440.249468	2918.281667	1353.732422	150.131454
11440.249468	2918.281667	1352.643555	90.185989
11440.249468	2918.281667	1351.554688	144.168289
11440.249468	2918.281667	1350.464844	134.330002
11440.249468	2918.281667	1349.375000	54.500763
11440.249468	2918.281667	1348.285156	13.117960
11440.249468	2918.281667	1347.195313	103.032516
11440.249468	2918.281667	1346.105469	41.797520
11440.249468	2918.281667	1345.014648	150.753555
11440.249468	2918.281667	1343.923828	122.186722
11440.249468	2918.281667	1342.833008	74.780487
11440.249468	2918.281667	1341.741211	168.328598
11440.249468	2918.281667	1340.650391	105.659622
11440.249468	2918.281667	1339.558594	131.972565
11440.249468	2918.281667	1338.466797	257.337128
11440.249468	2918.281667	1337.374023	229.680435
11440.249468	2918.281667	1336.282227	133.638519
11440.249468	2918.281667	1335.189453	234.831436
11440.249468	2918.281667	1334.096680	84.019226
11440.249468	2918.281667	1333.003906	167.855545
11440.249468	2918.281667	1331.910156	206.461929
11440.249468	2918.281667	1330.817383	263.173492
11440.249468	2918.281667	1329.723633	396.037109
11440.249468	2918.281667	1328.629883	209.341141
11440.249468	2918.281667	1327.535156	283.559692
11440.249468	2918.281667	1326.441406	162.603409
11440.249468	2918.281667	1325.346680	308.031555
11440.249468	2918.281667	1324.251953	93.010780
11440.249468	2918.281667	1323.156250	89.878059
11440.249468	2918.281667	1322.061523	143.931625
11440.249468	2918.281667	1320.965820	103.585320
11440.249468	2918.281667	1319.870117	98.858292
11440.249468	2918.281667	1318.774414	105.674683
11440.249468	2918.281667	1317.678711	139.991837
11440.249468	2918.281667	1316.582031	136.031052
11440.249468	2918.281667	1315.485352	17.008213
11440.249468	2918.281667	1314.388672	177.051544
11440.249468	2918.281667	1313.291016	129.472717
11440.249468	2918.281667	1312.194336	215.243561
11440.249468	2918.281667	1311.096680	116.052071
11440.249468	2918.281667	1309.999023	14.614534
11440.249468	2918.281667	1308.901367	20.478609
11440.249468	2918.281667	1307.802734	63.888649
11440.249468	2918.281667	1306.705078	56.436466
11440.249468	2918.281667	1305.606445	54.359489
11440.249468	2918.281667	1304.506836	72.199554
11440.249468	2918.281667	1303.408203	91.107002
11440.249468	2918.281667	1302.308594	174.722153
11440.249468	2918.281667	1301.208984	22.016562
11440.249468	2918.281667	1300.109375	13.602336
11440.249468	2918.281667	1299.009766	38.751259
11440.249468	2918.281667	1297.909180	84.020279
11440.249468	2918.281667	1296.808594	78.143097
11440.249468	2918.281667	1295.708008	3.572154
11440.249468	2918.281667	1294.607422	91.083145
11440.249468	2918.281667	1293.506836	56.261803
11440.249468	2918.281667	1292.405273	22.390703
11440.249468	2918.281667	1291.303711	-79.729111
11440.249468	2918.281667	1290.202148	2.532043
11440.249468	2918.281667	1289.099609	50.292702
11440.249468	2918.281667	1287.998047	-19.290262
11440.249468	2918.281667	1286.895508	28.377851
11440.249468	2918.281667	1285.792969	-20.177845
11440.249468	2918.281667	1284.689453	48.035240
11440.249468	2918.281667	1283.586914	101.754959
11440.249468	2918.281667	1282.483398	62.204506
11440.249468	2918.281667	1281.379883	47.743908
11440.249468	2918.281667	1280.276367	69.479897
11440.249468	2918.281667	1279.171875	21.773756
11440.249468	2918.281667	1278.067383	-5.568705
11440.249468	2918.281667	1276.962891	-4.045247
11440.249468	2918.281667	1275.858398	72.219414
11440.249468	2918.281667	1274.753906	-4.146502
11440.249468	2918.281667	1273.648438	65.077690
11440.249468	2918.281667	1272.542969	78.794930
11440.249468	2918.281667	1271.437500	24.978643
11440.249468	2918.281667	1270.331055	-22.954655
11440.249468	2918.281667	1269.225586	-27.062222
11440.249468	2918.281667	1268.119141	21.569735
11440.249468	2918.281667	1267.012695	-49.309200
11440.249468	2918.281667	1265.906250	-34.144543
11440.249468	2918.281667	1264.798828	-55.295639
11440.249468	2918.281667	1263.691406	-23.759987
11440.249468	2918.281667	1262.583984	-30.735544
11440.249468	2918.281667	1261.476563	-14.327011
11440.249468	2918.281667	1260.368164	-9.752112
11440.249468	2918.281667	1259.260742	-22.523760
11440.249468	2918.281667	1258.152344	31.136671
11440.249468	2918.281667	1257.043945	-91.713173
11440.249468	2918.281667	1255.934570	23.176287
11440.249468	2918.281667	1254.825195	9.753799
11440.249468	2918.281667	1253.716797	-6.368320
11440.249468	2918.281667	1252.606445	40.428711
11440.249468	2918.281667	1251.497070	13.430977
11440.249468	2918.281667	1250.387695	18.681026
11440.249468	2918.281667	1249.277344	-58.396744
11440.249468	2918.281667	1248.166992	83.797287
11440.249468	2918.281667	1247.055664	11.701671
11440.249468	2918.281667	1245.945313	6.120323
11440.249468	2918.281667	1244.833984	-29.777433
11440.249468	2918.281667	1243.722656	-29.447659
11440.249468	2918.281667	1242.611328	-65.318291
11440.249468	2918.281667	1241.499023	-42.505928
11440.249468	2918.281667	1240.387695	-7.512347
11440.249468	2918.281667	1239.275391	46.009529
11440.249468	2918.281667	1238.162109	18.031672
11440.249468	2918.281667	1237.049805	106.980522
11440.249468	2918.281667	1235.936523	1.891647
11440.249468	2918.281667	1234.823242	37.091686
11440.249468	2918.281667	1233.709961	-74.257446
11440.249468	2918.281667	1232.596680	-31.312195
11440.249468	2918.281667	1231.482422	-37.002148
11440.249468	2918.281667	1230.369141	7.996603
11440.249468	2918.281667	1229.253906	-4.842091
11440.249468	2918.281667	1228.139648	-72.281532
11440.249468	2918.281667	1227.025391	23.613924
11440.249468	2918.281667	1225.910156	43.679352
11440.249468	2918.281667	1224.794922	-4.460262
11440.249468	2918.281667	1223.679688	-71.017998
11440.249468	2918.281667	1222.563477	-13.899025
11440.249468	2918.281667	1221.447266	-102.304520
11440.249468	2918.281667	1220.331055	-19.619925
11440.249468	2918.281667	1219.214844	44.740509
11440.249468	2918.281667	1218.098633	-67.954857
11440.249468	2918.281667	1216.981445	-108.514030
11440.249468	2918.281667	1215.864258	-11.699695
11440.249468	2918.281667	1214.747070	-99.042801
11440.249468	2918.281667	1213.629883	-43.637276
11440.249468	2918.281667	1212.511719	-53.464485
11440.249468	2918.281667	1211.393555	-50.192860
11440.249468	2918.281667	1210.275391	-10.609691
11440.249468	2918.281667	1209.157227	3.200857
11440.249468	2918.281667	1208.038086	-5.943270
11440.249468	2918.281667	1206.918945	72.520958
11440.249468	2918.281667	1205.799805	-40.169327
11440.249468	2918.281667	1204.680664	41.788914
11440.249468	2918.281667	1203.560547	2.158931
11440.249468	2918.281667	1202.441406	10.256469
11440.249468	2918.281667	1201.321289	17.878214
11440.249468	2918.281667	1200.200195	29.733942
11440.249468	2918.281667	1199.080078	15.109643
11440.249468	2918.281667	1197.958984	95.944069
11440.249468	2918.281667	1196.837891	67.137215
11440.249468	2918.281667	1195.716797	18.109329
11440.249468	2918.281667	1194.594727	16.765705
11440.249468	2918.281667	1193.473633	-43.414730
11440.249468	2918.281667	1192.351563	-26.233017
11440.249468	2918.281667	1191.229492	-93.792549
11440.249468	2918.281667	1190.106445	-19.608446
11440.249468	2918.281667	1188.984375	11.865157
11440.249468	2918.281667	1187.861328	-32.505833
11440.249468	2918.281667	1186.738281	-22.355049
11440.249468	2918.281667	1185.614258	-57.874882
11440.249468	2918.281667	1184.491211	-101.372437
11440.249468	2918.281667	1183.367188	-129.876862
11440.249468	2918.281667	1182.243164	-62.078426
11440.249468	2918.281667	1181.119141	-30.949911
11440.249468	2918.281667	1179.994141	-8.444003
11440.249468	2918.281667	1178.869141	-21.148378
11440.249468	2918.281667	1177.744141	62.876755
11440.249468	2918.281667	1176.619141	-49.391205
11440.249468	2918.281667	1175.493164	36.384586
11440.249468	2918.281667	1174.368164	-107.996864
11440.249468	2918.281667	1173.242188	46.136818
11440.249468	2918.281667	1172.115234	-18.434742
11440.249468	2918.281667	1170.989258	41.468853
11440.249468	2918.281667	1169.862305	51.375408
11440.249468	2918.281667	1168.735352	-93.012146
11440.249468	2918.281667	1167.608398	-53.088959
11440.249468	2918.281667	1166.481445	-56.746765
11440.249468	2918.281667	1165.353516	-34.500832
11440.249468	2918.281667	1164.225586	97.191658
11440.249468	2918.281667	1163.097656	-30.083475
11440.249468	2918.281667	1161.968750	-49.810764
11440.249468	2918.281667	1160.840820	-16.062069
11440.249468	2918.281667	1159.711914	100.002274
11440.249468	2918.281667	1158.583008	169.421722
11440.249468	2918.281667	1157.453125	46.561810
11440.249468	2918.281667	1156.324219	-25.627264
11440.249468	2918.281667	1155.194336	-13.294674
11440.249468	2918.281667	1154.064453	-45.349167
11440.249468	2918.281667	1152.933594	63.874088
11440.249468	2918.281667	1151.803711	-9.364089
11440.249468	2918.281667	1150.672852	-62.617729
11440.249468	2918.281667	1149.541992	3.494513
11440.249468	2918.281667	1148.411133	112.223503
11440.249468	2918.281667	1147.279297	47.004055
11440.249468	2918.281667	1146.147461	4.146246
11440.249468	2918.281667	1145.015625	59.674397
11440.249468	2918.281667	1143.883789	-29.793915
11440.249468	2918.281667	1142.750977	-90.011421
11440.249468	2918.281667	1141.619141	-42.473446
11440.249468	2918.281667	1140.486328	-41.567680
11440.249468	2918.281667	1139.352539	-53.883614
11440.249468	2918.281667	1138.219727	50.468769
11440.249468	2918.281667	1137.085938	38.809708
11440.249468	2918.281667	1135.952148	-24.070124
11440.249468	2918.281667	1134.818359	42.455658
11440.249468	2918.281667	1133.683594	55.164516
11440.249468	2918.281667	1132.549805	-19.200874
11440.249468	2918.281667	1131.415039	13.774347
11440.249468	2918.281667	1130.279297	209.336655
11440.249468	2918.281667	1129.144531	276.169220
11440.249468	2918.281667	1128.008789	209.599945
11440.249468	2918.281667	1126.873047	115.807281
11440.249468	2918.281667	1125.737305	120.462563
11440.249468	2918.281667	1124.601563	193.560364
11440.249468	2918.281667	1123.464844	138.921005
11440.249468	2918.281667	1122.328125	110.672737
11440.249468	2918.281667	1121.191406	160.972229
11440.249468	2918.281667	1120.054688	84.520622
11440.249468	2918.281667	1118.916992	37.596195
11440.249468	2918.281667	1117.779297	-78.474983
11440.249468	2918.281667	1116.641602	47.904678
11440.249468	2918.281667	1115.503906	63.803501
11440.249468	2918.281667	1114.365234	80.482658
11440.249468	2918.281667	1113.226563	92.449409
11440.249468	2918.281667	1112.087891	13.980072
11440.249468	2918.281667	1110.949219	38.666412
11440.249468	2918.281667	1109.809570	30.967798
11440.249468	2918.281667	1108.669922	62.870068
11440.249468	2918.281667	1107.530273	117.431778
11440.249468	2918.281667	1106.390625	100.305733
11440.249468	2918.281667	1105.250000	135.526443
11440.249468	2918.281667	1104.109375	29.617912
11440.249468	2918.281667	1102.968750	61.366718
11440.249468	2918.281667	1101.828125	-47.705193
11440.249468	2918.281667	1100.686523	122.623680
11440.249468	2918.281667	1099.544922	107.809502
11440.249468	2918.281667	1098.403320	81.215050
11440.249468	2918.281667	1097.261719	100.321747
11440.249468	2918.281667	1096.120117	116.137878
11440.249468	2918.281667	1094.977539	88.871704
11440.249468	2918.281667	1093.834961	123.116676
11440.249468	2918.281667	1092.691406	162.668427
11440.249468	2918.281667	1091.548828	204.820404
11440.249468	2918.281667	1090.405273	48.667297
11440.249468	2918.281667	1089.261719	85.327042
11440.249468	2918.281667	1088.118164	178.517899
11440.249468	2918.281667	1086.973633	119.608681
11440.249468	2918.281667	1085.829102	186.828690
11440.249468	2918.281667	1084.684570	82.214546
11440.249468	2918.281667	1083.540039	96.034332
11440.249468	2918.281667	1082.395508	47.569294
11440.249468	2918.281667	1081.250000	136.029022
11440.249468	2918.281667	1080.104492	-39.460613
11440.249468	2918.281667	1078.958984	103.094521
11440.249468	2918.281667	1077.812500	95.985046
11440.249468	2918.281667	1076.666016	143.756302
11440.249468	2918.281667	1075.519531	98.490318
11440.249468	2918.281667	1074.373047	54.995731
11440.249468	2918.281667	1073.226563	51.413177
11440.249468	2918.281667	1072.079102	47.440929
11440.249468	2918.281667	1070.931641	97.817268
11440.249468	2918.281667	1069.784180	80.429420
11440.249468	2918.281667	1068.635742	101.865288
11440.249468	2918.281667	1067.487305	52.174702
11440.249468	2918.281667	1066.338867	113.873329
11440.249468	2918.281667	1065.190430	118.844009
11440.249468	2918.281667	1064.041992	109.972046
11440.249468	2918.281667	1062.892578	143.137253
11440.249468	2918.281667	1061.743164	154.220123
11440.249468	2918.281667	1060.593750	114.650856
11440.249468	2918.281667	1059.443359	13.836614
11440.249468	2918.281667	1058.292969	-109.862595
11440.249468	2918.281667	1057.142578	-21.839796
11440.249468	2918.281667	1055.992188	-59.544636
11440.249468	2918.281667	1054.841797	15.124006
11440.249468	2918.281667	1053.690430	112.759735
11440.249468	2918.281667	1052.539063	-15.907728
11440.249468	2918.281667	1051.387695	167.503021
11440.249468	2918.281667	1050.235352	53.300396
11440.249468	2918.281667	1049.083984	191.716370
11440.249468	2918.281667	1047.931641	46.812519
11440.249468	2918.281667	1046.778320	9.372081
11440.249468	2918.281667	1045.625977	83.315575
11440.249468	2918.281667	1044.472656	43.928638
11440.249468	2918.281667	1043.319336	-58.024223
11440.249468	2918.281667	1042.166016	-38.248020
11440.249468	2918.281667	1041.012695	97.286613
11440.249468	2918.281667	1039.858398	60.248840
11440.249468	2918.281667	1038.704102	59.944717
11440.249468	2918.281667	1037.549805	24.354792
11440.249468	2918.281667	1036.394531	135.388916
11440.249468	2918.281667	1035.239258	95.994789
11440.249468	2918.281667	1034.083984	129.391235
11440.249468	2918.281667	1032.928711	14.763899
11440.249468	2918.281667	1031.773438	118.411674
11440.249468	2918.281667	1030.617188	-63.632092
11440.249468	2918.281667	1029.460938	4.082803
11440.249468	2918.281667	1028.304688	50.433887
11440.249468	2918.281667	1027.147461	122.118538
11440.249468	2918.281667	1025.991211	34.572334
11440.249468	2918.281667	1024.833984	23.754381
11440.249468	2918.281667	1023.675781	35.934757
11440.249468	2918.281667	1022.518555	0.085255
11440.249468	2918.281667	1021.360352	99.000359
11440.249468	2918.281667	1020.202148	-0.661126
11440.249468	2918.281667	1019.043945	-19.266783
11440.249468	2918.281667	1017.884766	-51.467945
11440.249468	2918.281667	1016.726563	60.689709
11440.249468	2918.281667	1015.567383	22.501059
11440.249468	2918.281667	1014.407227	158.681015
11440.249468	2918.281667	1013.248047	70.314339
11440.249468	2918.281667	1012.087891	104.106499
11440.249468	2918.281667	1010.927734	4.887284
11440.249468	2918.281667	1009.767578	-22.517519
11440.249468	2918.281667	1008.606445	116.649376
11440.249468	2918.281667	1007.446289	119.126152
11440.249468	2918.281667	1006.285156	41.325207
11440.249468	2918.281667	1005.123047	-5.427203
11440.249468	2918.281667	1003.961914	19.409904
11440.249468	2918.281667	1002.799805	25.748871
11440.249468	2918.281667	1001.637695	81.778954
11440.249468	2918.281667	1000.475586	98.122330
11440.249468	2918.281667	999.312500	67.556732
11440.249468	2918.281667	998.149414	50.141064
11440.249468	2918.281667	996.986328	66.466751
11440.249468	2918.281667	995.823242	6.829316
11440.249468	2918.281667	994.659180	42.029892
11440.249468	2918.281667	993.496094	-81.197990
11440.249468	2918.281667	992.332031	-3.748290
11440.249468	2918.281667	991.166992	191.909363
11440.249468	2918.281667	990.002930	123.151115
11440.249468	2918.281667	988.837891	40.086884
11440.249468	2918.281667	987.672852	59.808372
11440.249468	2918.281667	986.506836	-19.804731
11440.249468	2918.281667	985.341797	68.149200
11440.249468	2918.281667	984.175781	46.233112
11440.249468	2918.281667	983.009766	16.364450
11440.249468	2918.281667	981.843750	126.376335
11440.249468	2918.281667	980.676758	83.229965
11440.249468	2918.281667	979.509766	76.212906
11440.249468	2918.281667	978.342773	181.147064
11440.249468	2918.281667	977.175781	75.779144
11440.249468	2918.281667	976.007813	24.863281
11440.249468	2918.281667	974.839844	60.829655
11440.249468	2918.281667	973.671875	137.009933
11440.249468	2918.281667	972.503906	43.840271
11440.249468	2918.281667	971.334961	-26.233322
11440.249468	2918.281667	970.166016	-16.266966
11440.249468	2918.281667	968.997070	90.982628
11440.249468	2918.281667	967.828125	-17.365278
11440.249468	2918.281667	966.658203	56.955124
11440.249468	2918.281667	965.488281	193.686569
11440.249468	2918.281667	964.318359	-54.045341
11440.249468	2918.281667	963.148438	-9.741929
11440.249468	2918.281667	961.977539	86.761009
11440.249468	2918.281667	960.806641	39.028999
11440.249468	2918.281667	959.635742	-20.400736
11440.249468	2918.281667	958.463867	54.740498
11440.249468	2918.281667	957.292969	16.509930
11440.249468	2918.281667	956.121094	186.288559
11440.249468	2918.281667	954.948242	150.802078
11440.249468	2918.281667	953.776367	-48.036797
11440.249468	2918.281667	952.603516	69.767181
11440.249468	2918.281667	951.430664	16.186289
11440.249468	2918.281667	950.257813	115.134727
11440.249468	2918.281667	949.084961	79.263969
11440.249468	2918.281667	947.911133	88.712791
11440.249468	2918.281667	946.737305	-169.663681
11440.249468	2918.281667	945.563477	-163.096786
11440.249468	2918.281667	944.388672	16.196270
11440.249468	2918.281667	943.213867	6.355302
11440.249468	2918.281667	942.039063	93.597710
11440.249468	2918.281667	940.864258	14.904569
11440.249468	2918.281667	939.688477	7.277888
11440.249468	2918.281667	938.513672	-42.639027
11440.249468	2918.281667	937.337891	18.393562
11440.249468	2918.281667	936.161133	-48.275124
11440.249468	2918.281667	934.985352	10.354689
11440.249468	2918.281667	933.808594	-13.665766
11440.249468	2918.281667	932.631836	73.330200
11440.249468	2918.281667	931.454102	89.389008
11440.249468	2918.281667	930.277344	173.976273
11440.249468	2918.281667	929.099609	-88.698128
11440.249468	2918.281667	927.921875	165.924622
11440.249468	2918.281667	926.743164	-84.897179
11440.249468	2918.281667	925.565430	-19.244282
11440.249468	2918.281667	924.386719	13.355394
11440.249468	2918.281667	923.208008	74.260941
11440.249468	2918.281667	922.028320	85.574402
11440.249468	2918.281667	920.849609	-73.012978
11440.249468	2918.281667	919.669922	-72.561874
11440.249468	2918.281667	919.474609	16.250498
11440.249468	2918.281667	918.309570	-88.018631
11440.249468	2918.281667	917.143555	119.038124
11440.249468	2918.281667	915.977539	87.875549
11440.249468	2918.281667	914.810547	16.649391
11440.249468	2918.281667	913.644531	42.078247
11440.249468	2918.281667	912.477539	32.149757
11440.249468	2918.281667	911.310547	-39.028938
11440.249468	2918.281667	910.143555	-32.453831
11440.249468	2918.281667	908.975586	-51.787079
11440.249468	2918.281667	907.807617	-0.482567
11440.249468	2918.281667	906.639648	-38.649582
11440.249468	2918.281667	905.471680	-22.674267
11440.249468	2918.281667	904.303711	16.822365
11440.249468	2918.281667	903.134766	-11.919992
11440.249468	2918.281667	901.965820	-101.804443
11440.249468	2918.281667	900.796875	29.388817
11440.249468	2918.281667	899.626953	-15.800235
11440.249468	2918.281667	898.457031	-30.415325
11440.249468	2918.281667	897.287109	63.078289
11440.249468	2918.281667	896.117188	17.905779
11440.249468	2918.281667	894.947266	7.987139
11440.249468	2918.281667	893.776367	-8.974093
11440.249468	2918.281667	892.605469	37.471027
11440.249468	2918.281667	891.434570	-7.663270
11440.249468	2918.281667	890.262695	-15.224727
11440.249468	2918.281667	889.091797	-76.758873
11440.249468	2918.281667	887.919922	-53.803555
11440.249468	2918.281667	886.748047	55.934906
11440.249468	2918.281667	885.575195	43.673702
11440.249468	2918.281667	884.403320	-27.204485
11440.249468	2918.281667	883.230469	68.394333
11440.249468	2918.281667	882.057617	-7.148281
11440.249468	2918.281667	880.883789	-21.731850
11440.249468	2918.281667	879.710938	-17.567440
11440.249468	2918.281667	878.537109	45.155724
11440.249468	2918.281667	877.362305	-18.611622
11440.249468	2918.281667	876.188477	97.938972
11440.249468	2918.281667	875.013672	57.596802
11440.249468	2918.281667	873.839844	-20.177830
11440.249468	2918.281667	872.664063	-11.339443
11440.249468	2918.281667	871.489258	-4.844572
11440.249468	2918.281667	870.313477	-45.132938
11440.249468	2918.281667	869.138672	50.232319
11440.249468	2918.281667	867.962891	87.106392
11440.249468	2918.281667	866.786133	32.797913
11440.249468	2918.281667	865.610352	-19.151287
11440.249468	2918.281667	864.433594	38.744843
11440.249468	2918.281667	863.256836	3.169581
11440.249468	2918.281667	862.079102	-39.397705
11440.249468	2918.281667	860.902344	-14.226228
11440.249468	2918.281667	859.724609	-77.785019
11440.249468	2918.281667	858.546875	17.413391
11440.249468	2918.281667	857.368164	91.568573
11440.249468	2918.281667	856.190430	58.361019
11440.249468	2918.281667	855.011719	-23.822363
11440.249468	2918.281667	853.833008	52.628944
11440.249468	2918.281667	852.654297	49.765232
11440.249468	2918.281667	851.474609	-125.620674
11440.249468	2918.281667	850.294922	109.308296
11440.249468	2918.281667	849.115234	-96.313103
11440.249468	2918.281667	847.935547	26.675285
11440.249468	2918.281667	846.754883	21.492060
11440.249468	2918.281667	845.575195	-18.624701
11440.249468	2918.281667	844.393555	20.446625
11440.249468	2918.281667	843.212891	15.268474
11440.249468	2918.281667	842.032227	-57.407360
11440.249468	2918.281667	840.850586	42.152359
11440.249468	2918.281667	839.668945	-51.437496
11440.249468	2918.281667	838.486328	15.514807
11440.249468	2918.281667	837.304688	-3.610099
11440.249468	2918.281667	836.122070	-1.799831
11440.249468	2918.281667	834.939453	-34.861401
11440.249468	2918.281667	833.756836	76.192955
11440.249468	2918.281667	832.573242	175.583267
11440.249468	2918.281667	831.389648	63.515236
11440.249468	2918.281667	830.206055	141.961945
11440.249468	2918.281667	829.022461	104.260765
11440.249468	2918.281667	827.838867	154.804245
11440.249468	2918.281667	826.654297	-3.594351
11440.249468	2918.281667	825.469727	7.495762
11440.249468	2918.281667	824.284180	-16.224930
11440.249468	2918.281667	823.099609	152.616852
11440.249468	2918.281667	821.914063	-19.568571
11440.249468	2918.281667	820.728516	174.712524
11440.249468	2918.281667	819.542969	86.057755
11440.249468	2918.281667	818.356445	18.301859
11440.249468	2918.281667	817.169922	31.686146
11440.249468	2918.281667	815.983398	17.259867
11440.249468	2918.281667	814.796875	-1.794430
11440.249468	2918.281667	813.609375	-30.105373
11440.249468	2918.281667	812.422852	43.480579
11440.249468	2918.281667	811.235352	3.594414
11440.249468	2918.281667	810.046875	3.072965
11440.249468	2918.281667	808.859375	-20.591845
11440.249468	2918.281667	807.670898	36.731930
11440.249468	2918.281667	806.482422	13.068289
11440.249468	2918.281667	805.293945	-86.907562
11440.249468	2918.281667	804.104492	127.624458
11440.249468	2918.281667	802.915039	-71.743309
11440.249468	2918.281667	801.725586	71.043747
11440.249468	2918.281667	800.536133	3.484065
11440.249468	2918.281667	799.345703	-8.600827
11440.249468	2918.281667	798.155273	13.965890
11440.249468	2918.281667	796.964844	52.687050
11440.249468	2918.281667	795.774414	61.373592
11440.249468	2918.281667	794.583008	-114.619766
11440.249468	2918.281667	793.392578	32.570961
11440.249468	2918.281667	792.200195	50.480335
11440.249468	2918.281667	791.008789	89.142441
11440.249468	2918.281667	789.816406	86.268745
11440.249468	2918.281667	788.625000	113.371696
11440.249468	2918.281667	787.432617	-11.706408
11440.249468	2918.281667	786.239258	119.129539
11440.249468	2918.281667	785.046875	40.187889
11440.249468	2918.281667	783.853516	-119.368271
11440.249468	2918.281667	782.660156	98.938179
11440.249468	2918.281667	781.465820	-108.937508
11440.249468	2918.281667	780.272461	17.161171
11440.249468	2918.281667	779.078125	87.950516
11440.249468	2918.281667	777.883789	-27.734949
11440.249468	2918.281667	776.688477	-85.843781
11440.249468	2918.281667	775.494141	-19.690655
11440.249468	2918.281667	774.298828	76.335228
11440.249468	2918.281667	773.103516	121.720741
11440.249468	2918.281667	771.907227	-44.457787
11440.249468	2918.281667	770.711914	19.316042
11440.249468	2918.281667	769.515625	80.759926
11440.249468	2918.281667	768.318359	-9.489087
11440.249468	2918.281667	767.122070	-26.187510
11440.249468	2918.281667	765.924805	-45.180668
11440.249468	2918.281667	764.727539	-32.020725
11440.249468	2918.281667	763.530273	-101.528130
11440.249468	2918.281667	762.333008	12.630466
11440.249468	2918.281667	761.134766	21.163656
11440.249468	2918.281667	759.936523	-73.569092
11440.249468	2918.281667	758.738281	-81.092331
11440.249468	2918.281667	757.540039	-86.324669
11440.249468	2918.281667	756.340820	41.440994
11440.249468	2918.281667	755.141602	43.050476
11440.249468	2918.281667	753.942383	-26.405556
11440.249468	2918.281667	752.742188	4.995804
11440.249468	2918.281667	751.541992	-4.864463
11440.249468	2918.281667	750.341797	19.633121
11440.249468	2918.281667	749.141602	-17.723999
11440.249468	2918.281667	747.941406	54.836975
11440.249468	2918.281667	746.740234	102.178360
11440.249468	2918.281667	745.539063	122.025406
11440.249468	2918.281667	744.337891	54.898468
11440.249468	2918.281667	743.135742	70.155449
11440.249468	2918.281667	741.933594	176.894669
11440.249468	2918.281667	740.731445	13.721913
11440.249468	2918.281667	739.529297	115.838699
11440.249468	2918.281667	738.326172	213.331406
11440.249468	2918.281667	737.124023	123.363701
11440.249468	2918.281667	735.919922	275.636932
11440.249468	2918.281667	734.716797	277.057343
11440.249468	2918.281667	733.513672	292.171753
11440.249468	2918.281667	732.309570	231.912231
11440.249468	2918.281667	731.105469	356.600311
11440.249468	2918.281667	729.900391	216.439957
11440.249468	2918.281667	728.696289	318.237549
11440.249468	2918.281667	727.491211	228.320679
11440.249468	2918.281667	726.286133	122.462570
11440.249468	2918.281667	725.080078	123.832047
11440.249468	2918.281667	723.874023	104.668625
11440.249468	2918.281667	722.668945	135.657196
11440.249468	2918.281667	721.461914	100.521805
11440.249468	2918.281667	720.255859	-0.695801
11440.249468	2918.281667	719.048828	53.044785
11440.249468	2918.281667	717.841797	24.748268
11440.249468	2918.281667	716.634766	-8.103077
11440.249468	2918.281667	715.427734	-81.936653
11440.249468	2918.281667	714.219727	-39.653522
11440.249468	2918.281667	713.011719	-4.227948
11440.249468	2918.281667	711.803711	124.465416
11440.249468	2918.281667	710.594727	64.266685
11440.249468	2918.281667	709.385742	-61.881374
11440.249468	2918.281667	708.176758	91.719337
11440.249468	2918.281667	706.967773	47.441727
11440.249468	2918.281667	705.758789	112.277824
11440.249468	2918.281667	704.548828	45.261559
11440.249468	2918.281667	703.338867	16.886536
11440.249468	2918.281667	702.127930	-27.392448
11440.249468	2918.281667	700.917969	85.046326
11440.249468	2918.281667	699.707031	136.114044
11440.249468	2918.281667	698.496094	130.390305
11440.249468	2918.281667	697.285156	54.292446
11440.249468	2918.281667	696.073242	12.250820
11440.249468	2918.281667	694.861328	31.470541
11440.249468	2918.281667	693.649414	204.914368
11440.249468	2918.281667	692.436523	119.734306
11440.249468	2918.281667	691.224609	109.398918
11440.249468	2918.281667	690.011719	58.248447
11440.249468	2918.281667	688.798828	290.407990
11440.249468	2918.281667	687.584961	82.859596
11440.249468	2918.281667	686.372070	156.301910
11440.249468	2918.281667	685.158203	66.618073
11440.249468	2918.281667	683.943359	35.833294
11440.249468	2918.281667	682.729492	190.697617
11440.249468	2918.281667	681.514648	191.557938
11440.249468	2918.281667	680.299805	199.190857
11440.249468	2918.281667	679.084961	168.340393
11440.249468	2918.281667	677.869141	67.359596
11440.249468	2918.281667	676.653320	108.889847
11440.249468	2918.281667	675.437500	123.252335
11440.249468	2918.281667	674.221680	286.798523
11440.249468	2918.281667	673.004883	235.536728
11440.249468	2918.281667	671.789063	197.838760
11440.249468	2918.281667	670.571289	194.027954
11440.249468	2918.281667	669.354492	219.566971
11440.249468	2918.281667	668.136719	263.143768
11440.249468	2918.281667	666.919922	225.403320
11440.249468	2918.281667	665.701172	122.197052
11440.249468	2918.281667	664.483398	143.146530
11440.249468	2918.281667	663.264648	107.658859
11440.249468	2918.281667	662.045898	51.865364
11440.249468	2918.281667	660.827148	235.157593
11440.249468	2918.281667	659.608398	186.090668
11440.249468	2918.281667	658.388672	4.009680
11440.249468	2918.281667	657.168945	-11.212794
11440.249468	2918.281667	655.949219	196.656128
11440.249468	2918.281667	654.728516	140.807678
11440.249468	2918.281667	653.507813	150.290771
11440.249468	2918.281667	652.287109	-40.688065
11440.249468	2918.281667	651.066406	7.071831
11440.249468	2918.281667	649.844727	-109.543518
11440.249468	2918.281667	648.623047	-48.321064
11440.249468	2918.281667	647.401367	71.363708
11440.249468	2918.281667	646.179688	35.746140
11440.249468	2918.281667	644.957031	47.360168
11440.249468	2918.281667	643.734375	148.903778
11440.249468	2918.281667	642.511719	108.741737
11440.249468	2918.281667	641.289063	28.117224
11440.249468	2918.281667	640.065430	75.608566
11440.249468	2918.281667	638.841797	-36.468010
11440.249468	2918.281667	637.618164	49.170246
11440.249468	2918.281667	636.393555	4.488842
11440.249468	2918.281667	635.168945	74.327499
11440.249468	2918.281667	633.944336	-37.726334
11440.249468	2918.281667	632.719727	36.545170
11440.249468	2918.281667	631.494141	-37.340267
11440.249468	2918.281667	630.269531	39.107956
11440.249468	2918.281667	629.042969	3.349113
11440.249468	2918.281667	627.817383	10.198972
11440.249468	2918.281667	626.590820	104.471687
11440.249468	2918.281667	625.365234	-68.072006
11440.249468	2918.281667	624.137695	-65.747856
11440.249468	2918.281667	622.911133	-47.756039
11440.249468	2918.281667	621.683594	75.501701
11440.249468	2918.281667	620.456055	-119.357361
11440.249468	2918.281667	619.228516	-11.845799
11440.249468	2918.281667	618.000977	140.379761
11440.249468	2918.281667	616.772461	35.112339
11440.249468	2918.281667	615.543945	133.520081
11440.249468	2918.281667	614.314453	66.300774
11440.249468	2918.281667	613.085938	-14.326999
11440.249468	2918.281667	611.856445	-14.425797
11440.249468	2918.281667	610.626953	-61.495865
11440.249468	2918.281667	609.397461	-5.729432
11440.249468	2918.281667	608.166992	130.457504
11440.249468	2918.281667	606.936523	45.350376
11440.249468	2918.281667	605.706055	-135.801117
11440.249468	2918.281667	604.474609	-51.093658
11440.249468	2918.281667	603.244141	2.299463
11440.249468	2918.281667	602.012695	24.397091
11440.249468	2918.281667	600.780273	104.505539
11440.249468	2918.281667	599.548828	-45.298866
11440.249468	2918.281667	598.316406	-0.938258
11440.249468	2918.281667	597.083984	-7.918058
11440.249468	2918.281667	595.851563	58.689686
11440.249468	2918.281667	594.618164	98.496735
11440.249468	2918.281667	593.384766	15.660317
11440.249468	2918.281667	592.151367	-67.154297
11440.249468	2918.281667	590.917969	-11.787205
11440.249468	2918.281667	589.683594	83.643852
11440.249468	2918.281667	588.449219	156.747818
11440.249468	2918.281667	587.214844	24.927790
11440.249468	2918.281667	585.979492	62.363361
11440.249468	2918.281667	584.745117	30.765923
11440.249468	2918.281667	583.509766	-18.634960
11440.249468	2918.281667	582.273438	3.173660
11440.249468	2918.281667	581.038086	4.942297
11440.249468	2918.281667	579.801758	42.283779
11440.249468	2918.281667	578.565430	-76.055626
11440.249468	2918.281667	577.329102	59.085018
11440.249468	2918.281667	576.091797	9.674362
11440.249468	2918.281667	574.854492	51.384975
11440.249468	2918.281667	573.617188	33.081913
11440.249468	2918.281667	572.378906	34.767509
11440.249468	2918.281667	571.141602	167.471741
11440.249468	2918.281667	569.903320	98.060265
11440.249468	2918.281667	568.664063	192.937241
11440.249468	2918.281667	567.425781	28.101881
11440.249468	2918.281667	566.186523	49.714310
11440.249468	2918.281667	564.947266	109.023827
11440.249468	2918.281667	563.708008	39.660671
11440.249468	2918.281667	562.467773	-0.854282
11440.249468	2918.281667	561.227539	67.275185
11440.249468	2918.281667	559.987305	64.441017
11440.249468	2918.281667	558.747070	-2.663054
11440.249468	2918.281667	557.505859	-3.277385
11440.249468	2918.281667	556.264648	44.836163
11440.249468	2918.281667	555.023438	97.353737
11440.249468	2918.281667	553.781250	85.633133
11440.249468	2918.281667	552.539063	84.982330
11440.249468	2918.281667	551.296875	51.130222
11440.249468	2918.281667	550.054688	30.566433
11440.249468	2918.281667	548.811523	91.860680
11440.249468	2918.281667	547.569336	-1.696617
11440.249468	2918.281667	546.325195	214.365128
11440.249468	2918.281667	545.082031	-33.941971
11440.249468	2918.281667	543.837891	16.254528
11440.249468	2918.281667	542.593750	11.181571
11440.249468	2918.281667	541.349609	129.838074
11440.249468	2918.281667	540.105469	-12.211602
11440.249468	2918.281667	538.860352	106.398155
11440.249468	2918.281667	537.615234	8.574464
11440.249468	2918.281667	536.369141	41.035984
11440.249468	2918.281667	535.124023	11.689815
11440.249468	2918.281667	533.877930	-66.187759
11440.249468	2918.281667	532.631836	-49.167175
11440.249468	2918.281667	531.384766	69.306664
11440.249468	2918.281667	530.138672	86.297073
11440.249468	2918.281667	528.891602	-6.951876
11440.249468	2918.281667	527.643555	-18.602882
11440.249468	2918.281667	526.396484	-30.242554
11440.249468	2918.281667	525.148438	-103.565277
11440.249468	2918.281667	523.900391	19.196840
11440.249468	2918.281667	522.652344	-10.048117
11440.249468	2918.281667	521.403320	-63.496521
11440.249468	2918.281667	520.154297	-50.874634
11440.249468	2918.281667	518.905273	-0.836414
11440.249468	2918.281667	517.656250	-107.043144
11440.249468	2918.281667	516.406250	-41.601830
11440.249468	2918.281667	515.156250	6.223133
11440.249468	2918.281667	513.906250	-7.536694
11440.249468	2918.281667	512.655273	-16.887241
11440.249468	2918.281667	511.404297	11.141917
11440.249468	2918.281667	510.153320	-46.538280
11440.249468	2918.281667	508.902344	67.191101
11440.249468	2918.281667	507.650391	35.900787
11440.249468	2918.281667	506.398438	-23.917377
11440.249468	2918.281667	505.146484	-41.980915
11440.249468	2918.281667	503.893555	-57.832870
11440.249468	2918.281667	502.641602	-62.692570
11440.249468	2918.281667	501.388672	-89.483772
11440.249468	2918.281667	500.134766	92.159477
11440.249468	2918.281667	498.881836	91.688667
11440.249468	2918.281667	497.627930	16.670280
11440.249468	2918.281667	496.374023	99.548637
11440.249468	2918.281667	495.119141	42.118065
11440.249468	2918.281667	493.865234	-43.763840
11440.249468	2918.281667	492.610352	45.680855
11440.249468	2918.281667	491.355469	10.239619
11440.249468	2918.281667	490.099609	-88.686798
11440.249468	2918.281667	488.843750	-51.804626
11440.249468	2918.281667	487.587891	2.586370
11440.249468	2918.281667	486.332031	98.550194
11440.249468	2918.281667	485.075195	115.710205
11440.249468	2918.281667	483.818359	104.435242
11440.249468	2918.281667	482.561523	51.619812
11440.249468	2918.281667	481.304688	92.869812
11440.249468	2918.281667	480.046875	13.867640
11440.249468	2918.281667	478.789063	92.289627
11440.249468	2918.281667	477.531250	57.052139
11440.249468	2918.281667	476.272461	50.244278
11440.249468	2918.281667	475.013672	93.691673
11440.249468	2918.281667	473.754883	-79.076599
11440.249468	2918.281667	472.496094	91.042763
11440.249468	2918.281667	471.236328	-83.811928
11440.249468	2918.281667	469.976563	38.239998
11440.249468	2918.281667	468.716797	-86.320351
11440.249468	2918.281667	467.456055	0.794217
11440.249468	2918.281667	466.196289	18.086340
11440.249468	2918.281667	464.935547	-1.691071
11440.249468	2918.281667	463.673828	150.779907
11440.249468	2918.281667	462.413086	59.069611
11440.249468	2918.281667	461.151367	30.602777
11440.249468	2918.281667	459.889648	47.909122
11440.249468	2918.281667	458.626953	-8.847899
11440.249468	2918.281667	457.364258	119.538582
11440.249468	2918.281667	456.101563	-4.695314
11440.249468	2918.281667	454.838867	84.460907
11440.249468	2918.281667	453.575195	62.585583
11440.249468	2918.281667	452.312500	-59.368534
11440.249468	2918.281667	451.047852	88.485435
11440.249468	2918.281667	449.784180	138.403839
11440.249468	2918.281667	448.519531	-94.386223
11440.249468	2918.281667	447.254883	92.512146
11440.249468	2918.281667	445.990234	-22.797625
11440.249468	2918.281667	444.725586	22.748276
11440.249468	2918.281667	443.459961	40.025154
11440.249468	2918.281667	442.194336	-64.351555
11440.249468	2918.281667	440.927734	137.516785
11440.249468	2918.281667	439.662109	85.258171
11440.249468	2918.281667	438.395508	102.475220
11440.249468	2918.281667	437.127930	154.397400
11440.249468	2918.281667	435.861328	182.417709
11440.249468	2918.281667	434.593750	104.113144
11440.249468	2918.281667	433.326172	216.686630
11440.249468	2918.281667	432.058594	3.934288
11440.249468	2918.281667	430.790039	-17.969000
11440.249468	2918.281667	429.521484	142.182465
11440.249468	2918.281667	428.252930	98.543945
11440.249468	2918.281667	426.984375	163.225266
11440.249468	2918.281667	425.714844	156.370636
11440.249468	2918.281667	424.445313	160.316406
11440.249468	2918.281667	423.174805	127.420944
11440.249468	2918.281667	421.905273	-20.219568
11440.249468	2918.281667	420.634766	46.419384
11440.249468	2918.281667	419.364258	175.736862
11440.249468	2918.281667	418.092773	168.671844
11440.249468	2918.281667	416.822266	215.635376
11440.249468	2918.281667	415.550781	111.169395
11440.249468	2918.281667	414.278320	0.211381
11440.249468	2918.281667	413.006836	-30.780357
11440.249468	2918.281667	411.734375	72.158493
11440.249468	2918.281667	410.461914	38.887032
11440.249468	2918.281667	409.188477	145.961945
11440.249468	2918.281667	407.916016	170.865417
11440.249468	2918.281667	406.642578	137.393509
11440.249468	2918.281667	405.368164	159.982452
11440.249468	2918.281667	404.094727	197.593414
11440.249468	2918.281667	402.820313	155.273254
11440.249468	2918.281667	401.545898	184.072067
11440.249468	2918.281667	400.270508	120.030220
11440.249468	2918.281667	398.996094	12.801322
11440.249468	2918.281667	397.720703	75.821869
11440.249468	2918.281667	396.444336	121.468597
11440.249468	2918.281667	395.168945	-1.083326
11440.249468	2918.281667	393.892578	160.675964
11440.249468	2918.281667	392.616211	93.939232
11440.249468	2918.281667	391.339844	74.484787
11440.249468	2918.281667	390.062500	-5.372320
11440.249468	2918.281667	388.785156	61.040985
11440.249468	2918.281667	387.507813	90.704254
11440.249468	2918.281667	386.229492	8.329736
11440.249468	2918.281667	384.951172	123.739296
11440.249468	2918.281667	383.672852	-23.426838
11440.249468	2918.281667	382.394531	100.224838
11440.249468	2918.281667	381.115234	-60.100857
11440.249468	2918.281667	379.835938	121.190720
11440.249468	2918.281667	378.556641	50.823635
11440.249468	2918.281667	377.277344	126.381676
11440.249468	2918.281667	375.997070	81.434654
11440.249468	2918.281667	374.716797	44.895424
11440.249468	2918.281667	373.435547	111.209595
11440.249468	2918.281667	372.155273	145.088425
11440.249468	2918.281667	370.874023	142.244629
11440.249468	2918.281667	369.591797	-34.613628
11440.249468	2918.281667	368.310547	13.594014
11440.249468	2918.281667	367.028320	42.228558
11440.249468	2918.281667	365.746094	53.443409
11440.249468	2918.281667	364.463867	23.661327
11440.249468	2918.281667	363.180664	21.475323
11440.249468	2918.281667	361.897461	-23.844547
11440.249468	2918.281667	360.614258	91.227867
11440.249468	2918.281667	359.330078	26.040617
11440.249468	2918.281667	358.045898	-26.581566
11440.249468	2918.281667	356.761719	117.451271
11440.249468	2918.281667	355.477539	66.323090
11440.249468	2918.281667	354.192383	-6.528622
11440.249468	2918.281667	352.907227	-15.518362
11440.249468	2918.281667	351.622070	30.745632
11440.249468	2918.281667	350.336914	-36.721085
11440.249468	2918.281667	349.050781	-102.412788
11440.249468	2918.281667	347.764648	58.104263
11440.249468	2918.281667	346.477539	107.008003
11440.249468	2918.281667	345.191406	27.284733
11440.249468	2918.281667	343.904297	130.859650
11440.249468	2918.281667	342.616211	33.183784
11440.249468	2918.281667	341.329102	-20.059637
11440.249468	2918.281667	340.041016	-63.087875
11440.249468	2918.281667	338.752930	123.916901
11440.249468	2918.281667	337.463867	11.599005
11440.249468	2918.281667	336.175781	101.493996
11440.249468	2918.281667	334.886719	-5.411958
11440.249468	2918.281667	333.596680	57.764038
11440.249468	2918.281667	332.307617	-30.999096
11440.249468	2918.281667	331.017578	54.470425
11440.249468	2918.281667	329.727539	145.706314
11440.249468	2918.281667	328.436523	59.448883
11440.249468	2918.281667	327.146484	4.573778
11440.249468	2918.281667	325.855469	-119.077736
11440.249468	2918.281667	324.563477	86.668686
11440.249468	2918.281667	323.272461	6.427377
11440.249468	2918.281667	321.980469	-23.409197
11440.249468	2918.281667	320.688477	-19.898256
11440.249468	2918.281667	319.395508	-70.315697
11440.249468	2918.281667	318.103516	-159.722168
11440.249468	2918.281667	316.810547	-37.239216
11440.249468	2918.281667	315.516602	-58.049274
11440.249468	2918.281667	314.223633	37.261963
11440.249468	2918.281667	312.929688	101.935471
11440.249468	2918.281667	311.635742	-129.570084
11440.249468	2918.281667	310.340820	3.466380
11440.249468	2918.281667	309.045898	-40.701153
11440.249468	2918.281667	307.750977	26.761324
11440.249468	2918.281667	306.456055	122.976463
11440.249468	2918.281667	305.160156	186.333801
11440.249468	2918.281667	303.865234	274.167450
11440.249468	2918.281667	302.568359	89.386131
11440.249468	2918.281667	301.272461	147.570511
11440.249468	2918.281667	299.975586	221.609604
11440.249468	2918.281667	298.678711	273.336151
