#X		#Y		#Wave		#Intensity
12348.190957	-265.363333	1999.980469	9.194656
12348.190957	-265.363333	1999.016602	-6.838432
12348.190957	-265.363333	1998.052734	-187.989212
12348.190957	-265.363333	1997.087891	42.349155
12348.190957	-265.363333	1996.123047	-9.797205
12348.190957	-265.363333	1995.158203	14.924224
12348.190957	-265.363333	1994.193359	2.541723
12348.190957	-265.363333	1993.228516	106.605042
12348.190957	-265.363333	1992.262695	-81.466309
12348.190957	-265.363333	1991.297852	2.881007
12348.190957	-265.363333	1990.332031	-115.692581
12348.190957	-265.363333	1989.366211	89.985954
12348.190957	-265.363333	1988.399414	-33.401020
12348.190957	-265.363333	1987.433594	-23.113205
12348.190957	-265.363333	1986.466797	244.422302
12348.190957	-265.363333	1985.500977	116.297119
12348.190957	-265.363333	1984.534180	52.548206
12348.190957	-265.363333	1983.567383	40.781734
12348.190957	-265.363333	1982.599609	-10.468131
12348.190957	-265.363333	1981.632813	39.659210
12348.190957	-265.363333	1980.665039	-85.574280
12348.190957	-265.363333	1979.697266	-50.166222
12348.190957	-265.363333	1978.729492	-4.840596
12348.190957	-265.363333	1977.761719	55.333897
12348.190957	-265.363333	1976.792969	-128.844681
12348.190957	-265.363333	1975.825195	62.241333
12348.190957	-265.363333	1974.856445	181.745102
12348.190957	-265.363333	1973.887695	-29.337303
12348.190957	-265.363333	1972.918945	23.641178
12348.190957	-265.363333	1971.949219	-41.728237
12348.190957	-265.363333	1970.980469	122.291634
12348.190957	-265.363333	1970.010742	143.312424
12348.190957	-265.363333	1969.041016	-175.770721
12348.190957	-265.363333	1968.071289	35.152103
12348.190957	-265.363333	1967.101563	61.251274
12348.190957	-265.363333	1966.130859	15.946379
12348.190957	-265.363333	1965.161133	118.487595
12348.190957	-265.363333	1964.190430	122.533951
12348.190957	-265.363333	1963.219727	281.736115
12348.190957	-265.363333	1962.249023	-66.168213
12348.190957	-265.363333	1961.277344	46.337452
12348.190957	-265.363333	1960.306641	60.418755
12348.190957	-265.363333	1959.334961	-21.411339
12348.190957	-265.363333	1958.363281	-66.270027
12348.190957	-265.363333	1957.391602	161.916306
12348.190957	-265.363333	1956.419922	38.441002
12348.190957	-265.363333	1955.447266	106.808998
12348.190957	-265.363333	1954.474609	-80.435020
12348.190957	-265.363333	1953.501953	125.632156
12348.190957	-265.363333	1952.529297	17.160275
12348.190957	-265.363333	1951.556641	-105.970451
12348.190957	-265.363333	1950.583984	-44.807556
12348.190957	-265.363333	1949.610352	13.914847
12348.190957	-265.363333	1948.636719	109.481392
12348.190957	-265.363333	1947.663086	101.949013
12348.190957	-265.363333	1946.689453	-123.976906
12348.190957	-265.363333	1945.715820	-6.245290
12348.190957	-265.363333	1944.741211	-35.725853
12348.190957	-265.363333	1943.767578	77.109802
12348.190957	-265.363333	1942.792969	40.334499
12348.190957	-265.363333	1941.818359	172.796036
12348.190957	-265.363333	1940.842773	-28.174006
12348.190957	-265.363333	1939.868164	-45.202793
12348.190957	-265.363333	1938.892578	-67.097145
12348.190957	-265.363333	1937.916992	60.510120
12348.190957	-265.363333	1936.941406	16.616331
12348.190957	-265.363333	1935.965820	-112.956985
12348.190957	-265.363333	1934.990234	31.815817
12348.190957	-265.363333	1934.013672	-90.312614
12348.190957	-265.363333	1933.037109	39.767902
12348.190957	-265.363333	1932.060547	69.478500
12348.190957	-265.363333	1931.083984	16.005939
12348.190957	-265.363333	1930.107422	214.573105
12348.190957	-265.363333	1929.129883	41.282372
12348.190957	-265.363333	1928.153320	-14.529289
12348.190957	-265.363333	1927.175781	76.412003
12348.190957	-265.363333	1926.198242	-8.679276
12348.190957	-265.363333	1925.219727	21.163597
12348.190957	-265.363333	1924.242188	70.564507
12348.190957	-265.363333	1923.263672	78.430321
12348.190957	-265.363333	1922.285156	193.798660
12348.190957	-265.363333	1921.306641	8.721515
12348.190957	-265.363333	1920.328125	-59.054821
12348.190957	-265.363333	1919.349609	-77.958832
12348.190957	-265.363333	1918.370117	171.679443
12348.190957	-265.363333	1917.391602	40.501221
12348.190957	-265.363333	1916.412109	-93.054176
12348.190957	-265.363333	1915.431641	-80.163231
12348.190957	-265.363333	1914.452148	10.791723
12348.190957	-265.363333	1913.472656	21.243391
12348.190957	-265.363333	1912.492188	97.538574
12348.190957	-265.363333	1911.511719	-121.170052
12348.190957	-265.363333	1910.531250	-27.795340
12348.190957	-265.363333	1909.550781	-44.110508
12348.190957	-265.363333	1908.569336	115.018402
12348.190957	-265.363333	1907.588867	135.238220
12348.190957	-265.363333	1906.607422	118.924072
12348.190957	-265.363333	1905.625977	2.779367
12348.190957	-265.363333	1904.644531	-47.579449
12348.190957	-265.363333	1903.662109	74.917168
12348.190957	-265.363333	1902.680664	44.041977
12348.190957	-265.363333	1901.698242	-20.885500
12348.190957	-265.363333	1900.715820	147.770752
12348.190957	-265.363333	1899.733398	-55.796646
12348.190957	-265.363333	1898.750000	-137.688049
12348.190957	-265.363333	1897.767578	43.054852
12348.190957	-265.363333	1896.784180	-92.308952
12348.190957	-265.363333	1895.800781	-110.953979
12348.190957	-265.363333	1894.817383	-112.583107
12348.190957	-265.363333	1893.833984	133.615463
12348.190957	-265.363333	1892.850586	-159.575775
12348.190957	-265.363333	1891.866211	6.381512
12348.190957	-265.363333	1890.881836	50.854797
12348.190957	-265.363333	1889.897461	141.434204
12348.190957	-265.363333	1888.913086	166.434479
12348.190957	-265.363333	1887.927734	-126.517189
12348.190957	-265.363333	1886.943359	36.819817
12348.190957	-265.363333	1885.958008	-35.241821
12348.190957	-265.363333	1884.972656	-32.090416
12348.190957	-265.363333	1883.987305	111.707932
12348.190957	-265.363333	1883.001953	114.809784
12348.190957	-265.363333	1882.015625	45.171394
12348.190957	-265.363333	1881.029297	-293.493927
12348.190957	-265.363333	1880.042969	187.044586
12348.190957	-265.363333	1879.056641	-74.013481
12348.190957	-265.363333	1878.070313	-104.857269
12348.190957	-265.363333	1877.083984	-99.373146
12348.190957	-265.363333	1876.096680	242.686096
12348.190957	-265.363333	1875.109375	255.334671
12348.190957	-265.363333	1874.122070	-68.504234
12348.190957	-265.363333	1873.134766	79.695137
12348.190957	-265.363333	1872.146484	-67.385468
12348.190957	-265.363333	1871.159180	63.787060
12348.190957	-265.363333	1870.170898	-218.725922
12348.190957	-265.363333	1869.182617	13.958076
12348.190957	-265.363333	1868.194336	-43.613689
12348.190957	-265.363333	1867.205078	31.774654
12348.190957	-265.363333	1866.216797	34.604652
12348.190957	-265.363333	1865.227539	-39.918922
12348.190957	-265.363333	1864.238281	-223.160538
12348.190957	-265.363333	1863.249023	-80.244781
12348.190957	-265.363333	1862.259766	74.668625
12348.190957	-265.363333	1861.269531	-33.705524
12348.190957	-265.363333	1860.279297	-88.949364
12348.190957	-265.363333	1859.290039	-18.679096
12348.190957	-265.363333	1858.298828	116.698860
12348.190957	-265.363333	1857.308594	1.057657
12348.190957	-265.363333	1856.318359	-170.052979
12348.190957	-265.363333	1855.327148	78.561157
12348.190957	-265.363333	1854.335938	-94.968040
12348.190957	-265.363333	1853.344727	13.639217
12348.190957	-265.363333	1852.353516	237.887329
12348.190957	-265.363333	1851.362305	117.364708
12348.190957	-265.363333	1850.370117	112.523209
12348.190957	-265.363333	1849.377930	213.662918
12348.190957	-265.363333	1848.385742	-49.000832
12348.190957	-265.363333	1847.393555	-145.418655
12348.190957	-265.363333	1846.401367	109.725388
12348.190957	-265.363333	1845.408203	-8.417688
12348.190957	-265.363333	1844.415039	80.454292
12348.190957	-265.363333	1843.421875	75.404396
12348.190957	-265.363333	1842.428711	149.724197
12348.190957	-265.363333	1841.435547	79.641800
12348.190957	-265.363333	1840.441406	69.681122
12348.190957	-265.363333	1839.448242	50.071449
12348.190957	-265.363333	1838.454102	59.283829
12348.190957	-265.363333	1837.459961	20.380493
12348.190957	-265.363333	1836.464844	104.028801
12348.190957	-265.363333	1835.470703	26.611647
12348.190957	-265.363333	1834.475586	-70.032967
12348.190957	-265.363333	1833.480469	6.267706
12348.190957	-265.363333	1832.485352	152.149063
12348.190957	-265.363333	1831.490234	170.676224
12348.190957	-265.363333	1830.495117	35.514854
12348.190957	-265.363333	1829.499023	61.179783
12348.190957	-265.363333	1828.502930	146.791245
12348.190957	-265.363333	1827.506836	102.766891
12348.190957	-265.363333	1826.510742	200.253906
12348.190957	-265.363333	1825.513672	96.194710
12348.190957	-265.363333	1824.517578	-125.365776
12348.190957	-265.363333	1823.520508	-83.155708
12348.190957	-265.363333	1822.523438	57.276463
12348.190957	-265.363333	1821.526367	77.783997
12348.190957	-265.363333	1820.529297	110.224068
12348.190957	-265.363333	1819.531250	231.248886
12348.190957	-265.363333	1818.533203	431.230103
12348.190957	-265.363333	1817.535156	41.970222
12348.190957	-265.363333	1816.537109	-47.890331
12348.190957	-265.363333	1815.539063	147.115997
12348.190957	-265.363333	1814.540039	128.985977
12348.190957	-265.363333	1813.541992	134.751801
12348.190957	-265.363333	1812.542969	164.395462
12348.190957	-265.363333	1811.543945	55.242077
12348.190957	-265.363333	1810.543945	-101.747856
12348.190957	-265.363333	1809.544922	80.828346
12348.190957	-265.363333	1808.544922	115.063683
12348.190957	-265.363333	1807.544922	15.386019
12348.190957	-265.363333	1806.544922	128.396774
12348.190957	-265.363333	1805.544922	-0.007698
12348.190957	-265.363333	1804.544922	74.650009
12348.190957	-265.363333	1803.543945	51.305748
12348.190957	-265.363333	1802.542969	-60.432701
12348.190957	-265.363333	1801.541992	30.770496
12348.190957	-265.363333	1800.541016	-14.172642
12348.190957	-265.363333	1799.539063	129.400146
12348.190957	-265.363333	1798.538086	-3.925811
12348.190957	-265.363333	1797.536133	141.885986
12348.190957	-265.363333	1796.534180	75.302032
12348.190957	-265.363333	1795.532227	23.007811
12348.190957	-265.363333	1794.529297	261.583374
12348.190957	-265.363333	1793.527344	111.437767
12348.190957	-265.363333	1792.524414	221.104156
12348.190957	-265.363333	1791.521484	51.863750
12348.190957	-265.363333	1790.518555	128.051483
12348.190957	-265.363333	1789.514648	-12.617042
12348.190957	-265.363333	1788.511719	70.605591
12348.190957	-265.363333	1787.507813	87.072464
12348.190957	-265.363333	1786.503906	220.146088
12348.190957	-265.363333	1785.500000	0.829395
12348.190957	-265.363333	1784.496094	-6.638327
12348.190957	-265.363333	1783.491211	295.176086
12348.190957	-265.363333	1782.486328	-85.945702
12348.190957	-265.363333	1781.481445	232.326416
12348.190957	-265.363333	1780.476563	162.800125
12348.190957	-265.363333	1779.471680	-8.984511
12348.190957	-265.363333	1778.465820	35.570564
12348.190957	-265.363333	1777.460938	-22.132908
12348.190957	-265.363333	1776.455078	-8.576694
12348.190957	-265.363333	1775.449219	130.848358
12348.190957	-265.363333	1774.442383	322.429596
12348.190957	-265.363333	1773.436523	252.651138
12348.190957	-265.363333	1772.429688	109.239922
12348.190957	-265.363333	1771.422852	22.815050
12348.190957	-265.363333	1770.416016	145.252609
12348.190957	-265.363333	1769.409180	144.194351
12348.190957	-265.363333	1768.402344	95.637444
12348.190957	-265.363333	1767.394531	227.339691
12348.190957	-265.363333	1766.386719	297.279846
12348.190957	-265.363333	1765.378906	16.189474
12348.190957	-265.363333	1764.371094	204.596100
12348.190957	-265.363333	1763.362305	189.024933
12348.190957	-265.363333	1762.354492	201.858612
12348.190957	-265.363333	1761.345703	-24.684647
12348.190957	-265.363333	1760.336914	71.008949
12348.190957	-265.363333	1759.328125	142.935684
12348.190957	-265.363333	1758.318359	49.012222
12348.190957	-265.363333	1757.308594	198.957962
12348.190957	-265.363333	1756.299805	102.609642
12348.190957	-265.363333	1755.290039	63.053223
12348.190957	-265.363333	1754.279297	9.265364
12348.190957	-265.363333	1753.269531	201.515213
12348.190957	-265.363333	1752.258789	55.380676
12348.190957	-265.363333	1751.249023	65.355682
12348.190957	-265.363333	1750.238281	139.123474
12348.190957	-265.363333	1749.226563	89.880447
12348.190957	-265.363333	1748.215820	19.345413
12348.190957	-265.363333	1747.204102	-48.847450
12348.190957	-265.363333	1746.193359	12.902649
12348.190957	-265.363333	1745.181641	-123.853249
12348.190957	-265.363333	1744.168945	8.650638
12348.190957	-265.363333	1743.157227	-21.871370
12348.190957	-265.363333	1742.144531	44.372765
12348.190957	-265.363333	1741.132813	-31.075335
12348.190957	-265.363333	1740.120117	-35.738216
12348.190957	-265.363333	1739.106445	-160.784637
12348.190957	-265.363333	1738.093750	-14.513547
12348.190957	-265.363333	1737.080078	4.284712
12348.190957	-265.363333	1736.067383	-17.048042
12348.190957	-265.363333	1735.053711	-116.224144
12348.190957	-265.363333	1734.040039	79.268806
12348.190957	-265.363333	1733.025391	-81.250984
12348.190957	-265.363333	1732.011719	66.956047
12348.190957	-265.363333	1730.997070	-98.288498
12348.190957	-265.363333	1729.982422	-199.906647
12348.190957	-265.363333	1728.967773	-82.496658
12348.190957	-265.363333	1727.952148	4.214590
12348.190957	-265.363333	1726.937500	-234.019302
12348.190957	-265.363333	1725.921875	-182.691498
12348.190957	-265.363333	1724.906250	-159.658386
12348.190957	-265.363333	1723.890625	-68.435219
12348.190957	-265.363333	1722.875000	-170.181778
12348.190957	-265.363333	1721.858398	-86.124107
12348.190957	-265.363333	1720.841797	23.734089
12348.190957	-265.363333	1719.825195	18.314096
12348.190957	-265.363333	1718.808594	-97.617081
12348.190957	-265.363333	1717.791992	-88.977997
12348.190957	-265.363333	1716.774414	-148.523132
12348.190957	-265.363333	1715.756836	-64.771652
12348.190957	-265.363333	1714.739258	70.589348
12348.190957	-265.363333	1713.721680	-148.737549
12348.190957	-265.363333	1712.704102	-83.913078
12348.190957	-265.363333	1711.685547	16.061096
12348.190957	-265.363333	1710.667969	-45.970573
12348.190957	-265.363333	1709.649414	-281.662292
12348.190957	-265.363333	1708.630859	-111.412857
12348.190957	-265.363333	1707.611328	-138.302185
12348.190957	-265.363333	1706.592773	-3.382092
12348.190957	-265.363333	1705.573242	2.488953
12348.190957	-265.363333	1704.553711	-85.444206
12348.190957	-265.363333	1703.534180	-138.212372
12348.190957	-265.363333	1702.513672	64.439423
12348.190957	-265.363333	1701.494141	-25.878267
12348.190957	-265.363333	1700.473633	99.318634
12348.190957	-265.363333	1699.453125	67.522171
12348.190957	-265.363333	1698.432617	-41.561134
12348.190957	-265.363333	1697.412109	-99.122208
12348.190957	-265.363333	1696.390625	-121.580040
12348.190957	-265.363333	1695.369141	3.383707
12348.190957	-265.363333	1694.347656	114.237274
12348.190957	-265.363333	1693.326172	26.177446
12348.190957	-265.363333	1692.304688	94.837509
12348.190957	-265.363333	1691.282227	53.534740
12348.190957	-265.363333	1690.260742	54.316700
12348.190957	-265.363333	1689.238281	-43.107365
12348.190957	-265.363333	1688.214844	-161.556351
12348.190957	-265.363333	1687.192383	149.976410
12348.190957	-265.363333	1686.168945	3.461768
12348.190957	-265.363333	1685.146484	195.678925
12348.190957	-265.363333	1684.123047	163.605530
12348.190957	-265.363333	1683.099609	140.865799
12348.190957	-265.363333	1682.075195	157.795456
12348.190957	-265.363333	1681.051758	130.362274
12348.190957	-265.363333	1680.027344	126.250847
12348.190957	-265.363333	1679.002930	89.462410
12348.190957	-265.363333	1677.978516	232.285568
12348.190957	-265.363333	1676.953125	81.176094
12348.190957	-265.363333	1675.928711	77.015968
12348.190957	-265.363333	1674.903320	47.192783
12348.190957	-265.363333	1673.877930	29.020357
12348.190957	-265.363333	1672.852539	76.093941
12348.190957	-265.363333	1671.826172	137.108521
12348.190957	-265.363333	1670.800781	55.995995
12348.190957	-265.363333	1669.774414	168.206360
12348.190957	-265.363333	1668.748047	273.376740
12348.190957	-265.363333	1667.721680	252.776215
12348.190957	-265.363333	1666.694336	13.364398
12348.190957	-265.363333	1665.667969	197.599625
12348.190957	-265.363333	1664.640625	146.741409
12348.190957	-265.363333	1663.613281	128.464005
12348.190957	-265.363333	1662.585938	196.242569
12348.190957	-265.363333	1661.557617	143.059143
12348.190957	-265.363333	1660.530273	122.444397
12348.190957	-265.363333	1659.501953	43.712486
12348.190957	-265.363333	1658.473633	192.765244
12348.190957	-265.363333	1657.444336	179.093491
12348.190957	-265.363333	1656.416016	153.812881
12348.190957	-265.363333	1655.386719	293.446533
12348.190957	-265.363333	1654.358398	210.087677
12348.190957	-265.363333	1653.328125	435.551422
12348.190957	-265.363333	1652.298828	99.151649
12348.190957	-265.363333	1651.269531	289.737579
12348.190957	-265.363333	1650.239258	570.739502
12348.190957	-265.363333	1649.208984	401.542664
12348.190957	-265.363333	1648.178711	473.648560
12348.190957	-265.363333	1647.148438	374.109528
12348.190957	-265.363333	1646.117188	358.075592
12348.190957	-265.363333	1645.086914	314.237549
12348.190957	-265.363333	1644.055664	402.525787
12348.190957	-265.363333	1643.024414	175.621460
12348.190957	-265.363333	1641.992188	428.402130
12348.190957	-265.363333	1640.960938	523.574219
12348.190957	-265.363333	1639.928711	530.699036
12348.190957	-265.363333	1638.896484	489.198822
12348.190957	-265.363333	1637.864258	801.931580
12348.190957	-265.363333	1636.832031	716.425232
12348.190957	-265.363333	1635.798828	630.951904
12348.190957	-265.363333	1634.766602	550.153442
12348.190957	-265.363333	1633.733398	661.391052
12348.190957	-265.363333	1632.699219	691.635986
12348.190957	-265.363333	1631.666016	860.629700
12348.190957	-265.363333	1630.632813	685.082764
12348.190957	-265.363333	1629.598633	655.232300
12348.190957	-265.363333	1628.564453	590.736877
12348.190957	-265.363333	1627.530273	722.679993
12348.190957	-265.363333	1626.495117	653.590759
12348.190957	-265.363333	1625.460938	443.652832
12348.190957	-265.363333	1624.425781	425.471710
12348.190957	-265.363333	1623.390625	483.501801
12348.190957	-265.363333	1622.355469	735.426208
12348.190957	-265.363333	1621.319336	548.752686
12348.190957	-265.363333	1620.284180	424.475159
12348.190957	-265.363333	1619.248047	611.702332
12348.190957	-265.363333	1618.211914	554.374756
12348.190957	-265.363333	1617.174805	591.630127
12348.190957	-265.363333	1616.138672	709.592163
12348.190957	-265.363333	1615.101563	659.235840
12348.190957	-265.363333	1614.065430	604.313721
12348.190957	-265.363333	1613.027344	535.591431
12348.190957	-265.363333	1611.990234	561.380493
12348.190957	-265.363333	1610.953125	695.440796
12348.190957	-265.363333	1609.915039	619.888489
12348.190957	-265.363333	1608.876953	726.287170
12348.190957	-265.363333	1607.838867	660.006348
12348.190957	-265.363333	1606.800781	552.343506
12348.190957	-265.363333	1605.761719	826.737305
12348.190957	-265.363333	1604.723633	502.855804
12348.190957	-265.363333	1603.684570	466.654968
12348.190957	-265.363333	1602.644531	481.081665
12348.190957	-265.363333	1601.605469	610.503113
12348.190957	-265.363333	1600.566406	758.289673
12348.190957	-265.363333	1599.526367	855.468933
12348.190957	-265.363333	1598.486328	846.925415
12348.190957	-265.363333	1597.446289	709.743652
12348.190957	-265.363333	1596.405273	641.549866
12348.190957	-265.363333	1595.365234	621.646606
12348.190957	-265.363333	1594.324219	783.177734
12348.190957	-265.363333	1593.283203	653.103699
12348.190957	-265.363333	1592.242188	713.623291
12348.190957	-265.363333	1591.200195	670.871765
12348.190957	-265.363333	1590.159180	685.532166
12348.190957	-265.363333	1589.117188	810.324707
12348.190957	-265.363333	1588.075195	611.703003
12348.190957	-265.363333	1587.032227	672.307312
12348.190957	-265.363333	1585.990234	705.412170
12348.190957	-265.363333	1584.947266	433.662903
12348.190957	-265.363333	1583.904297	581.448547
12348.190957	-265.363333	1582.861328	681.089783
12348.190957	-265.363333	1581.818359	558.508911
12348.190957	-265.363333	1580.775391	713.151733
12348.190957	-265.363333	1579.731445	503.654846
12348.190957	-265.363333	1578.687500	710.969421
12348.190957	-265.363333	1577.643555	844.986572
12348.190957	-265.363333	1576.598633	482.344910
12348.190957	-265.363333	1575.554688	614.136658
12348.190957	-265.363333	1574.509766	777.935547
12348.190957	-265.363333	1573.464844	664.943604
12348.190957	-265.363333	1572.419922	750.987427
12348.190957	-265.363333	1571.374023	667.836731
12348.190957	-265.363333	1570.329102	513.896729
12348.190957	-265.363333	1569.283203	410.331360
12348.190957	-265.363333	1568.237305	535.350342
12348.190957	-265.363333	1567.191406	354.221649
12348.190957	-265.363333	1566.144531	602.620361
12348.190957	-265.363333	1565.098633	444.464996
12348.190957	-265.363333	1564.051758	405.137726
12348.190957	-265.363333	1563.004883	587.298157
12348.190957	-265.363333	1561.957031	643.893921
12348.190957	-265.363333	1560.910156	490.576843
12348.190957	-265.363333	1559.862305	503.903931
12348.190957	-265.363333	1558.814453	412.341431
12348.190957	-265.363333	1557.766602	501.022430
12348.190957	-265.363333	1556.718750	464.304718
12348.190957	-265.363333	1555.669922	388.885284
12348.190957	-265.363333	1554.621094	156.273026
12348.190957	-265.363333	1553.573242	356.768677
12348.190957	-265.363333	1552.523438	372.675507
12348.190957	-265.363333	1551.474609	486.574707
12348.190957	-265.363333	1550.424805	286.184326
12348.190957	-265.363333	1549.375000	172.443710
12348.190957	-265.363333	1548.325195	304.659821
12348.190957	-265.363333	1547.275391	179.671875
12348.190957	-265.363333	1546.225586	91.190109
12348.190957	-265.363333	1545.174805	364.541779
12348.190957	-265.363333	1544.124023	285.248047
12348.190957	-265.363333	1543.073242	171.917557
12348.190957	-265.363333	1542.022461	108.705925
12348.190957	-265.363333	1540.970703	100.124153
12348.190957	-265.363333	1539.919922	262.070099
12348.190957	-265.363333	1538.868164	255.832092
12348.190957	-265.363333	1537.815430	199.656708
12348.190957	-265.363333	1536.763672	193.532303
12348.190957	-265.363333	1535.710938	462.267059
12348.190957	-265.363333	1534.659180	72.442863
12348.190957	-265.363333	1533.606445	173.196243
12348.190957	-265.363333	1532.552734	85.562752
12348.190957	-265.363333	1531.500000	72.908188
12348.190957	-265.363333	1530.446289	284.928894
12348.190957	-265.363333	1529.393555	124.892784
12348.190957	-265.363333	1528.338867	116.921776
12348.190957	-265.363333	1527.285156	93.136635
12348.190957	-265.363333	1526.231445	58.078156
12348.190957	-265.363333	1525.176758	50.283413
12348.190957	-265.363333	1524.122070	-238.467697
12348.190957	-265.363333	1523.067383	28.066250
12348.190957	-265.363333	1522.012695	-20.334246
12348.190957	-265.363333	1520.957031	24.196207
12348.190957	-265.363333	1519.901367	-214.291245
12348.190957	-265.363333	1518.845703	-110.768059
12348.190957	-265.363333	1517.790039	112.737633
12348.190957	-265.363333	1516.734375	51.059036
12348.190957	-265.363333	1515.677734	21.135027
12348.190957	-265.363333	1514.621094	9.375851
12348.190957	-265.363333	1513.564453	-138.028854
12348.190957	-265.363333	1512.507813	-147.378723
12348.190957	-265.363333	1511.450195	-156.672165
12348.190957	-265.363333	1510.393555	-91.309235
12348.190957	-265.363333	1509.335938	-41.738071
12348.190957	-265.363333	1508.278320	68.876991
12348.190957	-265.363333	1507.219727	129.803360
12348.190957	-265.363333	1506.162109	-91.561615
12348.190957	-265.363333	1505.103516	-55.353161
12348.190957	-265.363333	1504.044922	87.012207
12348.190957	-265.363333	1502.986328	-5.378455
12348.190957	-265.363333	1501.926758	49.016907
12348.190957	-265.363333	1500.868164	159.860718
12348.190957	-265.363333	1499.808594	-49.625282
12348.190957	-265.363333	1498.749023	-67.253426
12348.190957	-265.363333	1497.688477	-10.402335
12348.190957	-265.363333	1496.628906	98.342880
12348.190957	-265.363333	1495.568359	182.305923
12348.190957	-265.363333	1494.507813	-8.655818
12348.190957	-265.363333	1493.447266	46.120827
12348.190957	-265.363333	1492.386719	-54.507603
12348.190957	-265.363333	1491.325195	79.206543
12348.190957	-265.363333	1490.263672	-19.019262
12348.190957	-265.363333	1489.202148	-9.075559
12348.190957	-265.363333	1488.140625	-98.121452
12348.190957	-265.363333	1487.079102	-61.040672
12348.190957	-265.363333	1486.016602	-3.664407
12348.190957	-265.363333	1484.954102	-29.488371
12348.190957	-265.363333	1483.891602	-84.481262
12348.190957	-265.363333	1482.829102	-85.421349
12348.190957	-265.363333	1481.765625	-86.300751
12348.190957	-265.363333	1480.702148	-266.944519
12348.190957	-265.363333	1479.638672	-290.133911
12348.190957	-265.363333	1478.575195	35.023750
12348.190957	-265.363333	1477.511719	130.949341
12348.190957	-265.363333	1476.447266	-67.290375
12348.190957	-265.363333	1475.382813	13.021205
12348.190957	-265.363333	1474.318359	111.277664
12348.190957	-265.363333	1473.253906	146.826660
12348.190957	-265.363333	1472.189453	-41.969501
12348.190957	-265.363333	1471.124023	-22.254747
12348.190957	-265.363333	1470.058594	-40.243431
12348.190957	-265.363333	1468.993164	-40.351582
12348.190957	-265.363333	1467.927734	123.153214
12348.190957	-265.363333	1466.861328	-40.461639
12348.190957	-265.363333	1465.794922	0.023828
12348.190957	-265.363333	1464.728516	44.823463
12348.190957	-265.363333	1463.662109	266.466522
12348.190957	-265.363333	1462.594727	231.032166
12348.190957	-265.363333	1461.528320	253.582733
12348.190957	-265.363333	1460.460938	83.828369
12348.190957	-265.363333	1459.393555	62.141010
12348.190957	-265.363333	1458.326172	241.389755
12348.190957	-265.363333	1457.257813	172.334641
12348.190957	-265.363333	1456.189453	46.041805
12348.190957	-265.363333	1455.121094	140.420334
12348.190957	-265.363333	1454.052734	183.358856
12348.190957	-265.363333	1452.984375	52.274254
12348.190957	-265.363333	1451.915039	171.940552
12348.190957	-265.363333	1450.845703	212.848328
12348.190957	-265.363333	1449.776367	-42.256393
12348.190957	-265.363333	1448.707031	321.114563
12348.190957	-265.363333	1447.636719	130.828201
12348.190957	-265.363333	1446.567383	59.394444
12348.190957	-265.363333	1445.497070	30.624542
12348.190957	-265.363333	1444.425781	14.770510
12348.190957	-265.363333	1443.355469	192.850739
12348.190957	-265.363333	1442.285156	103.035027
12348.190957	-265.363333	1441.213867	-176.218521
12348.190957	-265.363333	1440.142578	62.488304
12348.190957	-265.363333	1439.070313	93.096130
12348.190957	-265.363333	1437.999023	32.212612
12348.190957	-265.363333	1436.926758	-73.428268
12348.190957	-265.363333	1435.854492	223.832184
12348.190957	-265.363333	1434.782227	124.998726
12348.190957	-265.363333	1433.709961	2.304583
12348.190957	-265.363333	1432.636719	67.180939
12348.190957	-265.363333	1431.563477	-44.794800
12348.190957	-265.363333	1430.490234	-39.593491
12348.190957	-265.363333	1429.416992	16.346218
12348.190957	-265.363333	1428.343750	142.307358
12348.190957	-265.363333	1427.269531	-51.097000
12348.190957	-265.363333	1426.195313	149.851852
12348.190957	-265.363333	1425.121094	188.153748
12348.190957	-265.363333	1424.046875	62.463772
12348.190957	-265.363333	1422.971680	-22.949551
12348.190957	-265.363333	1421.896484	77.543411
12348.190957	-265.363333	1420.821289	35.490318
12348.190957	-265.363333	1419.746094	163.232758
12348.190957	-265.363333	1418.669922	268.818756
12348.190957	-265.363333	1417.594727	-38.629547
12348.190957	-265.363333	1416.518555	202.518326
12348.190957	-265.363333	1415.442383	99.149467
12348.190957	-265.363333	1414.365234	294.497650
12348.190957	-265.363333	1413.289063	313.820313
12348.190957	-265.363333	1412.211914	267.240540
12348.190957	-265.363333	1411.134766	333.005554
12348.190957	-265.363333	1410.057617	265.203979
12348.190957	-265.363333	1408.979492	331.877441
12348.190957	-265.363333	1407.902344	287.663727
12348.190957	-265.363333	1406.824219	296.713715
12348.190957	-265.363333	1405.746094	384.981415
12348.190957	-265.363333	1404.666992	509.104309
12348.190957	-265.363333	1403.588867	451.877991
12348.190957	-265.363333	1402.509766	376.448883
12348.190957	-265.363333	1401.430664	639.038269
12348.190957	-265.363333	1400.351563	286.326630
12348.190957	-265.363333	1399.271484	516.192871
12348.190957	-265.363333	1398.192383	345.391998
12348.190957	-265.363333	1397.112305	267.752563
12348.190957	-265.363333	1396.031250	416.831085
12348.190957	-265.363333	1394.951172	237.895905
12348.190957	-265.363333	1393.871094	176.519424
12348.190957	-265.363333	1392.790039	228.260574
12348.190957	-265.363333	1391.708984	177.963272
12348.190957	-265.363333	1390.626953	274.878906
12348.190957	-265.363333	1389.545898	161.304642
12348.190957	-265.363333	1388.463867	70.414505
12348.190957	-265.363333	1387.381836	82.180122
12348.190957	-265.363333	1386.299805	30.972303
12348.190957	-265.363333	1385.217773	58.214561
12348.190957	-265.363333	1384.134766	130.308929
12348.190957	-265.363333	1383.051758	188.301086
12348.190957	-265.363333	1381.968750	146.026657
12348.190957	-265.363333	1380.885742	194.178665
12348.190957	-265.363333	1379.802734	193.096664
12348.190957	-265.363333	1378.718750	260.777618
12348.190957	-265.363333	1377.634766	187.838211
12348.190957	-265.363333	1376.550781	332.000824
12348.190957	-265.363333	1375.465820	246.975418
12348.190957	-265.363333	1374.381836	450.367432
12348.190957	-265.363333	1373.296875	427.768127
12348.190957	-265.363333	1372.211914	373.207062
12348.190957	-265.363333	1371.126953	437.101837
12348.190957	-265.363333	1370.041016	392.688110
12348.190957	-265.363333	1368.955078	207.836060
12348.190957	-265.363333	1367.869141	452.945770
12348.190957	-265.363333	1366.783203	402.000305
12348.190957	-265.363333	1365.697266	575.338135
12348.190957	-265.363333	1364.610352	443.688202
12348.190957	-265.363333	1363.523438	508.712585
12348.190957	-265.363333	1362.436523	508.488037
12348.190957	-265.363333	1361.349609	367.429230
12348.190957	-265.363333	1360.261719	500.729126
12348.190957	-265.363333	1359.174805	547.180481
12348.190957	-265.363333	1358.086914	558.058228
12348.190957	-265.363333	1356.998047	454.764496
12348.190957	-265.363333	1355.910156	613.622986
12348.190957	-265.363333	1354.821289	509.675537
12348.190957	-265.363333	1353.732422	548.960754
12348.190957	-265.363333	1352.643555	585.672546
12348.190957	-265.363333	1351.554688	588.159241
12348.190957	-265.363333	1350.464844	567.019348
12348.190957	-265.363333	1349.375000	529.390930
12348.190957	-265.363333	1348.285156	632.835144
12348.190957	-265.363333	1347.195313	605.613281
12348.190957	-265.363333	1346.105469	557.662537
12348.190957	-265.363333	1345.014648	536.654846
12348.190957	-265.363333	1343.923828	698.836426
12348.190957	-265.363333	1342.833008	612.549683
12348.190957	-265.363333	1341.741211	581.064331
12348.190957	-265.363333	1340.650391	541.700195
12348.190957	-265.363333	1339.558594	506.139648
12348.190957	-265.363333	1338.466797	589.638611
12348.190957	-265.363333	1337.374023	445.330109
12348.190957	-265.363333	1336.282227	520.382385
12348.190957	-265.363333	1335.189453	469.833527
12348.190957	-265.363333	1334.096680	489.139496
12348.190957	-265.363333	1333.003906	424.981506
12348.190957	-265.363333	1331.910156	351.087524
12348.190957	-265.363333	1330.817383	566.520996
12348.190957	-265.363333	1329.723633	612.000916
12348.190957	-265.363333	1328.629883	437.658844
12348.190957	-265.363333	1327.535156	572.618469
12348.190957	-265.363333	1326.441406	404.575653
12348.190957	-265.363333	1325.346680	612.399170
12348.190957	-265.363333	1324.251953	496.178406
12348.190957	-265.363333	1323.156250	484.802734
12348.190957	-265.363333	1322.061523	376.938599
12348.190957	-265.363333	1320.965820	566.250793
12348.190957	-265.363333	1319.870117	579.915588
12348.190957	-265.363333	1318.774414	469.035126
12348.190957	-265.363333	1317.678711	619.737854
12348.190957	-265.363333	1316.582031	578.997314
12348.190957	-265.363333	1315.485352	411.068634
12348.190957	-265.363333	1314.388672	353.198578
12348.190957	-265.363333	1313.291016	297.893799
12348.190957	-265.363333	1312.194336	425.421906
12348.190957	-265.363333	1311.096680	301.506714
12348.190957	-265.363333	1309.999023	384.618195
12348.190957	-265.363333	1308.901367	418.835022
12348.190957	-265.363333	1307.802734	297.453156
12348.190957	-265.363333	1306.705078	221.056274
12348.190957	-265.363333	1305.606445	392.397766
12348.190957	-265.363333	1304.506836	60.658890
12348.190957	-265.363333	1303.408203	121.114662
12348.190957	-265.363333	1302.308594	162.037140
12348.190957	-265.363333	1301.208984	139.294571
12348.190957	-265.363333	1300.109375	107.442169
12348.190957	-265.363333	1299.009766	173.851593
12348.190957	-265.363333	1297.909180	249.756454
12348.190957	-265.363333	1296.808594	319.375458
12348.190957	-265.363333	1295.708008	294.621277
12348.190957	-265.363333	1294.607422	275.371460
12348.190957	-265.363333	1293.506836	144.182159
12348.190957	-265.363333	1292.405273	316.871094
12348.190957	-265.363333	1291.303711	245.845352
12348.190957	-265.363333	1290.202148	66.559608
12348.190957	-265.363333	1289.099609	256.776886
12348.190957	-265.363333	1287.998047	203.509933
12348.190957	-265.363333	1286.895508	71.726646
12348.190957	-265.363333	1285.792969	111.528389
12348.190957	-265.363333	1284.689453	71.222206
12348.190957	-265.363333	1283.586914	139.253342
12348.190957	-265.363333	1282.483398	113.978470
12348.190957	-265.363333	1281.379883	51.751842
12348.190957	-265.363333	1280.276367	0.618950
12348.190957	-265.363333	1279.171875	99.974777
12348.190957	-265.363333	1278.067383	-53.287403
12348.190957	-265.363333	1276.962891	20.771448
12348.190957	-265.363333	1275.858398	43.411663
12348.190957	-265.363333	1274.753906	40.120140
12348.190957	-265.363333	1273.648438	108.209892
12348.190957	-265.363333	1272.542969	54.164959
12348.190957	-265.363333	1271.437500	37.876530
12348.190957	-265.363333	1270.331055	-33.552296
12348.190957	-265.363333	1269.225586	24.208191
12348.190957	-265.363333	1268.119141	74.752289
12348.190957	-265.363333	1267.012695	-78.561012
12348.190957	-265.363333	1265.906250	71.072571
12348.190957	-265.363333	1264.798828	7.189775
12348.190957	-265.363333	1263.691406	37.614403
12348.190957	-265.363333	1262.583984	138.689804
12348.190957	-265.363333	1261.476563	39.144108
12348.190957	-265.363333	1260.368164	43.831448
12348.190957	-265.363333	1259.260742	-16.769169
12348.190957	-265.363333	1258.152344	-99.007637
12348.190957	-265.363333	1257.043945	-113.720345
12348.190957	-265.363333	1255.934570	-59.431042
12348.190957	-265.363333	1254.825195	-19.650923
12348.190957	-265.363333	1253.716797	-169.193939
12348.190957	-265.363333	1252.606445	-88.760429
12348.190957	-265.363333	1251.497070	-199.624451
12348.190957	-265.363333	1250.387695	-93.002144
12348.190957	-265.363333	1249.277344	-28.905508
12348.190957	-265.363333	1248.166992	-83.194382
12348.190957	-265.363333	1247.055664	-107.548737
12348.190957	-265.363333	1245.945313	-94.525787
12348.190957	-265.363333	1244.833984	-28.941145
12348.190957	-265.363333	1243.722656	-99.246452
12348.190957	-265.363333	1242.611328	-300.514343
12348.190957	-265.363333	1241.499023	-21.819304
12348.190957	-265.363333	1240.387695	-120.765434
12348.190957	-265.363333	1239.275391	-125.727882
12348.190957	-265.363333	1238.162109	-123.223633
12348.190957	-265.363333	1237.049805	-67.919258
12348.190957	-265.363333	1235.936523	-154.012177
12348.190957	-265.363333	1234.823242	-77.302681
12348.190957	-265.363333	1233.709961	-141.759857
12348.190957	-265.363333	1232.596680	85.440155
12348.190957	-265.363333	1231.482422	-6.977323
12348.190957	-265.363333	1230.369141	-112.527489
12348.190957	-265.363333	1229.253906	-222.354935
12348.190957	-265.363333	1228.139648	-124.817711
12348.190957	-265.363333	1227.025391	-78.080147
12348.190957	-265.363333	1225.910156	-90.608315
12348.190957	-265.363333	1224.794922	1.057323
12348.190957	-265.363333	1223.679688	-234.620697
12348.190957	-265.363333	1222.563477	-154.218811
12348.190957	-265.363333	1221.447266	-22.973749
12348.190957	-265.363333	1220.331055	-74.310661
12348.190957	-265.363333	1219.214844	-208.374420
12348.190957	-265.363333	1218.098633	-161.882126
12348.190957	-265.363333	1216.981445	-55.828217
12348.190957	-265.363333	1215.864258	21.494938
12348.190957	-265.363333	1214.747070	-110.874901
12348.190957	-265.363333	1213.629883	39.650822
12348.190957	-265.363333	1212.511719	93.148949
12348.190957	-265.363333	1211.393555	-138.747070
12348.190957	-265.363333	1210.275391	49.301308
12348.190957	-265.363333	1209.157227	-67.611488
12348.190957	-265.363333	1208.038086	33.129448
12348.190957	-265.363333	1206.918945	71.197639
12348.190957	-265.363333	1205.799805	163.376968
12348.190957	-265.363333	1204.680664	-41.376816
12348.190957	-265.363333	1203.560547	55.625393
12348.190957	-265.363333	1202.441406	44.412693
12348.190957	-265.363333	1201.321289	124.833313
12348.190957	-265.363333	1200.200195	121.212120
12348.190957	-265.363333	1199.080078	186.080246
12348.190957	-265.363333	1197.958984	-3.678017
12348.190957	-265.363333	1196.837891	71.369759
12348.190957	-265.363333	1195.716797	98.042625
12348.190957	-265.363333	1194.594727	116.652672
12348.190957	-265.363333	1193.473633	172.774109
12348.190957	-265.363333	1192.351563	25.637823
12348.190957	-265.363333	1191.229492	-110.250458
12348.190957	-265.363333	1190.106445	84.645927
12348.190957	-265.363333	1188.984375	-62.345783
12348.190957	-265.363333	1187.861328	29.346043
12348.190957	-265.363333	1186.738281	107.139297
12348.190957	-265.363333	1185.614258	34.369423
12348.190957	-265.363333	1184.491211	122.833511
12348.190957	-265.363333	1183.367188	-60.769958
12348.190957	-265.363333	1182.243164	-26.492750
12348.190957	-265.363333	1181.119141	25.071140
12348.190957	-265.363333	1179.994141	-17.541723
12348.190957	-265.363333	1178.869141	51.608154
12348.190957	-265.363333	1177.744141	170.342804
12348.190957	-265.363333	1176.619141	108.028206
12348.190957	-265.363333	1175.493164	73.992867
12348.190957	-265.363333	1174.368164	-18.454128
12348.190957	-265.363333	1173.242188	40.586643
12348.190957	-265.363333	1172.115234	-27.529617
12348.190957	-265.363333	1170.989258	30.007252
12348.190957	-265.363333	1169.862305	20.015533
12348.190957	-265.363333	1168.735352	-12.481134
12348.190957	-265.363333	1167.608398	-14.259326
12348.190957	-265.363333	1166.481445	-15.839755
12348.190957	-265.363333	1165.353516	39.606949
12348.190957	-265.363333	1164.225586	111.334961
12348.190957	-265.363333	1163.097656	-49.480122
12348.190957	-265.363333	1161.968750	112.636520
12348.190957	-265.363333	1160.840820	76.413353
12348.190957	-265.363333	1159.711914	89.313889
12348.190957	-265.363333	1158.583008	45.973263
12348.190957	-265.363333	1157.453125	64.550827
12348.190957	-265.363333	1156.324219	30.250776
12348.190957	-265.363333	1155.194336	-112.318001
12348.190957	-265.363333	1154.064453	61.268787
12348.190957	-265.363333	1152.933594	-16.813951
12348.190957	-265.363333	1151.803711	-143.567917
12348.190957	-265.363333	1150.672852	-21.846283
12348.190957	-265.363333	1149.541992	-57.106491
12348.190957	-265.363333	1148.411133	-65.659248
12348.190957	-265.363333	1147.279297	-38.817039
12348.190957	-265.363333	1146.147461	-48.061668
12348.190957	-265.363333	1145.015625	-16.816139
12348.190957	-265.363333	1143.883789	-64.965363
12348.190957	-265.363333	1142.750977	-81.183205
12348.190957	-265.363333	1141.619141	-150.900681
12348.190957	-265.363333	1140.486328	-88.486908
12348.190957	-265.363333	1139.352539	120.728844
12348.190957	-265.363333	1138.219727	134.637924
12348.190957	-265.363333	1137.085938	77.351616
12348.190957	-265.363333	1135.952148	-33.537487
12348.190957	-265.363333	1134.818359	69.503700
12348.190957	-265.363333	1133.683594	24.112703
12348.190957	-265.363333	1132.549805	80.040482
12348.190957	-265.363333	1131.415039	16.401033
12348.190957	-265.363333	1130.279297	129.829926
12348.190957	-265.363333	1129.144531	210.236481
12348.190957	-265.363333	1128.008789	26.471872
12348.190957	-265.363333	1126.873047	91.889641
12348.190957	-265.363333	1125.737305	88.768997
12348.190957	-265.363333	1124.601563	49.137180
12348.190957	-265.363333	1123.464844	17.465530
12348.190957	-265.363333	1122.328125	-85.790749
12348.190957	-265.363333	1121.191406	44.113369
12348.190957	-265.363333	1120.054688	-30.228441
12348.190957	-265.363333	1118.916992	35.278126
12348.190957	-265.363333	1117.779297	83.364731
12348.190957	-265.363333	1116.641602	-46.360291
12348.190957	-265.363333	1115.503906	77.740677
12348.190957	-265.363333	1114.365234	7.350742
12348.190957	-265.363333	1113.226563	7.159668
12348.190957	-265.363333	1112.087891	-94.838463
12348.190957	-265.363333	1110.949219	104.492035
12348.190957	-265.363333	1109.809570	-29.284960
12348.190957	-265.363333	1108.669922	102.255775
12348.190957	-265.363333	1107.530273	160.935486
12348.190957	-265.363333	1106.390625	95.655487
12348.190957	-265.363333	1105.250000	159.612381
12348.190957	-265.363333	1104.109375	106.824295
12348.190957	-265.363333	1102.968750	160.048981
12348.190957	-265.363333	1101.828125	-15.310279
12348.190957	-265.363333	1100.686523	172.334656
12348.190957	-265.363333	1099.544922	-54.017532
12348.190957	-265.363333	1098.403320	4.148738
12348.190957	-265.363333	1097.261719	42.341255
12348.190957	-265.363333	1096.120117	97.219177
12348.190957	-265.363333	1094.977539	179.432068
12348.190957	-265.363333	1093.834961	155.671097
12348.190957	-265.363333	1092.691406	59.941269
12348.190957	-265.363333	1091.548828	36.421974
12348.190957	-265.363333	1090.405273	221.314606
12348.190957	-265.363333	1089.261719	108.993057
12348.190957	-265.363333	1088.118164	173.962204
12348.190957	-265.363333	1086.973633	17.436905
12348.190957	-265.363333	1085.829102	44.046978
12348.190957	-265.363333	1084.684570	-42.352100
12348.190957	-265.363333	1083.540039	110.577568
12348.190957	-265.363333	1082.395508	-19.152294
12348.190957	-265.363333	1081.250000	-100.475372
12348.190957	-265.363333	1080.104492	-42.022461
12348.190957	-265.363333	1078.958984	58.024826
12348.190957	-265.363333	1077.812500	16.878241
12348.190957	-265.363333	1076.666016	-62.004063
12348.190957	-265.363333	1075.519531	-1.228505
12348.190957	-265.363333	1074.373047	7.785993
12348.190957	-265.363333	1073.226563	77.433014
12348.190957	-265.363333	1072.079102	126.173233
12348.190957	-265.363333	1070.931641	-81.474518
12348.190957	-265.363333	1069.784180	30.532757
12348.190957	-265.363333	1068.635742	-42.893147
12348.190957	-265.363333	1067.487305	149.980545
12348.190957	-265.363333	1066.338867	-3.022897
12348.190957	-265.363333	1065.190430	14.196186
12348.190957	-265.363333	1064.041992	-4.572123
12348.190957	-265.363333	1062.892578	-13.107545
12348.190957	-265.363333	1061.743164	25.778870
12348.190957	-265.363333	1060.593750	-15.066151
12348.190957	-265.363333	1059.443359	10.324685
12348.190957	-265.363333	1058.292969	114.725357
12348.190957	-265.363333	1057.142578	146.198425
12348.190957	-265.363333	1055.992188	97.921684
12348.190957	-265.363333	1054.841797	45.519215
12348.190957	-265.363333	1053.690430	-72.975395
12348.190957	-265.363333	1052.539063	105.278374
12348.190957	-265.363333	1051.387695	32.275700
12348.190957	-265.363333	1050.235352	-50.483089
12348.190957	-265.363333	1049.083984	65.862862
12348.190957	-265.363333	1047.931641	-40.135094
12348.190957	-265.363333	1046.778320	100.833595
12348.190957	-265.363333	1045.625977	94.776405
12348.190957	-265.363333	1044.472656	69.257248
12348.190957	-265.363333	1043.319336	-37.642437
12348.190957	-265.363333	1042.166016	53.138454
12348.190957	-265.363333	1041.012695	1.694244
12348.190957	-265.363333	1039.858398	93.121269
12348.190957	-265.363333	1038.704102	109.284744
12348.190957	-265.363333	1037.549805	114.429863
12348.190957	-265.363333	1036.394531	95.447342
12348.190957	-265.363333	1035.239258	96.283516
12348.190957	-265.363333	1034.083984	128.760727
12348.190957	-265.363333	1032.928711	242.887878
12348.190957	-265.363333	1031.773438	153.665039
12348.190957	-265.363333	1030.617188	86.123459
12348.190957	-265.363333	1029.460938	209.040634
12348.190957	-265.363333	1028.304688	259.565094
12348.190957	-265.363333	1027.147461	254.352051
12348.190957	-265.363333	1025.991211	319.284729
12348.190957	-265.363333	1024.833984	200.796448
12348.190957	-265.363333	1023.675781	-34.187920
12348.190957	-265.363333	1022.518555	60.525490
12348.190957	-265.363333	1021.360352	155.166794
12348.190957	-265.363333	1020.202148	155.069321
12348.190957	-265.363333	1019.043945	186.651138
12348.190957	-265.363333	1017.884766	225.014572
12348.190957	-265.363333	1016.726563	66.156944
12348.190957	-265.363333	1015.567383	102.469765
12348.190957	-265.363333	1014.407227	100.270973
12348.190957	-265.363333	1013.248047	134.639038
12348.190957	-265.363333	1012.087891	-78.359802
12348.190957	-265.363333	1010.927734	-66.057098
12348.190957	-265.363333	1009.767578	-7.327251
12348.190957	-265.363333	1008.606445	82.769798
12348.190957	-265.363333	1007.446289	-17.302488
12348.190957	-265.363333	1006.285156	90.863701
12348.190957	-265.363333	1005.123047	-44.646606
12348.190957	-265.363333	1003.961914	8.449980
12348.190957	-265.363333	1002.799805	45.059704
12348.190957	-265.363333	1001.637695	-104.297249
12348.190957	-265.363333	1000.475586	-8.940108
12348.190957	-265.363333	999.312500	-145.853271
12348.190957	-265.363333	998.149414	65.576767
12348.190957	-265.363333	996.986328	-34.235821
12348.190957	-265.363333	995.823242	20.476168
12348.190957	-265.363333	994.659180	-4.795664
12348.190957	-265.363333	993.496094	121.598625
12348.190957	-265.363333	992.332031	-200.145493
12348.190957	-265.363333	991.166992	-82.768204
12348.190957	-265.363333	990.002930	-147.471497
12348.190957	-265.363333	988.837891	71.751022
12348.190957	-265.363333	987.672852	-15.146163
12348.190957	-265.363333	986.506836	58.839657
12348.190957	-265.363333	985.341797	-33.859592
12348.190957	-265.363333	984.175781	-73.453468
12348.190957	-265.363333	983.009766	41.245972
12348.190957	-265.363333	981.843750	-63.464268
12348.190957	-265.363333	980.676758	-144.106964
12348.190957	-265.363333	979.509766	-148.566391
12348.190957	-265.363333	978.342773	-124.117310
12348.190957	-265.363333	977.175781	-221.132187
12348.190957	-265.363333	976.007813	74.054146
12348.190957	-265.363333	974.839844	-41.932266
12348.190957	-265.363333	973.671875	28.417488
12348.190957	-265.363333	972.503906	41.878910
12348.190957	-265.363333	971.334961	49.623425
12348.190957	-265.363333	970.166016	38.267883
12348.190957	-265.363333	968.997070	73.955467
12348.190957	-265.363333	967.828125	-64.062248
12348.190957	-265.363333	966.658203	20.833841
12348.190957	-265.363333	965.488281	18.089762
12348.190957	-265.363333	964.318359	38.039116
12348.190957	-265.363333	963.148438	-71.921509
12348.190957	-265.363333	961.977539	86.591103
12348.190957	-265.363333	960.806641	-136.595139
12348.190957	-265.363333	959.635742	60.404148
12348.190957	-265.363333	958.463867	30.416458
12348.190957	-265.363333	957.292969	-42.731945
12348.190957	-265.363333	956.121094	58.827190
12348.190957	-265.363333	954.948242	42.118332
12348.190957	-265.363333	953.776367	89.061096
12348.190957	-265.363333	952.603516	-94.532028
12348.190957	-265.363333	951.430664	39.263180
12348.190957	-265.363333	950.257813	111.837929
12348.190957	-265.363333	949.084961	74.120056
12348.190957	-265.363333	947.911133	64.439842
12348.190957	-265.363333	946.737305	-18.523073
12348.190957	-265.363333	945.563477	-139.870148
12348.190957	-265.363333	944.388672	82.318184
12348.190957	-265.363333	943.213867	-14.266644
12348.190957	-265.363333	942.039063	-12.974166
12348.190957	-265.363333	940.864258	4.447662
12348.190957	-265.363333	939.688477	142.456451
12348.190957	-265.363333	938.513672	4.636743
12348.190957	-265.363333	937.337891	110.710777
12348.190957	-265.363333	936.161133	23.138561
12348.190957	-265.363333	934.985352	249.899719
12348.190957	-265.363333	933.808594	180.504517
12348.190957	-265.363333	932.631836	6.539482
12348.190957	-265.363333	931.454102	23.611046
12348.190957	-265.363333	930.277344	177.263397
12348.190957	-265.363333	929.099609	155.568695
12348.190957	-265.363333	927.921875	109.048561
12348.190957	-265.363333	926.743164	55.642887
12348.190957	-265.363333	925.565430	31.767042
12348.190957	-265.363333	924.386719	7.903709
12348.190957	-265.363333	923.208008	-168.259888
12348.190957	-265.363333	922.028320	-12.580341
12348.190957	-265.363333	920.849609	49.867123
12348.190957	-265.363333	919.669922	52.553349
12348.190957	-265.363333	919.474609	-166.675735
12348.190957	-265.363333	918.309570	-29.334002
12348.190957	-265.363333	917.143555	98.856323
12348.190957	-265.363333	915.977539	-158.948730
12348.190957	-265.363333	914.810547	35.009914
12348.190957	-265.363333	913.644531	-181.860916
12348.190957	-265.363333	912.477539	-124.133530
12348.190957	-265.363333	911.310547	-52.833950
12348.190957	-265.363333	910.143555	-135.792709
12348.190957	-265.363333	908.975586	-26.001808
12348.190957	-265.363333	907.807617	-251.776810
12348.190957	-265.363333	906.639648	-76.308090
12348.190957	-265.363333	905.471680	-79.940842
12348.190957	-265.363333	904.303711	-88.117897
12348.190957	-265.363333	903.134766	98.493866
12348.190957	-265.363333	901.965820	-4.857588
12348.190957	-265.363333	900.796875	-28.935896
12348.190957	-265.363333	899.626953	30.740459
12348.190957	-265.363333	898.457031	-22.784626
12348.190957	-265.363333	897.287109	-58.199604
12348.190957	-265.363333	896.117188	-46.106506
12348.190957	-265.363333	894.947266	-65.698189
12348.190957	-265.363333	893.776367	-62.681183
12348.190957	-265.363333	892.605469	-28.026201
12348.190957	-265.363333	891.434570	144.488953
12348.190957	-265.363333	890.262695	-74.061569
12348.190957	-265.363333	889.091797	14.760343
12348.190957	-265.363333	887.919922	33.500957
12348.190957	-265.363333	886.748047	-24.573557
12348.190957	-265.363333	885.575195	98.016190
12348.190957	-265.363333	884.403320	-48.127552
12348.190957	-265.363333	883.230469	-67.818977
12348.190957	-265.363333	882.057617	-112.341187
12348.190957	-265.363333	880.883789	-113.987801
12348.190957	-265.363333	879.710938	-196.861557
12348.190957	-265.363333	878.537109	27.021097
12348.190957	-265.363333	877.362305	-128.031296
12348.190957	-265.363333	876.188477	-89.151192
12348.190957	-265.363333	875.013672	-232.876114
12348.190957	-265.363333	873.839844	-20.495716
12348.190957	-265.363333	872.664063	40.828671
12348.190957	-265.363333	871.489258	-98.373497
12348.190957	-265.363333	870.313477	-23.574900
12348.190957	-265.363333	869.138672	89.455414
12348.190957	-265.363333	867.962891	35.833565
12348.190957	-265.363333	866.786133	-85.303795
12348.190957	-265.363333	865.610352	-127.646042
12348.190957	-265.363333	864.433594	30.253906
12348.190957	-265.363333	863.256836	-9.874186
12348.190957	-265.363333	862.079102	24.215866
12348.190957	-265.363333	860.902344	83.008110
12348.190957	-265.363333	859.724609	-139.240417
12348.190957	-265.363333	858.546875	-8.545505
12348.190957	-265.363333	857.368164	-154.311432
12348.190957	-265.363333	856.190430	-91.097511
12348.190957	-265.363333	855.011719	-54.877285
12348.190957	-265.363333	853.833008	-77.076660
12348.190957	-265.363333	852.654297	-83.565826
12348.190957	-265.363333	851.474609	62.579983
12348.190957	-265.363333	850.294922	-74.136902
12348.190957	-265.363333	849.115234	13.574471
12348.190957	-265.363333	847.935547	74.312660
12348.190957	-265.363333	846.754883	16.134209
12348.190957	-265.363333	845.575195	40.934601
12348.190957	-265.363333	844.393555	32.080807
12348.190957	-265.363333	843.212891	124.083633
12348.190957	-265.363333	842.032227	52.430756
12348.190957	-265.363333	840.850586	-37.132904
12348.190957	-265.363333	839.668945	72.700760
12348.190957	-265.363333	838.486328	72.726936
12348.190957	-265.363333	837.304688	68.256332
12348.190957	-265.363333	836.122070	32.428726
12348.190957	-265.363333	834.939453	-83.981918
12348.190957	-265.363333	833.756836	103.990601
12348.190957	-265.363333	832.573242	106.163391
12348.190957	-265.363333	831.389648	110.555069
12348.190957	-265.363333	830.206055	61.251476
12348.190957	-265.363333	829.022461	23.130445
12348.190957	-265.363333	827.838867	-6.050318
12348.190957	-265.363333	826.654297	-117.935234
12348.190957	-265.363333	825.469727	-26.437250
12348.190957	-265.363333	824.284180	-200.864395
12348.190957	-265.363333	823.099609	0.029419
12348.190957	-265.363333	821.914063	-69.403511
12348.190957	-265.363333	820.728516	-22.720133
12348.190957	-265.363333	819.542969	86.431984
12348.190957	-265.363333	818.356445	175.434189
12348.190957	-265.363333	817.169922	12.228095
12348.190957	-265.363333	815.983398	174.793091
12348.190957	-265.363333	814.796875	103.067535
12348.190957	-265.363333	813.609375	-115.830002
12348.190957	-265.363333	812.422852	86.735497
12348.190957	-265.363333	811.235352	-207.898132
12348.190957	-265.363333	810.046875	-38.864830
12348.190957	-265.363333	808.859375	83.285927
12348.190957	-265.363333	807.670898	-30.775114
12348.190957	-265.363333	806.482422	120.238548
12348.190957	-265.363333	805.293945	81.889267
12348.190957	-265.363333	804.104492	-125.668373
12348.190957	-265.363333	802.915039	51.921978
12348.190957	-265.363333	801.725586	31.353054
12348.190957	-265.363333	800.536133	35.246304
12348.190957	-265.363333	799.345703	123.649773
12348.190957	-265.363333	798.155273	65.207489
12348.190957	-265.363333	796.964844	-111.083626
12348.190957	-265.363333	795.774414	-29.438068
12348.190957	-265.363333	794.583008	58.820557
12348.190957	-265.363333	793.392578	95.908836
12348.190957	-265.363333	792.200195	-91.436783
12348.190957	-265.363333	791.008789	138.877533
12348.190957	-265.363333	789.816406	111.456573
12348.190957	-265.363333	788.625000	-2.571311
12348.190957	-265.363333	787.432617	112.078773
12348.190957	-265.363333	786.239258	18.028681
12348.190957	-265.363333	785.046875	199.151031
12348.190957	-265.363333	783.853516	-101.248421
12348.190957	-265.363333	782.660156	79.777321
12348.190957	-265.363333	781.465820	140.953735
12348.190957	-265.363333	780.272461	100.090607
12348.190957	-265.363333	779.078125	143.455948
12348.190957	-265.363333	777.883789	213.373749
12348.190957	-265.363333	776.688477	272.160248
12348.190957	-265.363333	775.494141	109.365143
12348.190957	-265.363333	774.298828	203.537521
12348.190957	-265.363333	773.103516	160.353516
12348.190957	-265.363333	771.907227	41.888561
12348.190957	-265.363333	770.711914	80.604599
12348.190957	-265.363333	769.515625	-9.075893
12348.190957	-265.363333	768.318359	259.691132
12348.190957	-265.363333	767.122070	21.749031
12348.190957	-265.363333	765.924805	7.256539
12348.190957	-265.363333	764.727539	-89.070045
12348.190957	-265.363333	763.530273	166.122650
12348.190957	-265.363333	762.333008	83.012192
12348.190957	-265.363333	761.134766	125.869164
12348.190957	-265.363333	759.936523	47.167755
12348.190957	-265.363333	758.738281	67.871704
12348.190957	-265.363333	757.540039	161.418350
12348.190957	-265.363333	756.340820	98.133827
12348.190957	-265.363333	755.141602	129.770767
12348.190957	-265.363333	753.942383	137.089783
12348.190957	-265.363333	752.742188	-14.496173
12348.190957	-265.363333	751.541992	96.481926
12348.190957	-265.363333	750.341797	92.691399
12348.190957	-265.363333	749.141602	230.007111
12348.190957	-265.363333	747.941406	124.715553
12348.190957	-265.363333	746.740234	195.782318
12348.190957	-265.363333	745.539063	343.924591
12348.190957	-265.363333	744.337891	112.997200
12348.190957	-265.363333	743.135742	170.717651
12348.190957	-265.363333	741.933594	252.612274
12348.190957	-265.363333	740.731445	365.270752
12348.190957	-265.363333	739.529297	339.156860
12348.190957	-265.363333	738.326172	403.267273
12348.190957	-265.363333	737.124023	559.747314
12348.190957	-265.363333	735.919922	619.325134
12348.190957	-265.363333	734.716797	608.458374
12348.190957	-265.363333	733.513672	731.718445
12348.190957	-265.363333	732.309570	571.255249
12348.190957	-265.363333	731.105469	608.676453
12348.190957	-265.363333	729.900391	382.308563
12348.190957	-265.363333	728.696289	441.666016
12348.190957	-265.363333	727.491211	522.936340
12348.190957	-265.363333	726.286133	263.689117
12348.190957	-265.363333	725.080078	114.318779
12348.190957	-265.363333	723.874023	158.188477
12348.190957	-265.363333	722.668945	171.277130
12348.190957	-265.363333	721.461914	182.133347
12348.190957	-265.363333	720.255859	274.138000
12348.190957	-265.363333	719.048828	153.282074
12348.190957	-265.363333	717.841797	6.125089
12348.190957	-265.363333	716.634766	36.614223
12348.190957	-265.363333	715.427734	-46.942986
12348.190957	-265.363333	714.219727	-36.247051
12348.190957	-265.363333	713.011719	24.813944
12348.190957	-265.363333	711.803711	-21.539383
12348.190957	-265.363333	710.594727	89.808807
12348.190957	-265.363333	709.385742	194.507614
12348.190957	-265.363333	708.176758	-75.288742
12348.190957	-265.363333	706.967773	-102.012436
12348.190957	-265.363333	705.758789	28.826197
12348.190957	-265.363333	704.548828	-22.044806
12348.190957	-265.363333	703.338867	-72.927864
12348.190957	-265.363333	702.127930	-71.328873
12348.190957	-265.363333	700.917969	-41.334351
12348.190957	-265.363333	699.707031	135.100082
12348.190957	-265.363333	698.496094	-51.433842
12348.190957	-265.363333	697.285156	-47.788677
12348.190957	-265.363333	696.073242	27.925058
12348.190957	-265.363333	694.861328	35.852428
12348.190957	-265.363333	693.649414	-39.251713
12348.190957	-265.363333	692.436523	162.959579
12348.190957	-265.363333	691.224609	-104.324364
12348.190957	-265.363333	690.011719	-127.069313
12348.190957	-265.363333	688.798828	-51.638374
12348.190957	-265.363333	687.584961	-56.999619
12348.190957	-265.363333	686.372070	-116.923943
12348.190957	-265.363333	685.158203	-37.283573
12348.190957	-265.363333	683.943359	105.519577
12348.190957	-265.363333	682.729492	30.235767
12348.190957	-265.363333	681.514648	20.332975
12348.190957	-265.363333	680.299805	45.264732
12348.190957	-265.363333	679.084961	52.723446
12348.190957	-265.363333	677.869141	47.074844
12348.190957	-265.363333	676.653320	10.907808
12348.190957	-265.363333	675.437500	-42.695591
12348.190957	-265.363333	674.221680	-2.710890
12348.190957	-265.363333	673.004883	102.509293
12348.190957	-265.363333	671.789063	283.807037
12348.190957	-265.363333	670.571289	223.526184
12348.190957	-265.363333	669.354492	80.593040
12348.190957	-265.363333	668.136719	-81.885765
12348.190957	-265.363333	666.919922	242.643982
12348.190957	-265.363333	665.701172	204.021439
12348.190957	-265.363333	664.483398	28.480373
12348.190957	-265.363333	663.264648	83.273705
12348.190957	-265.363333	662.045898	233.585403
12348.190957	-265.363333	660.827148	58.046936
12348.190957	-265.363333	659.608398	199.549026
12348.190957	-265.363333	658.388672	189.001968
12348.190957	-265.363333	657.168945	265.238831
12348.190957	-265.363333	655.949219	399.996521
12348.190957	-265.363333	654.728516	458.733185
12348.190957	-265.363333	653.507813	560.791199
12348.190957	-265.363333	652.287109	560.855225
12348.190957	-265.363333	651.066406	890.425476
12348.190957	-265.363333	649.844727	721.282288
12348.190957	-265.363333	648.623047	576.016602
12348.190957	-265.363333	647.401367	491.446014
12348.190957	-265.363333	646.179688	402.546295
12348.190957	-265.363333	644.957031	367.793488
12348.190957	-265.363333	643.734375	304.875366
12348.190957	-265.363333	642.511719	164.018753
12348.190957	-265.363333	641.289063	124.915222
12348.190957	-265.363333	640.065430	44.680843
12348.190957	-265.363333	638.841797	217.571472
12348.190957	-265.363333	637.618164	197.852463
12348.190957	-265.363333	636.393555	284.072937
12348.190957	-265.363333	635.168945	136.722717
12348.190957	-265.363333	633.944336	253.120880
12348.190957	-265.363333	632.719727	190.064041
12348.190957	-265.363333	631.494141	27.610044
12348.190957	-265.363333	630.269531	210.835266
12348.190957	-265.363333	629.042969	54.862980
12348.190957	-265.363333	627.817383	22.011318
12348.190957	-265.363333	626.590820	84.132019
12348.190957	-265.363333	625.365234	243.328491
12348.190957	-265.363333	624.137695	7.519178
12348.190957	-265.363333	622.911133	-27.569292
12348.190957	-265.363333	621.683594	120.674431
12348.190957	-265.363333	620.456055	115.710693
12348.190957	-265.363333	619.228516	-94.109612
12348.190957	-265.363333	618.000977	99.240150
12348.190957	-265.363333	616.772461	236.442673
12348.190957	-265.363333	615.543945	69.741600
12348.190957	-265.363333	614.314453	152.979248
12348.190957	-265.363333	613.085938	154.312714
12348.190957	-265.363333	611.856445	22.107956
12348.190957	-265.363333	610.626953	-8.879072
12348.190957	-265.363333	609.397461	-35.573822
12348.190957	-265.363333	608.166992	-159.124298
12348.190957	-265.363333	606.936523	20.720181
12348.190957	-265.363333	605.706055	19.772926
12348.190957	-265.363333	604.474609	-138.196609
12348.190957	-265.363333	603.244141	-130.556900
12348.190957	-265.363333	602.012695	-144.443695
12348.190957	-265.363333	600.780273	43.679913
12348.190957	-265.363333	599.548828	46.906521
12348.190957	-265.363333	598.316406	-74.496902
12348.190957	-265.363333	597.083984	-148.617416
12348.190957	-265.363333	595.851563	9.194267
12348.190957	-265.363333	594.618164	128.268524
12348.190957	-265.363333	593.384766	36.913391
12348.190957	-265.363333	592.151367	121.553047
12348.190957	-265.363333	590.917969	141.768448
12348.190957	-265.363333	589.683594	97.597908
12348.190957	-265.363333	588.449219	68.439384
12348.190957	-265.363333	587.214844	157.206329
12348.190957	-265.363333	585.979492	265.208038
12348.190957	-265.363333	584.745117	-36.224705
12348.190957	-265.363333	583.509766	144.592712
12348.190957	-265.363333	582.273438	237.473618
12348.190957	-265.363333	581.038086	233.913422
12348.190957	-265.363333	579.801758	16.185541
12348.190957	-265.363333	578.565430	-98.696266
12348.190957	-265.363333	577.329102	-57.283375
12348.190957	-265.363333	576.091797	159.582565
12348.190957	-265.363333	574.854492	-72.988464
12348.190957	-265.363333	573.617188	199.376968
12348.190957	-265.363333	572.378906	238.484634
12348.190957	-265.363333	571.141602	57.320343
12348.190957	-265.363333	569.903320	111.378517
12348.190957	-265.363333	568.664063	64.939789
12348.190957	-265.363333	567.425781	42.016861
12348.190957	-265.363333	566.186523	234.870224
12348.190957	-265.363333	564.947266	102.956146
12348.190957	-265.363333	563.708008	163.285721
12348.190957	-265.363333	562.467773	163.791580
12348.190957	-265.363333	561.227539	130.131653
12348.190957	-265.363333	559.987305	292.819977
12348.190957	-265.363333	558.747070	278.328125
12348.190957	-265.363333	557.505859	221.163818
12348.190957	-265.363333	556.264648	215.201843
12348.190957	-265.363333	555.023438	-6.136577
12348.190957	-265.363333	553.781250	100.920959
12348.190957	-265.363333	552.539063	163.162766
12348.190957	-265.363333	551.296875	63.413853
12348.190957	-265.363333	550.054688	146.925537
12348.190957	-265.363333	548.811523	42.942818
12348.190957	-265.363333	547.569336	143.443863
12348.190957	-265.363333	546.325195	-58.454597
12348.190957	-265.363333	545.082031	-28.240299
12348.190957	-265.363333	543.837891	-78.923088
12348.190957	-265.363333	542.593750	-84.907547
12348.190957	-265.363333	541.349609	-1.546950
12348.190957	-265.363333	540.105469	-62.857159
12348.190957	-265.363333	538.860352	-0.816897
12348.190957	-265.363333	537.615234	-119.517799
12348.190957	-265.363333	536.369141	-140.402481
12348.190957	-265.363333	535.124023	-101.777969
12348.190957	-265.363333	533.877930	-265.017517
12348.190957	-265.363333	532.631836	-160.547791
12348.190957	-265.363333	531.384766	-162.316330
12348.190957	-265.363333	530.138672	-172.578445
12348.190957	-265.363333	528.891602	-49.108837
12348.190957	-265.363333	527.643555	-178.257523
12348.190957	-265.363333	526.396484	-78.189003
12348.190957	-265.363333	525.148438	-139.399750
12348.190957	-265.363333	523.900391	15.750908
12348.190957	-265.363333	522.652344	-79.390816
12348.190957	-265.363333	521.403320	158.350891
12348.190957	-265.363333	520.154297	-133.916077
12348.190957	-265.363333	518.905273	-8.588716
12348.190957	-265.363333	517.656250	-57.052338
12348.190957	-265.363333	516.406250	25.827290
12348.190957	-265.363333	515.156250	-20.517818
12348.190957	-265.363333	513.906250	-7.562388
12348.190957	-265.363333	512.655273	68.885345
12348.190957	-265.363333	511.404297	151.644547
12348.190957	-265.363333	510.153320	-87.263512
12348.190957	-265.363333	508.902344	16.638020
12348.190957	-265.363333	507.650391	-12.762440
12348.190957	-265.363333	506.398438	80.490883
12348.190957	-265.363333	505.146484	34.163311
12348.190957	-265.363333	503.893555	-12.153219
12348.190957	-265.363333	502.641602	28.188400
12348.190957	-265.363333	501.388672	-172.354721
12348.190957	-265.363333	500.134766	45.417641
12348.190957	-265.363333	498.881836	77.247742
12348.190957	-265.363333	497.627930	60.488056
12348.190957	-265.363333	496.374023	69.058479
12348.190957	-265.363333	495.119141	43.843655
12348.190957	-265.363333	493.865234	-15.128640
12348.190957	-265.363333	492.610352	67.253159
12348.190957	-265.363333	491.355469	-57.108273
12348.190957	-265.363333	490.099609	193.915161
12348.190957	-265.363333	488.843750	-42.187027
12348.190957	-265.363333	487.587891	50.613159
12348.190957	-265.363333	486.332031	71.709381
12348.190957	-265.363333	485.075195	-50.491665
12348.190957	-265.363333	483.818359	-143.166626
12348.190957	-265.363333	482.561523	124.301178
12348.190957	-265.363333	481.304688	-2.096649
12348.190957	-265.363333	480.046875	25.206028
12348.190957	-265.363333	478.789063	-78.011055
12348.190957	-265.363333	477.531250	-38.123135
12348.190957	-265.363333	476.272461	75.350258
12348.190957	-265.363333	475.013672	115.135025
12348.190957	-265.363333	473.754883	102.305969
12348.190957	-265.363333	472.496094	-59.811203
12348.190957	-265.363333	471.236328	-1.194336
12348.190957	-265.363333	469.976563	65.772934
12348.190957	-265.363333	468.716797	-12.289915
12348.190957	-265.363333	467.456055	35.674160
12348.190957	-265.363333	466.196289	24.783251
12348.190957	-265.363333	464.935547	30.652962
12348.190957	-265.363333	463.673828	44.871174
12348.190957	-265.363333	462.413086	166.080353
12348.190957	-265.363333	461.151367	-25.450962
12348.190957	-265.363333	459.889648	85.137398
12348.190957	-265.363333	458.626953	153.679123
12348.190957	-265.363333	457.364258	62.776451
12348.190957	-265.363333	456.101563	47.331375
12348.190957	-265.363333	454.838867	209.997742
12348.190957	-265.363333	453.575195	70.772820
12348.190957	-265.363333	452.312500	147.345901
12348.190957	-265.363333	451.047852	217.530838
12348.190957	-265.363333	449.784180	197.572845
12348.190957	-265.363333	448.519531	18.426361
12348.190957	-265.363333	447.254883	48.614216
12348.190957	-265.363333	445.990234	269.160736
12348.190957	-265.363333	444.725586	135.922226
12348.190957	-265.363333	443.459961	86.332268
12348.190957	-265.363333	442.194336	224.910629
12348.190957	-265.363333	440.927734	214.874741
12348.190957	-265.363333	439.662109	-10.572214
12348.190957	-265.363333	438.395508	173.639648
12348.190957	-265.363333	437.127930	332.591370
12348.190957	-265.363333	435.861328	374.380707
12348.190957	-265.363333	434.593750	340.844391
12348.190957	-265.363333	433.326172	438.774353
12348.190957	-265.363333	432.058594	446.768951
12348.190957	-265.363333	430.790039	404.536377
12348.190957	-265.363333	429.521484	341.329315
12348.190957	-265.363333	428.252930	200.819107
12348.190957	-265.363333	426.984375	298.045044
12348.190957	-265.363333	425.714844	551.503418
12348.190957	-265.363333	424.445313	446.065094
12348.190957	-265.363333	423.174805	476.022705
12348.190957	-265.363333	421.905273	462.049042
12348.190957	-265.363333	420.634766	314.554413
12348.190957	-265.363333	419.364258	364.875336
12348.190957	-265.363333	418.092773	267.112122
12348.190957	-265.363333	416.822266	190.046265
12348.190957	-265.363333	415.550781	233.578766
12348.190957	-265.363333	414.278320	318.526459
12348.190957	-265.363333	413.006836	313.764008
12348.190957	-265.363333	411.734375	392.019257
12348.190957	-265.363333	410.461914	301.538696
12348.190957	-265.363333	409.188477	358.535736
12348.190957	-265.363333	407.916016	267.664978
12348.190957	-265.363333	406.642578	559.098633
12348.190957	-265.363333	405.368164	199.633652
12348.190957	-265.363333	404.094727	230.736755
12348.190957	-265.363333	402.820313	315.580505
12348.190957	-265.363333	401.545898	292.123260
12348.190957	-265.363333	400.270508	241.405060
12348.190957	-265.363333	398.996094	352.378723
12348.190957	-265.363333	397.720703	436.026947
12348.190957	-265.363333	396.444336	226.732391
12348.190957	-265.363333	395.168945	336.749298
12348.190957	-265.363333	393.892578	199.556564
12348.190957	-265.363333	392.616211	76.620537
12348.190957	-265.363333	391.339844	106.840256
12348.190957	-265.363333	390.062500	248.636108
12348.190957	-265.363333	388.785156	305.049683
12348.190957	-265.363333	387.507813	203.604401
12348.190957	-265.363333	386.229492	99.751427
12348.190957	-265.363333	384.951172	283.452393
12348.190957	-265.363333	383.672852	201.634338
12348.190957	-265.363333	382.394531	102.888161
12348.190957	-265.363333	381.115234	235.576965
12348.190957	-265.363333	379.835938	167.057144
12348.190957	-265.363333	378.556641	325.709930
12348.190957	-265.363333	377.277344	231.495331
12348.190957	-265.363333	375.997070	54.127689
12348.190957	-265.363333	374.716797	300.211761
12348.190957	-265.363333	373.435547	258.361969
12348.190957	-265.363333	372.155273	311.112488
12348.190957	-265.363333	370.874023	32.721210
12348.190957	-265.363333	369.591797	152.598633
12348.190957	-265.363333	368.310547	125.264755
12348.190957	-265.363333	367.028320	43.686253
12348.190957	-265.363333	365.746094	62.731277
12348.190957	-265.363333	364.463867	169.934387
12348.190957	-265.363333	363.180664	14.411351
12348.190957	-265.363333	361.897461	31.638145
12348.190957	-265.363333	360.614258	262.739258
12348.190957	-265.363333	359.330078	-28.649408
12348.190957	-265.363333	358.045898	211.347015
12348.190957	-265.363333	356.761719	3.268082
12348.190957	-265.363333	355.477539	118.131599
12348.190957	-265.363333	354.192383	275.479309
12348.190957	-265.363333	352.907227	61.245396
12348.190957	-265.363333	351.622070	142.917328
12348.190957	-265.363333	350.336914	13.770397
12348.190957	-265.363333	349.050781	-58.490273
12348.190957	-265.363333	347.764648	-57.430672
12348.190957	-265.363333	346.477539	-53.104443
12348.190957	-265.363333	345.191406	-115.430275
12348.190957	-265.363333	343.904297	82.591774
12348.190957	-265.363333	342.616211	94.547340
12348.190957	-265.363333	341.329102	4.881805
12348.190957	-265.363333	340.041016	-9.647265
12348.190957	-265.363333	338.752930	-86.769127
12348.190957	-265.363333	337.463867	-64.184456
12348.190957	-265.363333	336.175781	-116.520004
12348.190957	-265.363333	334.886719	19.053629
12348.190957	-265.363333	333.596680	-105.203278
12348.190957	-265.363333	332.307617	-70.324303
12348.190957	-265.363333	331.017578	-89.941025
12348.190957	-265.363333	329.727539	-180.423996
12348.190957	-265.363333	328.436523	-25.874973
12348.190957	-265.363333	327.146484	84.409729
12348.190957	-265.363333	325.855469	-60.839771
12348.190957	-265.363333	324.563477	-51.477936
12348.190957	-265.363333	323.272461	-129.408463
12348.190957	-265.363333	321.980469	39.333187
12348.190957	-265.363333	320.688477	7.976946
12348.190957	-265.363333	319.395508	-84.133591
12348.190957	-265.363333	318.103516	-42.364147
12348.190957	-265.363333	316.810547	-112.597801
12348.190957	-265.363333	315.516602	-114.668358
12348.190957	-265.363333	314.223633	45.576805
12348.190957	-265.363333	312.929688	-53.569622
12348.190957	-265.363333	311.635742	68.784019
12348.190957	-265.363333	310.340820	-94.779793
12348.190957	-265.363333	309.045898	-186.239410
12348.190957	-265.363333	307.750977	-113.685486
12348.190957	-265.363333	306.456055	102.301521
12348.190957	-265.363333	305.160156	140.737488
12348.190957	-265.363333	303.865234	132.555862
12348.190957	-265.363333	302.568359	400.290314
12348.190957	-265.363333	301.272461	388.467926
12348.190957	-265.363333	299.975586	446.224792
12348.190957	-265.363333	298.678711	702.124939
