#X		#Y		#Wave		#Intensity
12372.771277	1326.476667	1999.980469	132.533676
12372.771277	1326.476667	1999.016602	-94.732986
12372.771277	1326.476667	1998.052734	-95.080292
12372.771277	1326.476667	1997.087891	-135.164017
12372.771277	1326.476667	1996.123047	42.717030
12372.771277	1326.476667	1995.158203	-12.407094
12372.771277	1326.476667	1994.193359	-5.671443
12372.771277	1326.476667	1993.228516	30.700006
12372.771277	1326.476667	1992.262695	175.921417
12372.771277	1326.476667	1991.297852	105.658852
12372.771277	1326.476667	1990.332031	47.728062
12372.771277	1326.476667	1989.366211	88.729370
12372.771277	1326.476667	1988.399414	15.846669
12372.771277	1326.476667	1987.433594	140.811813
12372.771277	1326.476667	1986.466797	-78.088020
12372.771277	1326.476667	1985.500977	-20.031487
12372.771277	1326.476667	1984.534180	52.779984
12372.771277	1326.476667	1983.567383	-161.207001
12372.771277	1326.476667	1982.599609	-2.009867
12372.771277	1326.476667	1981.632813	40.951790
12372.771277	1326.476667	1980.665039	103.611656
12372.771277	1326.476667	1979.697266	50.117550
12372.771277	1326.476667	1978.729492	45.986950
12372.771277	1326.476667	1977.761719	-0.157240
12372.771277	1326.476667	1976.792969	-71.011200
12372.771277	1326.476667	1975.825195	18.544806
12372.771277	1326.476667	1974.856445	38.936848
12372.771277	1326.476667	1973.887695	71.620369
12372.771277	1326.476667	1972.918945	52.457813
12372.771277	1326.476667	1971.949219	62.862476
12372.771277	1326.476667	1970.980469	1.726226
12372.771277	1326.476667	1970.010742	-22.439476
12372.771277	1326.476667	1969.041016	-54.019051
12372.771277	1326.476667	1968.071289	84.427383
12372.771277	1326.476667	1967.101563	153.806458
12372.771277	1326.476667	1966.130859	58.082848
12372.771277	1326.476667	1965.161133	213.597748
12372.771277	1326.476667	1964.190430	100.615486
12372.771277	1326.476667	1963.219727	108.295532
12372.771277	1326.476667	1962.249023	76.567795
12372.771277	1326.476667	1961.277344	-26.542316
12372.771277	1326.476667	1960.306641	25.394327
12372.771277	1326.476667	1959.334961	57.611912
12372.771277	1326.476667	1958.363281	40.605770
12372.771277	1326.476667	1957.391602	-67.403343
12372.771277	1326.476667	1956.419922	166.398056
12372.771277	1326.476667	1955.447266	9.210406
12372.771277	1326.476667	1954.474609	-54.528141
12372.771277	1326.476667	1953.501953	53.771687
12372.771277	1326.476667	1952.529297	-191.793533
12372.771277	1326.476667	1951.556641	-34.395332
12372.771277	1326.476667	1950.583984	140.128723
12372.771277	1326.476667	1949.610352	54.277695
12372.771277	1326.476667	1948.636719	-56.100254
12372.771277	1326.476667	1947.663086	255.776367
12372.771277	1326.476667	1946.689453	84.033279
12372.771277	1326.476667	1945.715820	123.380127
12372.771277	1326.476667	1944.741211	-9.029896
12372.771277	1326.476667	1943.767578	116.165741
12372.771277	1326.476667	1942.792969	-21.105213
12372.771277	1326.476667	1941.818359	67.259674
12372.771277	1326.476667	1940.842773	204.619537
12372.771277	1326.476667	1939.868164	-192.413162
12372.771277	1326.476667	1938.892578	-13.396154
12372.771277	1326.476667	1937.916992	-79.465843
12372.771277	1326.476667	1936.941406	6.373336
12372.771277	1326.476667	1935.965820	57.891357
12372.771277	1326.476667	1934.990234	21.234140
12372.771277	1326.476667	1934.013672	-49.687077
12372.771277	1326.476667	1933.037109	65.462357
12372.771277	1326.476667	1932.060547	-17.673153
12372.771277	1326.476667	1931.083984	63.174297
12372.771277	1326.476667	1930.107422	-2.798199
12372.771277	1326.476667	1929.129883	170.972855
12372.771277	1326.476667	1928.153320	114.793953
12372.771277	1326.476667	1927.175781	14.625749
12372.771277	1326.476667	1926.198242	0.063967
12372.771277	1326.476667	1925.219727	49.061703
12372.771277	1326.476667	1924.242188	17.401413
12372.771277	1326.476667	1923.263672	61.500263
12372.771277	1326.476667	1922.285156	110.473907
12372.771277	1326.476667	1921.306641	56.850834
12372.771277	1326.476667	1920.328125	-40.702328
12372.771277	1326.476667	1919.349609	-40.552635
12372.771277	1326.476667	1918.370117	45.039070
12372.771277	1326.476667	1917.391602	-18.272400
12372.771277	1326.476667	1916.412109	-49.834061
12372.771277	1326.476667	1915.431641	-122.853828
12372.771277	1326.476667	1914.452148	-27.531467
12372.771277	1326.476667	1913.472656	28.740778
12372.771277	1326.476667	1912.492188	-61.304329
12372.771277	1326.476667	1911.511719	-117.179291
12372.771277	1326.476667	1910.531250	43.903976
12372.771277	1326.476667	1909.550781	173.252594
12372.771277	1326.476667	1908.569336	61.340992
12372.771277	1326.476667	1907.588867	83.462410
12372.771277	1326.476667	1906.607422	49.560837
12372.771277	1326.476667	1905.625977	-30.590679
12372.771277	1326.476667	1904.644531	32.941380
12372.771277	1326.476667	1903.662109	-132.365646
12372.771277	1326.476667	1902.680664	-61.526249
12372.771277	1326.476667	1901.698242	-58.842525
12372.771277	1326.476667	1900.715820	38.728016
12372.771277	1326.476667	1899.733398	-26.705860
12372.771277	1326.476667	1898.750000	-65.359703
12372.771277	1326.476667	1897.767578	83.234306
12372.771277	1326.476667	1896.784180	-8.899246
12372.771277	1326.476667	1895.800781	-28.075375
12372.771277	1326.476667	1894.817383	239.518753
12372.771277	1326.476667	1893.833984	6.497698
12372.771277	1326.476667	1892.850586	9.205045
12372.771277	1326.476667	1891.866211	58.061939
12372.771277	1326.476667	1890.881836	-33.940056
12372.771277	1326.476667	1889.897461	73.182755
12372.771277	1326.476667	1888.913086	-9.071315
12372.771277	1326.476667	1887.927734	39.764786
12372.771277	1326.476667	1886.943359	103.145004
12372.771277	1326.476667	1885.958008	25.791708
12372.771277	1326.476667	1884.972656	-32.125866
12372.771277	1326.476667	1883.987305	118.544876
12372.771277	1326.476667	1883.001953	-101.819839
12372.771277	1326.476667	1882.015625	65.779724
12372.771277	1326.476667	1881.029297	-42.995533
12372.771277	1326.476667	1880.042969	185.116821
12372.771277	1326.476667	1879.056641	81.207855
12372.771277	1326.476667	1878.070313	47.589291
12372.771277	1326.476667	1877.083984	-68.363640
12372.771277	1326.476667	1876.096680	-38.982269
12372.771277	1326.476667	1875.109375	-106.455353
12372.771277	1326.476667	1874.122070	-55.292923
12372.771277	1326.476667	1873.134766	-96.116852
12372.771277	1326.476667	1872.146484	-103.050972
12372.771277	1326.476667	1871.159180	64.203278
12372.771277	1326.476667	1870.170898	83.845291
12372.771277	1326.476667	1869.182617	79.294708
12372.771277	1326.476667	1868.194336	-142.867706
12372.771277	1326.476667	1867.205078	87.112099
12372.771277	1326.476667	1866.216797	-31.042971
12372.771277	1326.476667	1865.227539	-28.330826
12372.771277	1326.476667	1864.238281	29.946978
12372.771277	1326.476667	1863.249023	-6.010648
12372.771277	1326.476667	1862.259766	-155.472565
12372.771277	1326.476667	1861.269531	-41.677879
12372.771277	1326.476667	1860.279297	-72.787529
12372.771277	1326.476667	1859.290039	77.147446
12372.771277	1326.476667	1858.298828	43.602673
12372.771277	1326.476667	1857.308594	7.653172
12372.771277	1326.476667	1856.318359	53.734615
12372.771277	1326.476667	1855.327148	-23.220749
12372.771277	1326.476667	1854.335938	198.879105
12372.771277	1326.476667	1853.344727	78.512367
12372.771277	1326.476667	1852.353516	40.145538
12372.771277	1326.476667	1851.362305	-82.571312
12372.771277	1326.476667	1850.370117	-19.701092
12372.771277	1326.476667	1849.377930	-14.684945
12372.771277	1326.476667	1848.385742	31.270761
12372.771277	1326.476667	1847.393555	139.818542
12372.771277	1326.476667	1846.401367	-35.819725
12372.771277	1326.476667	1845.408203	77.495148
12372.771277	1326.476667	1844.415039	15.044716
12372.771277	1326.476667	1843.421875	161.979553
12372.771277	1326.476667	1842.428711	-52.069305
12372.771277	1326.476667	1841.435547	99.613182
12372.771277	1326.476667	1840.441406	5.894685
12372.771277	1326.476667	1839.448242	85.344604
12372.771277	1326.476667	1838.454102	-75.679832
12372.771277	1326.476667	1837.459961	119.115692
12372.771277	1326.476667	1836.464844	27.819540
12372.771277	1326.476667	1835.470703	-20.200964
12372.771277	1326.476667	1834.475586	-65.814735
12372.771277	1326.476667	1833.480469	78.337540
12372.771277	1326.476667	1832.485352	44.704304
12372.771277	1326.476667	1831.490234	138.330200
12372.771277	1326.476667	1830.495117	90.266212
12372.771277	1326.476667	1829.499023	-32.202599
12372.771277	1326.476667	1828.502930	80.539497
12372.771277	1326.476667	1827.506836	66.059120
12372.771277	1326.476667	1826.510742	77.957077
12372.771277	1326.476667	1825.513672	44.263496
12372.771277	1326.476667	1824.517578	140.059402
12372.771277	1326.476667	1823.520508	132.708038
12372.771277	1326.476667	1822.523438	-28.069286
12372.771277	1326.476667	1821.526367	-45.005253
12372.771277	1326.476667	1820.529297	81.818344
12372.771277	1326.476667	1819.531250	62.436932
12372.771277	1326.476667	1818.533203	-45.578503
12372.771277	1326.476667	1817.535156	-55.383961
12372.771277	1326.476667	1816.537109	143.105759
12372.771277	1326.476667	1815.539063	178.717102
12372.771277	1326.476667	1814.540039	-80.100029
12372.771277	1326.476667	1813.541992	60.795341
12372.771277	1326.476667	1812.542969	22.175819
12372.771277	1326.476667	1811.543945	45.746803
12372.771277	1326.476667	1810.543945	66.896141
12372.771277	1326.476667	1809.544922	209.971024
12372.771277	1326.476667	1808.544922	3.921658
12372.771277	1326.476667	1807.544922	-37.139729
12372.771277	1326.476667	1806.544922	220.524948
12372.771277	1326.476667	1805.544922	172.229950
12372.771277	1326.476667	1804.544922	-38.515156
12372.771277	1326.476667	1803.543945	116.235481
12372.771277	1326.476667	1802.542969	115.684540
12372.771277	1326.476667	1801.541992	38.710262
12372.771277	1326.476667	1800.541016	26.195770
12372.771277	1326.476667	1799.539063	82.876892
12372.771277	1326.476667	1798.538086	39.295612
12372.771277	1326.476667	1797.536133	38.650795
12372.771277	1326.476667	1796.534180	49.910881
12372.771277	1326.476667	1795.532227	89.762726
12372.771277	1326.476667	1794.529297	31.814642
12372.771277	1326.476667	1793.527344	16.779251
12372.771277	1326.476667	1792.524414	66.079834
12372.771277	1326.476667	1791.521484	53.379303
12372.771277	1326.476667	1790.518555	57.338654
12372.771277	1326.476667	1789.514648	92.239937
12372.771277	1326.476667	1788.511719	34.220337
12372.771277	1326.476667	1787.507813	169.079407
12372.771277	1326.476667	1786.503906	-53.258102
12372.771277	1326.476667	1785.500000	29.151556
12372.771277	1326.476667	1784.496094	42.488945
12372.771277	1326.476667	1783.491211	143.835327
12372.771277	1326.476667	1782.486328	235.602859
12372.771277	1326.476667	1781.481445	-167.427277
12372.771277	1326.476667	1780.476563	78.893738
12372.771277	1326.476667	1779.471680	44.533623
12372.771277	1326.476667	1778.465820	-77.796089
12372.771277	1326.476667	1777.460938	120.759613
12372.771277	1326.476667	1776.455078	10.294771
12372.771277	1326.476667	1775.449219	18.639704
12372.771277	1326.476667	1774.442383	124.345238
12372.771277	1326.476667	1773.436523	25.743635
12372.771277	1326.476667	1772.429688	-34.855900
12372.771277	1326.476667	1771.422852	13.748654
12372.771277	1326.476667	1770.416016	83.672493
12372.771277	1326.476667	1769.409180	42.006901
12372.771277	1326.476667	1768.402344	54.904686
12372.771277	1326.476667	1767.394531	153.170456
12372.771277	1326.476667	1766.386719	61.630890
12372.771277	1326.476667	1765.378906	-79.697441
12372.771277	1326.476667	1764.371094	80.106369
12372.771277	1326.476667	1763.362305	223.228195
12372.771277	1326.476667	1762.354492	-22.404411
12372.771277	1326.476667	1761.345703	-35.756622
12372.771277	1326.476667	1760.336914	-25.438129
12372.771277	1326.476667	1759.328125	93.808899
12372.771277	1326.476667	1758.318359	18.791355
12372.771277	1326.476667	1757.308594	-25.442175
12372.771277	1326.476667	1756.299805	133.905533
12372.771277	1326.476667	1755.290039	-144.699295
12372.771277	1326.476667	1754.279297	78.446953
12372.771277	1326.476667	1753.269531	-29.744352
12372.771277	1326.476667	1752.258789	188.514191
12372.771277	1326.476667	1751.249023	-4.847376
12372.771277	1326.476667	1750.238281	45.388935
12372.771277	1326.476667	1749.226563	57.751930
12372.771277	1326.476667	1748.215820	-5.549390
12372.771277	1326.476667	1747.204102	-5.046674
12372.771277	1326.476667	1746.193359	-77.812080
12372.771277	1326.476667	1745.181641	-126.953987
12372.771277	1326.476667	1744.168945	-53.287315
12372.771277	1326.476667	1743.157227	98.257530
12372.771277	1326.476667	1742.144531	20.702406
12372.771277	1326.476667	1741.132813	-111.136406
12372.771277	1326.476667	1740.120117	49.696957
12372.771277	1326.476667	1739.106445	127.854889
12372.771277	1326.476667	1738.093750	-67.701660
12372.771277	1326.476667	1737.080078	-53.284027
12372.771277	1326.476667	1736.067383	135.619110
12372.771277	1326.476667	1735.053711	60.347721
12372.771277	1326.476667	1734.040039	-97.426437
12372.771277	1326.476667	1733.025391	-83.111763
12372.771277	1326.476667	1732.011719	-148.942825
12372.771277	1326.476667	1730.997070	-47.497299
12372.771277	1326.476667	1729.982422	-49.758595
12372.771277	1326.476667	1728.967773	-30.846189
12372.771277	1326.476667	1727.952148	-9.611913
12372.771277	1326.476667	1726.937500	-136.721268
12372.771277	1326.476667	1725.921875	-70.798012
12372.771277	1326.476667	1724.906250	155.102783
12372.771277	1326.476667	1723.890625	223.253281
12372.771277	1326.476667	1722.875000	77.285477
12372.771277	1326.476667	1721.858398	133.617477
12372.771277	1326.476667	1720.841797	-52.299831
12372.771277	1326.476667	1719.825195	39.258350
12372.771277	1326.476667	1718.808594	3.826885
12372.771277	1326.476667	1717.791992	99.997765
12372.771277	1326.476667	1716.774414	113.866745
12372.771277	1326.476667	1715.756836	-149.503845
12372.771277	1326.476667	1714.739258	-41.680691
12372.771277	1326.476667	1713.721680	7.372066
12372.771277	1326.476667	1712.704102	56.385593
12372.771277	1326.476667	1711.685547	27.890152
12372.771277	1326.476667	1710.667969	175.416199
12372.771277	1326.476667	1709.649414	-125.332413
12372.771277	1326.476667	1708.630859	-81.105240
12372.771277	1326.476667	1707.611328	139.007813
12372.771277	1326.476667	1706.592773	-79.535393
12372.771277	1326.476667	1705.573242	20.871689
12372.771277	1326.476667	1704.553711	-12.404187
12372.771277	1326.476667	1703.534180	-19.902811
12372.771277	1326.476667	1702.513672	-62.571587
12372.771277	1326.476667	1701.494141	-91.180016
12372.771277	1326.476667	1700.473633	27.780165
12372.771277	1326.476667	1699.453125	134.967300
12372.771277	1326.476667	1698.432617	106.282059
12372.771277	1326.476667	1697.412109	63.544029
12372.771277	1326.476667	1696.390625	67.616776
12372.771277	1326.476667	1695.369141	-82.786583
12372.771277	1326.476667	1694.347656	89.747787
12372.771277	1326.476667	1693.326172	156.928192
12372.771277	1326.476667	1692.304688	39.292480
12372.771277	1326.476667	1691.282227	-66.624435
12372.771277	1326.476667	1690.260742	5.178302
12372.771277	1326.476667	1689.238281	32.520687
12372.771277	1326.476667	1688.214844	195.387833
12372.771277	1326.476667	1687.192383	33.384197
12372.771277	1326.476667	1686.168945	98.039185
12372.771277	1326.476667	1685.146484	-10.188220
12372.771277	1326.476667	1684.123047	49.753338
12372.771277	1326.476667	1683.099609	109.658203
12372.771277	1326.476667	1682.075195	83.150070
12372.771277	1326.476667	1681.051758	65.979515
12372.771277	1326.476667	1680.027344	240.148987
12372.771277	1326.476667	1679.002930	264.922607
12372.771277	1326.476667	1677.978516	26.087814
12372.771277	1326.476667	1676.953125	176.804382
12372.771277	1326.476667	1675.928711	173.561752
12372.771277	1326.476667	1674.903320	88.710945
12372.771277	1326.476667	1673.877930	148.394073
12372.771277	1326.476667	1672.852539	152.115341
12372.771277	1326.476667	1671.826172	197.760590
12372.771277	1326.476667	1670.800781	178.156769
12372.771277	1326.476667	1669.774414	132.928741
12372.771277	1326.476667	1668.748047	108.666420
12372.771277	1326.476667	1667.721680	49.483395
12372.771277	1326.476667	1666.694336	11.260117
12372.771277	1326.476667	1665.667969	0.974967
12372.771277	1326.476667	1664.640625	109.348946
12372.771277	1326.476667	1663.613281	71.114090
12372.771277	1326.476667	1662.585938	114.294167
12372.771277	1326.476667	1661.557617	55.127033
12372.771277	1326.476667	1660.530273	116.880661
12372.771277	1326.476667	1659.501953	-16.660988
12372.771277	1326.476667	1658.473633	35.771255
12372.771277	1326.476667	1657.444336	-37.302544
12372.771277	1326.476667	1656.416016	80.153206
12372.771277	1326.476667	1655.386719	100.000084
12372.771277	1326.476667	1654.358398	31.591553
12372.771277	1326.476667	1653.328125	227.888977
12372.771277	1326.476667	1652.298828	103.757370
12372.771277	1326.476667	1651.269531	193.199219
12372.771277	1326.476667	1650.239258	187.458221
12372.771277	1326.476667	1649.208984	135.316757
12372.771277	1326.476667	1648.178711	-9.591042
12372.771277	1326.476667	1647.148438	158.641922
12372.771277	1326.476667	1646.117188	132.032791
12372.771277	1326.476667	1645.086914	237.578094
12372.771277	1326.476667	1644.055664	187.784439
12372.771277	1326.476667	1643.024414	376.698364
12372.771277	1326.476667	1641.992188	171.659805
12372.771277	1326.476667	1640.960938	545.821045
12372.771277	1326.476667	1639.928711	401.047028
12372.771277	1326.476667	1638.896484	381.370697
12372.771277	1326.476667	1637.864258	428.842194
12372.771277	1326.476667	1636.832031	487.870544
12372.771277	1326.476667	1635.798828	500.589142
12372.771277	1326.476667	1634.766602	520.251343
12372.771277	1326.476667	1633.733398	549.158203
12372.771277	1326.476667	1632.699219	647.438965
12372.771277	1326.476667	1631.666016	662.442200
12372.771277	1326.476667	1630.632813	441.622101
12372.771277	1326.476667	1629.598633	468.221466
12372.771277	1326.476667	1628.564453	420.860474
12372.771277	1326.476667	1627.530273	516.782166
12372.771277	1326.476667	1626.495117	714.315369
12372.771277	1326.476667	1625.460938	579.181458
12372.771277	1326.476667	1624.425781	605.750977
12372.771277	1326.476667	1623.390625	412.978210
12372.771277	1326.476667	1622.355469	559.619263
12372.771277	1326.476667	1621.319336	600.041504
12372.771277	1326.476667	1620.284180	532.007935
12372.771277	1326.476667	1619.248047	401.714752
12372.771277	1326.476667	1618.211914	490.605865
12372.771277	1326.476667	1617.174805	394.976410
12372.771277	1326.476667	1616.138672	403.153198
12372.771277	1326.476667	1615.101563	501.236389
12372.771277	1326.476667	1614.065430	361.901398
12372.771277	1326.476667	1613.027344	688.100342
12372.771277	1326.476667	1611.990234	362.184540
12372.771277	1326.476667	1610.953125	711.315308
12372.771277	1326.476667	1609.915039	452.326477
12372.771277	1326.476667	1608.876953	444.427856
12372.771277	1326.476667	1607.838867	597.691162
12372.771277	1326.476667	1606.800781	688.761658
12372.771277	1326.476667	1605.761719	588.806274
12372.771277	1326.476667	1604.723633	698.274475
12372.771277	1326.476667	1603.684570	554.675964
12372.771277	1326.476667	1602.644531	838.915894
12372.771277	1326.476667	1601.605469	557.409058
12372.771277	1326.476667	1600.566406	556.498596
12372.771277	1326.476667	1599.526367	619.957825
12372.771277	1326.476667	1598.486328	715.580078
12372.771277	1326.476667	1597.446289	721.573120
12372.771277	1326.476667	1596.405273	693.118103
12372.771277	1326.476667	1595.365234	664.693542
12372.771277	1326.476667	1594.324219	624.811401
12372.771277	1326.476667	1593.283203	628.582153
12372.771277	1326.476667	1592.242188	595.642273
12372.771277	1326.476667	1591.200195	679.769287
12372.771277	1326.476667	1590.159180	724.879028
12372.771277	1326.476667	1589.117188	733.280823
12372.771277	1326.476667	1588.075195	514.633545
12372.771277	1326.476667	1587.032227	658.400635
12372.771277	1326.476667	1585.990234	565.987549
12372.771277	1326.476667	1584.947266	707.434387
12372.771277	1326.476667	1583.904297	541.745911
12372.771277	1326.476667	1582.861328	683.181274
12372.771277	1326.476667	1581.818359	620.692383
12372.771277	1326.476667	1580.775391	551.376770
12372.771277	1326.476667	1579.731445	557.675110
12372.771277	1326.476667	1578.687500	545.676086
12372.771277	1326.476667	1577.643555	542.859131
12372.771277	1326.476667	1576.598633	656.781982
12372.771277	1326.476667	1575.554688	592.206787
12372.771277	1326.476667	1574.509766	495.647491
12372.771277	1326.476667	1573.464844	559.258667
12372.771277	1326.476667	1572.419922	535.967834
12372.771277	1326.476667	1571.374023	624.739746
12372.771277	1326.476667	1570.329102	553.487061
12372.771277	1326.476667	1569.283203	642.267517
12372.771277	1326.476667	1568.237305	509.386810
12372.771277	1326.476667	1567.191406	621.035706
12372.771277	1326.476667	1566.144531	675.558411
12372.771277	1326.476667	1565.098633	538.255554
12372.771277	1326.476667	1564.051758	659.037109
12372.771277	1326.476667	1563.004883	494.445526
12372.771277	1326.476667	1561.957031	453.188446
12372.771277	1326.476667	1560.910156	434.795746
12372.771277	1326.476667	1559.862305	640.017883
12372.771277	1326.476667	1558.814453	601.116516
12372.771277	1326.476667	1557.766602	466.472687
12372.771277	1326.476667	1556.718750	491.517853
12372.771277	1326.476667	1555.669922	493.780548
12372.771277	1326.476667	1554.621094	414.017944
12372.771277	1326.476667	1553.573242	477.880493
12372.771277	1326.476667	1552.523438	288.845825
12372.771277	1326.476667	1551.474609	455.265869
12372.771277	1326.476667	1550.424805	455.394135
12372.771277	1326.476667	1549.375000	558.014832
12372.771277	1326.476667	1548.325195	394.269836
12372.771277	1326.476667	1547.275391	358.079254
12372.771277	1326.476667	1546.225586	283.246552
12372.771277	1326.476667	1545.174805	470.117920
12372.771277	1326.476667	1544.124023	445.394043
12372.771277	1326.476667	1543.073242	400.242096
12372.771277	1326.476667	1542.022461	273.279480
12372.771277	1326.476667	1540.970703	401.016083
12372.771277	1326.476667	1539.919922	458.274048
12372.771277	1326.476667	1538.868164	333.737579
12372.771277	1326.476667	1537.815430	266.080750
12372.771277	1326.476667	1536.763672	271.176300
12372.771277	1326.476667	1535.710938	423.924408
12372.771277	1326.476667	1534.659180	213.332916
12372.771277	1326.476667	1533.606445	164.042847
12372.771277	1326.476667	1532.552734	126.151649
12372.771277	1326.476667	1531.500000	358.365173
12372.771277	1326.476667	1530.446289	343.205536
12372.771277	1326.476667	1529.393555	269.106445
12372.771277	1326.476667	1528.338867	129.292633
12372.771277	1326.476667	1527.285156	372.790710
12372.771277	1326.476667	1526.231445	155.998077
12372.771277	1326.476667	1525.176758	206.791794
12372.771277	1326.476667	1524.122070	58.170677
12372.771277	1326.476667	1523.067383	20.666132
12372.771277	1326.476667	1522.012695	103.273415
12372.771277	1326.476667	1520.957031	117.934151
12372.771277	1326.476667	1519.901367	44.310089
12372.771277	1326.476667	1518.845703	131.493652
12372.771277	1326.476667	1517.790039	137.190063
12372.771277	1326.476667	1516.734375	222.127975
12372.771277	1326.476667	1515.677734	218.822372
12372.771277	1326.476667	1514.621094	106.967560
12372.771277	1326.476667	1513.564453	-9.330385
12372.771277	1326.476667	1512.507813	204.603958
12372.771277	1326.476667	1511.450195	-22.379824
12372.771277	1326.476667	1510.393555	40.096596
12372.771277	1326.476667	1509.335938	48.343662
12372.771277	1326.476667	1508.278320	-29.237516
12372.771277	1326.476667	1507.219727	22.013823
12372.771277	1326.476667	1506.162109	-5.768931
12372.771277	1326.476667	1505.103516	65.853851
12372.771277	1326.476667	1504.044922	-36.359467
12372.771277	1326.476667	1502.986328	112.062408
12372.771277	1326.476667	1501.926758	-168.336319
12372.771277	1326.476667	1500.868164	56.843517
12372.771277	1326.476667	1499.808594	47.353378
12372.771277	1326.476667	1498.749023	186.766388
12372.771277	1326.476667	1497.688477	-0.820349
12372.771277	1326.476667	1496.628906	-95.855179
12372.771277	1326.476667	1495.568359	93.205658
12372.771277	1326.476667	1494.507813	81.650452
12372.771277	1326.476667	1493.447266	-69.563705
12372.771277	1326.476667	1492.386719	-24.686272
12372.771277	1326.476667	1491.325195	81.024086
12372.771277	1326.476667	1490.263672	17.837435
12372.771277	1326.476667	1489.202148	-22.771078
12372.771277	1326.476667	1488.140625	73.985695
12372.771277	1326.476667	1487.079102	31.208389
12372.771277	1326.476667	1486.016602	-47.516788
12372.771277	1326.476667	1484.954102	-40.684605
12372.771277	1326.476667	1483.891602	-186.763779
12372.771277	1326.476667	1482.829102	99.017197
12372.771277	1326.476667	1481.765625	-123.393028
12372.771277	1326.476667	1480.702148	-44.467884
12372.771277	1326.476667	1479.638672	149.079254
12372.771277	1326.476667	1478.575195	-30.391243
12372.771277	1326.476667	1477.511719	23.860865
12372.771277	1326.476667	1476.447266	78.133514
12372.771277	1326.476667	1475.382813	258.139099
12372.771277	1326.476667	1474.318359	34.149132
12372.771277	1326.476667	1473.253906	187.191895
12372.771277	1326.476667	1472.189453	142.796188
12372.771277	1326.476667	1471.124023	58.126350
12372.771277	1326.476667	1470.058594	72.203163
12372.771277	1326.476667	1468.993164	-14.684335
12372.771277	1326.476667	1467.927734	-4.821311
12372.771277	1326.476667	1466.861328	-22.019394
12372.771277	1326.476667	1465.794922	-43.761368
12372.771277	1326.476667	1464.728516	189.902435
12372.771277	1326.476667	1463.662109	54.341637
12372.771277	1326.476667	1462.594727	124.663177
12372.771277	1326.476667	1461.528320	147.964096
12372.771277	1326.476667	1460.460938	140.084351
12372.771277	1326.476667	1459.393555	96.076103
12372.771277	1326.476667	1458.326172	189.029129
12372.771277	1326.476667	1457.257813	185.172150
12372.771277	1326.476667	1456.189453	112.796425
12372.771277	1326.476667	1455.121094	214.106018
12372.771277	1326.476667	1454.052734	240.145767
12372.771277	1326.476667	1452.984375	261.391693
12372.771277	1326.476667	1451.915039	110.874451
12372.771277	1326.476667	1450.845703	316.840149
12372.771277	1326.476667	1449.776367	189.238968
12372.771277	1326.476667	1448.707031	184.664047
12372.771277	1326.476667	1447.636719	272.535339
12372.771277	1326.476667	1446.567383	334.171448
12372.771277	1326.476667	1445.497070	201.210220
12372.771277	1326.476667	1444.425781	190.007126
12372.771277	1326.476667	1443.355469	193.942108
12372.771277	1326.476667	1442.285156	147.650970
12372.771277	1326.476667	1441.213867	392.467896
12372.771277	1326.476667	1440.142578	307.611755
12372.771277	1326.476667	1439.070313	284.303589
12372.771277	1326.476667	1437.999023	346.120178
12372.771277	1326.476667	1436.926758	301.009491
12372.771277	1326.476667	1435.854492	490.976868
12372.771277	1326.476667	1434.782227	482.349335
12372.771277	1326.476667	1433.709961	256.603882
12372.771277	1326.476667	1432.636719	298.904510
12372.771277	1326.476667	1431.563477	307.252045
12372.771277	1326.476667	1430.490234	216.669785
12372.771277	1326.476667	1429.416992	132.988205
12372.771277	1326.476667	1428.343750	165.979630
12372.771277	1326.476667	1427.269531	265.004028
12372.771277	1326.476667	1426.195313	265.877014
12372.771277	1326.476667	1425.121094	193.745407
12372.771277	1326.476667	1424.046875	155.477234
12372.771277	1326.476667	1422.971680	100.640129
12372.771277	1326.476667	1421.896484	244.668671
12372.771277	1326.476667	1420.821289	39.362041
12372.771277	1326.476667	1419.746094	179.826035
12372.771277	1326.476667	1418.669922	187.098129
12372.771277	1326.476667	1417.594727	201.450607
12372.771277	1326.476667	1416.518555	280.675873
12372.771277	1326.476667	1415.442383	243.617996
12372.771277	1326.476667	1414.365234	165.436127
12372.771277	1326.476667	1413.289063	197.404236
12372.771277	1326.476667	1412.211914	225.687042
12372.771277	1326.476667	1411.134766	249.533752
12372.771277	1326.476667	1410.057617	11.370947
12372.771277	1326.476667	1408.979492	249.066437
12372.771277	1326.476667	1407.902344	412.060364
12372.771277	1326.476667	1406.824219	249.527985
12372.771277	1326.476667	1405.746094	236.291611
12372.771277	1326.476667	1404.666992	150.175186
12372.771277	1326.476667	1403.588867	109.444794
12372.771277	1326.476667	1402.509766	409.288635
12372.771277	1326.476667	1401.430664	374.766632
12372.771277	1326.476667	1400.351563	318.511414
12372.771277	1326.476667	1399.271484	426.559479
12372.771277	1326.476667	1398.192383	252.770844
12372.771277	1326.476667	1397.112305	257.317871
12372.771277	1326.476667	1396.031250	274.161926
12372.771277	1326.476667	1394.951172	323.200836
12372.771277	1326.476667	1393.871094	413.502930
12372.771277	1326.476667	1392.790039	296.621033
12372.771277	1326.476667	1391.708984	336.495117
12372.771277	1326.476667	1390.626953	204.873383
12372.771277	1326.476667	1389.545898	260.134338
12372.771277	1326.476667	1388.463867	245.700867
12372.771277	1326.476667	1387.381836	318.882935
12372.771277	1326.476667	1386.299805	401.575348
12372.771277	1326.476667	1385.217773	78.319412
12372.771277	1326.476667	1384.134766	280.211578
12372.771277	1326.476667	1383.051758	412.048035
12372.771277	1326.476667	1381.968750	332.398407
12372.771277	1326.476667	1380.885742	371.510986
12372.771277	1326.476667	1379.802734	224.688293
12372.771277	1326.476667	1378.718750	214.582092
12372.771277	1326.476667	1377.634766	266.496735
12372.771277	1326.476667	1376.550781	456.513062
12372.771277	1326.476667	1375.465820	370.350769
12372.771277	1326.476667	1374.381836	415.601990
12372.771277	1326.476667	1373.296875	528.822571
12372.771277	1326.476667	1372.211914	522.236267
12372.771277	1326.476667	1371.126953	385.331543
12372.771277	1326.476667	1370.041016	352.480560
12372.771277	1326.476667	1368.955078	434.610077
12372.771277	1326.476667	1367.869141	269.618225
12372.771277	1326.476667	1366.783203	490.410553
12372.771277	1326.476667	1365.697266	455.157715
12372.771277	1326.476667	1364.610352	501.225128
12372.771277	1326.476667	1363.523438	267.780640
12372.771277	1326.476667	1362.436523	277.120331
12372.771277	1326.476667	1361.349609	404.382141
12372.771277	1326.476667	1360.261719	438.224121
12372.771277	1326.476667	1359.174805	467.747925
12372.771277	1326.476667	1358.086914	514.017883
12372.771277	1326.476667	1356.998047	516.773132
12372.771277	1326.476667	1355.910156	357.476990
12372.771277	1326.476667	1354.821289	538.211548
12372.771277	1326.476667	1353.732422	438.076935
12372.771277	1326.476667	1352.643555	521.436218
12372.771277	1326.476667	1351.554688	593.341858
12372.771277	1326.476667	1350.464844	372.301178
12372.771277	1326.476667	1349.375000	312.873260
12372.771277	1326.476667	1348.285156	434.784912
12372.771277	1326.476667	1347.195313	396.921082
12372.771277	1326.476667	1346.105469	453.175110
12372.771277	1326.476667	1345.014648	471.387360
12372.771277	1326.476667	1343.923828	406.672546
12372.771277	1326.476667	1342.833008	418.109924
12372.771277	1326.476667	1341.741211	249.157211
12372.771277	1326.476667	1340.650391	277.303528
12372.771277	1326.476667	1339.558594	189.759903
12372.771277	1326.476667	1338.466797	387.604279
12372.771277	1326.476667	1337.374023	451.222137
12372.771277	1326.476667	1336.282227	245.414932
12372.771277	1326.476667	1335.189453	520.611633
12372.771277	1326.476667	1334.096680	440.500488
12372.771277	1326.476667	1333.003906	326.105072
12372.771277	1326.476667	1331.910156	323.391571
12372.771277	1326.476667	1330.817383	409.008423
12372.771277	1326.476667	1329.723633	325.031281
12372.771277	1326.476667	1328.629883	274.076935
12372.771277	1326.476667	1327.535156	406.264893
12372.771277	1326.476667	1326.441406	287.808960
12372.771277	1326.476667	1325.346680	387.003601
12372.771277	1326.476667	1324.251953	382.782959
12372.771277	1326.476667	1323.156250	467.412628
12372.771277	1326.476667	1322.061523	383.831329
12372.771277	1326.476667	1320.965820	285.116852
12372.771277	1326.476667	1319.870117	358.225800
12372.771277	1326.476667	1318.774414	385.057251
12372.771277	1326.476667	1317.678711	435.211548
12372.771277	1326.476667	1316.582031	478.932831
12372.771277	1326.476667	1315.485352	353.566742
12372.771277	1326.476667	1314.388672	357.314697
12372.771277	1326.476667	1313.291016	312.702606
12372.771277	1326.476667	1312.194336	198.037155
12372.771277	1326.476667	1311.096680	322.579987
12372.771277	1326.476667	1309.999023	276.957428
12372.771277	1326.476667	1308.901367	274.175568
12372.771277	1326.476667	1307.802734	225.458160
12372.771277	1326.476667	1306.705078	196.771896
12372.771277	1326.476667	1305.606445	218.471329
12372.771277	1326.476667	1304.506836	213.199295
12372.771277	1326.476667	1303.408203	234.284714
12372.771277	1326.476667	1302.308594	252.690109
12372.771277	1326.476667	1301.208984	242.871338
12372.771277	1326.476667	1300.109375	387.191376
12372.771277	1326.476667	1299.009766	278.382874
12372.771277	1326.476667	1297.909180	346.532990
12372.771277	1326.476667	1296.808594	247.228821
12372.771277	1326.476667	1295.708008	248.251862
12372.771277	1326.476667	1294.607422	270.398224
12372.771277	1326.476667	1293.506836	259.410309
12372.771277	1326.476667	1292.405273	187.109192
12372.771277	1326.476667	1291.303711	131.250900
12372.771277	1326.476667	1290.202148	164.825912
12372.771277	1326.476667	1289.099609	164.143082
12372.771277	1326.476667	1287.998047	136.258194
12372.771277	1326.476667	1286.895508	105.604202
12372.771277	1326.476667	1285.792969	147.765747
12372.771277	1326.476667	1284.689453	81.942368
12372.771277	1326.476667	1283.586914	71.340157
12372.771277	1326.476667	1282.483398	130.603073
12372.771277	1326.476667	1281.379883	241.377762
12372.771277	1326.476667	1280.276367	72.417358
12372.771277	1326.476667	1279.171875	216.236374
12372.771277	1326.476667	1278.067383	41.333942
12372.771277	1326.476667	1276.962891	30.952000
12372.771277	1326.476667	1275.858398	3.185014
12372.771277	1326.476667	1274.753906	77.683113
12372.771277	1326.476667	1273.648438	20.385647
12372.771277	1326.476667	1272.542969	-41.928001
12372.771277	1326.476667	1271.437500	-44.434841
12372.771277	1326.476667	1270.331055	78.653603
12372.771277	1326.476667	1269.225586	69.264999
12372.771277	1326.476667	1268.119141	4.713363
12372.771277	1326.476667	1267.012695	-60.499748
12372.771277	1326.476667	1265.906250	-17.687574
12372.771277	1326.476667	1264.798828	24.325098
12372.771277	1326.476667	1263.691406	130.997818
12372.771277	1326.476667	1262.583984	49.710220
12372.771277	1326.476667	1261.476563	-81.687836
12372.771277	1326.476667	1260.368164	-72.530403
12372.771277	1326.476667	1259.260742	-59.083706
12372.771277	1326.476667	1258.152344	-1.454068
12372.771277	1326.476667	1257.043945	-78.340637
12372.771277	1326.476667	1255.934570	94.823410
12372.771277	1326.476667	1254.825195	70.431725
12372.771277	1326.476667	1253.716797	19.153311
12372.771277	1326.476667	1252.606445	-5.274713
12372.771277	1326.476667	1251.497070	112.943283
12372.771277	1326.476667	1250.387695	14.309186
12372.771277	1326.476667	1249.277344	5.218948
12372.771277	1326.476667	1248.166992	128.064255
12372.771277	1326.476667	1247.055664	90.351883
12372.771277	1326.476667	1245.945313	79.000206
12372.771277	1326.476667	1244.833984	10.692457
12372.771277	1326.476667	1243.722656	45.335953
12372.771277	1326.476667	1242.611328	75.880180
12372.771277	1326.476667	1241.499023	-83.182243
12372.771277	1326.476667	1240.387695	-31.402641
12372.771277	1326.476667	1239.275391	-1.354146
12372.771277	1326.476667	1238.162109	-55.559929
12372.771277	1326.476667	1237.049805	-60.059582
12372.771277	1326.476667	1235.936523	-67.556610
12372.771277	1326.476667	1234.823242	-198.145630
12372.771277	1326.476667	1233.709961	7.167784
12372.771277	1326.476667	1232.596680	-46.652702
12372.771277	1326.476667	1231.482422	27.215599
12372.771277	1326.476667	1230.369141	27.897696
12372.771277	1326.476667	1229.253906	10.086654
12372.771277	1326.476667	1228.139648	-42.414410
12372.771277	1326.476667	1227.025391	-90.534752
12372.771277	1326.476667	1225.910156	89.526802
12372.771277	1326.476667	1224.794922	-93.354073
12372.771277	1326.476667	1223.679688	45.564617
12372.771277	1326.476667	1222.563477	-54.629333
12372.771277	1326.476667	1221.447266	-11.879578
12372.771277	1326.476667	1220.331055	-186.526627
12372.771277	1326.476667	1219.214844	-61.532108
12372.771277	1326.476667	1218.098633	-32.388859
12372.771277	1326.476667	1216.981445	10.398608
12372.771277	1326.476667	1215.864258	89.968704
12372.771277	1326.476667	1214.747070	107.705536
12372.771277	1326.476667	1213.629883	-38.931602
12372.771277	1326.476667	1212.511719	-17.208460
12372.771277	1326.476667	1211.393555	41.055885
12372.771277	1326.476667	1210.275391	13.172788
12372.771277	1326.476667	1209.157227	-6.154302
12372.771277	1326.476667	1208.038086	73.656502
12372.771277	1326.476667	1206.918945	-50.875469
12372.771277	1326.476667	1205.799805	-67.780159
12372.771277	1326.476667	1204.680664	-4.144633
12372.771277	1326.476667	1203.560547	42.143242
12372.771277	1326.476667	1202.441406	39.144360
12372.771277	1326.476667	1201.321289	-103.622910
12372.771277	1326.476667	1200.200195	32.379848
12372.771277	1326.476667	1199.080078	-2.106744
12372.771277	1326.476667	1197.958984	-8.890521
12372.771277	1326.476667	1196.837891	-38.773838
12372.771277	1326.476667	1195.716797	18.976559
12372.771277	1326.476667	1194.594727	-21.200092
12372.771277	1326.476667	1193.473633	62.189873
12372.771277	1326.476667	1192.351563	19.440586
12372.771277	1326.476667	1191.229492	46.161854
12372.771277	1326.476667	1190.106445	-42.856525
12372.771277	1326.476667	1188.984375	-13.248744
12372.771277	1326.476667	1187.861328	-76.606956
12372.771277	1326.476667	1186.738281	-98.165070
12372.771277	1326.476667	1185.614258	87.680168
12372.771277	1326.476667	1184.491211	10.306366
12372.771277	1326.476667	1183.367188	44.051472
12372.771277	1326.476667	1182.243164	-2.630373
12372.771277	1326.476667	1181.119141	-6.753448
12372.771277	1326.476667	1179.994141	-4.031441
12372.771277	1326.476667	1178.869141	-40.802662
12372.771277	1326.476667	1177.744141	-50.485672
12372.771277	1326.476667	1176.619141	-66.902359
12372.771277	1326.476667	1175.493164	21.879066
12372.771277	1326.476667	1174.368164	-1.405186
12372.771277	1326.476667	1173.242188	11.127103
12372.771277	1326.476667	1172.115234	-157.748322
12372.771277	1326.476667	1170.989258	-76.672600
12372.771277	1326.476667	1169.862305	56.018147
12372.771277	1326.476667	1168.735352	-45.872665
12372.771277	1326.476667	1167.608398	-47.694736
12372.771277	1326.476667	1166.481445	31.153902
12372.771277	1326.476667	1165.353516	-15.612333
12372.771277	1326.476667	1164.225586	-38.613811
12372.771277	1326.476667	1163.097656	21.061504
12372.771277	1326.476667	1161.968750	61.374577
12372.771277	1326.476667	1160.840820	25.252350
12372.771277	1326.476667	1159.711914	-41.741074
12372.771277	1326.476667	1158.583008	-9.108811
12372.771277	1326.476667	1157.453125	83.972382
12372.771277	1326.476667	1156.324219	119.647804
12372.771277	1326.476667	1155.194336	76.083527
12372.771277	1326.476667	1154.064453	-38.379276
12372.771277	1326.476667	1152.933594	12.875083
12372.771277	1326.476667	1151.803711	8.180483
12372.771277	1326.476667	1150.672852	-95.010963
12372.771277	1326.476667	1149.541992	-75.830666
12372.771277	1326.476667	1148.411133	-44.254765
12372.771277	1326.476667	1147.279297	0.887070
12372.771277	1326.476667	1146.147461	-69.006760
12372.771277	1326.476667	1145.015625	-51.115978
12372.771277	1326.476667	1143.883789	74.806435
12372.771277	1326.476667	1142.750977	-0.899321
12372.771277	1326.476667	1141.619141	-68.084183
12372.771277	1326.476667	1140.486328	-19.764015
12372.771277	1326.476667	1139.352539	-173.980392
12372.771277	1326.476667	1138.219727	-57.591488
12372.771277	1326.476667	1137.085938	-84.975548
12372.771277	1326.476667	1135.952148	-111.776024
12372.771277	1326.476667	1134.818359	-83.762466
12372.771277	1326.476667	1133.683594	71.915985
12372.771277	1326.476667	1132.549805	62.607807
12372.771277	1326.476667	1131.415039	38.241798
12372.771277	1326.476667	1130.279297	138.739777
12372.771277	1326.476667	1129.144531	146.112411
12372.771277	1326.476667	1128.008789	119.218109
12372.771277	1326.476667	1126.873047	-78.950714
12372.771277	1326.476667	1125.737305	157.304169
12372.771277	1326.476667	1124.601563	68.749344
12372.771277	1326.476667	1123.464844	55.264385
12372.771277	1326.476667	1122.328125	88.349083
12372.771277	1326.476667	1121.191406	115.752449
12372.771277	1326.476667	1120.054688	70.058968
12372.771277	1326.476667	1118.916992	79.807335
12372.771277	1326.476667	1117.779297	98.162445
12372.771277	1326.476667	1116.641602	99.788361
12372.771277	1326.476667	1115.503906	10.153832
12372.771277	1326.476667	1114.365234	36.958176
12372.771277	1326.476667	1113.226563	-60.948120
12372.771277	1326.476667	1112.087891	162.913956
12372.771277	1326.476667	1110.949219	48.137199
12372.771277	1326.476667	1109.809570	68.472626
12372.771277	1326.476667	1108.669922	112.073524
12372.771277	1326.476667	1107.530273	-1.851114
12372.771277	1326.476667	1106.390625	134.750504
12372.771277	1326.476667	1105.250000	73.554146
12372.771277	1326.476667	1104.109375	59.696079
12372.771277	1326.476667	1102.968750	131.821335
12372.771277	1326.476667	1101.828125	172.343033
12372.771277	1326.476667	1100.686523	67.869049
12372.771277	1326.476667	1099.544922	113.771027
12372.771277	1326.476667	1098.403320	158.144714
12372.771277	1326.476667	1097.261719	106.128326
12372.771277	1326.476667	1096.120117	79.645233
12372.771277	1326.476667	1094.977539	128.301300
12372.771277	1326.476667	1093.834961	54.704094
12372.771277	1326.476667	1092.691406	168.853500
12372.771277	1326.476667	1091.548828	160.274765
12372.771277	1326.476667	1090.405273	37.131676
12372.771277	1326.476667	1089.261719	67.626076
12372.771277	1326.476667	1088.118164	38.064671
12372.771277	1326.476667	1086.973633	180.101578
12372.771277	1326.476667	1085.829102	83.715065
12372.771277	1326.476667	1084.684570	64.870033
12372.771277	1326.476667	1083.540039	74.177864
12372.771277	1326.476667	1082.395508	-42.536198
12372.771277	1326.476667	1081.250000	13.789148
12372.771277	1326.476667	1080.104492	127.169350
12372.771277	1326.476667	1078.958984	83.328583
12372.771277	1326.476667	1077.812500	16.028803
12372.771277	1326.476667	1076.666016	176.712738
12372.771277	1326.476667	1075.519531	14.966889
12372.771277	1326.476667	1074.373047	-6.697952
12372.771277	1326.476667	1073.226563	50.043964
12372.771277	1326.476667	1072.079102	80.271927
12372.771277	1326.476667	1070.931641	36.519543
12372.771277	1326.476667	1069.784180	104.531029
12372.771277	1326.476667	1068.635742	-4.799914
12372.771277	1326.476667	1067.487305	-17.035818
12372.771277	1326.476667	1066.338867	43.402489
12372.771277	1326.476667	1065.190430	54.806583
12372.771277	1326.476667	1064.041992	96.397240
12372.771277	1326.476667	1062.892578	51.645256
12372.771277	1326.476667	1061.743164	-65.529411
12372.771277	1326.476667	1060.593750	93.805931
12372.771277	1326.476667	1059.443359	133.094208
12372.771277	1326.476667	1058.292969	169.457581
12372.771277	1326.476667	1057.142578	60.867294
12372.771277	1326.476667	1055.992188	104.743851
12372.771277	1326.476667	1054.841797	-68.804268
12372.771277	1326.476667	1053.690430	153.590134
12372.771277	1326.476667	1052.539063	-27.678774
12372.771277	1326.476667	1051.387695	67.574646
12372.771277	1326.476667	1050.235352	60.571072
12372.771277	1326.476667	1049.083984	66.561760
12372.771277	1326.476667	1047.931641	57.888866
12372.771277	1326.476667	1046.778320	-57.914341
12372.771277	1326.476667	1045.625977	-16.396856
12372.771277	1326.476667	1044.472656	-25.282972
12372.771277	1326.476667	1043.319336	-0.106167
12372.771277	1326.476667	1042.166016	10.811870
12372.771277	1326.476667	1041.012695	134.827667
12372.771277	1326.476667	1039.858398	188.827866
12372.771277	1326.476667	1038.704102	91.768761
12372.771277	1326.476667	1037.549805	20.281300
12372.771277	1326.476667	1036.394531	-18.623890
12372.771277	1326.476667	1035.239258	-58.512440
12372.771277	1326.476667	1034.083984	134.332047
12372.771277	1326.476667	1032.928711	45.543941
12372.771277	1326.476667	1031.773438	79.637009
12372.771277	1326.476667	1030.617188	39.585693
12372.771277	1326.476667	1029.460938	134.234558
12372.771277	1326.476667	1028.304688	146.250229
12372.771277	1326.476667	1027.147461	36.896637
12372.771277	1326.476667	1025.991211	-50.908058
12372.771277	1326.476667	1024.833984	132.960159
12372.771277	1326.476667	1023.675781	-69.190514
12372.771277	1326.476667	1022.518555	54.632301
12372.771277	1326.476667	1021.360352	104.433456
12372.771277	1326.476667	1020.202148	-26.897482
12372.771277	1326.476667	1019.043945	113.451103
12372.771277	1326.476667	1017.884766	83.364204
12372.771277	1326.476667	1016.726563	101.010094
12372.771277	1326.476667	1015.567383	25.357403
12372.771277	1326.476667	1014.407227	64.930122
12372.771277	1326.476667	1013.248047	-80.815834
12372.771277	1326.476667	1012.087891	155.976791
12372.771277	1326.476667	1010.927734	64.036491
12372.771277	1326.476667	1009.767578	46.298416
12372.771277	1326.476667	1008.606445	48.649456
12372.771277	1326.476667	1007.446289	22.844931
12372.771277	1326.476667	1006.285156	37.808891
12372.771277	1326.476667	1005.123047	-29.901943
12372.771277	1326.476667	1003.961914	115.435562
12372.771277	1326.476667	1002.799805	7.224905
12372.771277	1326.476667	1001.637695	104.809402
12372.771277	1326.476667	1000.475586	-54.795723
12372.771277	1326.476667	999.312500	71.228981
12372.771277	1326.476667	998.149414	126.132591
12372.771277	1326.476667	996.986328	-10.422674
12372.771277	1326.476667	995.823242	60.126255
12372.771277	1326.476667	994.659180	24.580732
12372.771277	1326.476667	993.496094	191.889603
12372.771277	1326.476667	992.332031	182.522156
12372.771277	1326.476667	991.166992	2.172795
12372.771277	1326.476667	990.002930	-52.982533
12372.771277	1326.476667	988.837891	156.742218
12372.771277	1326.476667	987.672852	151.851563
12372.771277	1326.476667	986.506836	45.865059
12372.771277	1326.476667	985.341797	30.151569
12372.771277	1326.476667	984.175781	3.455683
12372.771277	1326.476667	983.009766	-14.483196
12372.771277	1326.476667	981.843750	-28.428654
12372.771277	1326.476667	980.676758	-87.077469
12372.771277	1326.476667	979.509766	-14.136999
12372.771277	1326.476667	978.342773	0.643329
12372.771277	1326.476667	977.175781	-76.055733
12372.771277	1326.476667	976.007813	98.878082
12372.771277	1326.476667	974.839844	-98.862656
12372.771277	1326.476667	973.671875	-151.917999
12372.771277	1326.476667	972.503906	-50.095963
12372.771277	1326.476667	971.334961	25.418324
12372.771277	1326.476667	970.166016	115.117256
12372.771277	1326.476667	968.997070	81.382263
12372.771277	1326.476667	967.828125	-95.834923
12372.771277	1326.476667	966.658203	-48.788277
12372.771277	1326.476667	965.488281	-33.314503
12372.771277	1326.476667	964.318359	8.819390
12372.771277	1326.476667	963.148438	153.693069
12372.771277	1326.476667	961.977539	-22.140360
12372.771277	1326.476667	960.806641	132.079605
12372.771277	1326.476667	959.635742	61.997570
12372.771277	1326.476667	958.463867	166.311157
12372.771277	1326.476667	957.292969	3.087231
12372.771277	1326.476667	956.121094	32.997337
12372.771277	1326.476667	954.948242	84.901886
12372.771277	1326.476667	953.776367	73.445869
12372.771277	1326.476667	952.603516	-74.079544
12372.771277	1326.476667	951.430664	63.136444
12372.771277	1326.476667	950.257813	-88.999840
12372.771277	1326.476667	949.084961	64.566833
12372.771277	1326.476667	947.911133	111.373398
12372.771277	1326.476667	946.737305	90.504616
12372.771277	1326.476667	945.563477	160.699310
12372.771277	1326.476667	944.388672	98.709251
12372.771277	1326.476667	943.213867	4.734913
12372.771277	1326.476667	942.039063	18.543444
12372.771277	1326.476667	940.864258	17.510384
12372.771277	1326.476667	939.688477	87.289825
12372.771277	1326.476667	938.513672	-17.411137
12372.771277	1326.476667	937.337891	74.069633
12372.771277	1326.476667	936.161133	68.291740
12372.771277	1326.476667	934.985352	-29.829693
12372.771277	1326.476667	933.808594	-78.548576
12372.771277	1326.476667	932.631836	92.627098
12372.771277	1326.476667	931.454102	97.873848
12372.771277	1326.476667	930.277344	66.346085
12372.771277	1326.476667	929.099609	0.456843
12372.771277	1326.476667	927.921875	29.296293
12372.771277	1326.476667	926.743164	142.215256
12372.771277	1326.476667	925.565430	18.131809
12372.771277	1326.476667	924.386719	-95.126465
12372.771277	1326.476667	923.208008	22.015467
12372.771277	1326.476667	922.028320	-58.920223
12372.771277	1326.476667	920.849609	-40.831326
12372.771277	1326.476667	919.669922	-38.850269
12372.771277	1326.476667	919.474609	-3.053267
12372.771277	1326.476667	918.309570	30.050459
12372.771277	1326.476667	917.143555	-55.162022
12372.771277	1326.476667	915.977539	-60.774841
12372.771277	1326.476667	914.810547	-55.636944
12372.771277	1326.476667	913.644531	39.777729
12372.771277	1326.476667	912.477539	-96.960663
12372.771277	1326.476667	911.310547	-68.192596
12372.771277	1326.476667	910.143555	-99.592865
12372.771277	1326.476667	908.975586	-55.806332
12372.771277	1326.476667	907.807617	-57.136848
12372.771277	1326.476667	906.639648	-13.383722
12372.771277	1326.476667	905.471680	43.227955
12372.771277	1326.476667	904.303711	7.529242
12372.771277	1326.476667	903.134766	-51.759026
12372.771277	1326.476667	901.965820	-63.830822
12372.771277	1326.476667	900.796875	-73.756470
12372.771277	1326.476667	899.626953	-49.369823
12372.771277	1326.476667	898.457031	13.594120
12372.771277	1326.476667	897.287109	29.372171
12372.771277	1326.476667	896.117188	34.425266
12372.771277	1326.476667	894.947266	-74.086937
12372.771277	1326.476667	893.776367	31.662806
12372.771277	1326.476667	892.605469	13.144102
12372.771277	1326.476667	891.434570	97.412605
12372.771277	1326.476667	890.262695	-30.302116
12372.771277	1326.476667	889.091797	-31.683859
12372.771277	1326.476667	887.919922	1.172819
12372.771277	1326.476667	886.748047	19.035872
12372.771277	1326.476667	885.575195	-1.614658
12372.771277	1326.476667	884.403320	-75.729645
12372.771277	1326.476667	883.230469	-85.668320
12372.771277	1326.476667	882.057617	39.076046
12372.771277	1326.476667	880.883789	-56.383228
12372.771277	1326.476667	879.710938	-2.222576
12372.771277	1326.476667	878.537109	-14.317870
12372.771277	1326.476667	877.362305	-2.913779
12372.771277	1326.476667	876.188477	-27.825884
12372.771277	1326.476667	875.013672	28.408295
12372.771277	1326.476667	873.839844	14.166061
12372.771277	1326.476667	872.664063	46.884533
12372.771277	1326.476667	871.489258	92.387260
12372.771277	1326.476667	870.313477	-94.677765
12372.771277	1326.476667	869.138672	2.019905
12372.771277	1326.476667	867.962891	41.095535
12372.771277	1326.476667	866.786133	-5.133543
12372.771277	1326.476667	865.610352	8.338913
12372.771277	1326.476667	864.433594	-67.710243
12372.771277	1326.476667	863.256836	133.275574
12372.771277	1326.476667	862.079102	46.572662
12372.771277	1326.476667	860.902344	102.606750
12372.771277	1326.476667	859.724609	101.117538
12372.771277	1326.476667	858.546875	-34.507824
12372.771277	1326.476667	857.368164	-70.034050
12372.771277	1326.476667	856.190430	-58.731205
12372.771277	1326.476667	855.011719	58.952396
12372.771277	1326.476667	853.833008	-17.004787
12372.771277	1326.476667	852.654297	-80.174103
12372.771277	1326.476667	851.474609	14.037619
12372.771277	1326.476667	850.294922	-23.607943
12372.771277	1326.476667	849.115234	-78.248062
12372.771277	1326.476667	847.935547	-73.366692
12372.771277	1326.476667	846.754883	18.622980
12372.771277	1326.476667	845.575195	46.839123
12372.771277	1326.476667	844.393555	2.830840
12372.771277	1326.476667	843.212891	-36.919369
12372.771277	1326.476667	842.032227	-114.872070
12372.771277	1326.476667	840.850586	-48.464424
12372.771277	1326.476667	839.668945	34.887058
12372.771277	1326.476667	838.486328	-53.655186
12372.771277	1326.476667	837.304688	-33.985115
12372.771277	1326.476667	836.122070	70.503960
12372.771277	1326.476667	834.939453	22.278347
12372.771277	1326.476667	833.756836	-42.892498
12372.771277	1326.476667	832.573242	-88.965797
12372.771277	1326.476667	831.389648	-24.836058
12372.771277	1326.476667	830.206055	124.004929
12372.771277	1326.476667	829.022461	54.606892
12372.771277	1326.476667	827.838867	-46.534657
12372.771277	1326.476667	826.654297	61.972168
12372.771277	1326.476667	825.469727	79.402779
12372.771277	1326.476667	824.284180	-36.514034
12372.771277	1326.476667	823.099609	14.772199
12372.771277	1326.476667	821.914063	59.684933
12372.771277	1326.476667	820.728516	178.601181
12372.771277	1326.476667	819.542969	-59.919590
12372.771277	1326.476667	818.356445	-84.809273
12372.771277	1326.476667	817.169922	-12.460864
12372.771277	1326.476667	815.983398	19.695850
12372.771277	1326.476667	814.796875	70.848770
12372.771277	1326.476667	813.609375	-25.900833
12372.771277	1326.476667	812.422852	-0.120050
12372.771277	1326.476667	811.235352	-31.369919
12372.771277	1326.476667	810.046875	2.833330
12372.771277	1326.476667	808.859375	24.348429
12372.771277	1326.476667	807.670898	77.502480
12372.771277	1326.476667	806.482422	31.462585
12372.771277	1326.476667	805.293945	61.372707
12372.771277	1326.476667	804.104492	68.064514
12372.771277	1326.476667	802.915039	97.939529
12372.771277	1326.476667	801.725586	70.873619
12372.771277	1326.476667	800.536133	77.533188
12372.771277	1326.476667	799.345703	58.895405
12372.771277	1326.476667	798.155273	38.149891
12372.771277	1326.476667	796.964844	32.148102
12372.771277	1326.476667	795.774414	97.742485
12372.771277	1326.476667	794.583008	-21.983873
12372.771277	1326.476667	793.392578	134.094543
12372.771277	1326.476667	792.200195	22.810652
12372.771277	1326.476667	791.008789	-14.790241
12372.771277	1326.476667	789.816406	-54.487713
12372.771277	1326.476667	788.625000	71.983955
12372.771277	1326.476667	787.432617	-68.673874
12372.771277	1326.476667	786.239258	-3.241124
12372.771277	1326.476667	785.046875	-21.927116
12372.771277	1326.476667	783.853516	98.090057
12372.771277	1326.476667	782.660156	33.145630
12372.771277	1326.476667	781.465820	214.003265
12372.771277	1326.476667	780.272461	107.034744
12372.771277	1326.476667	779.078125	50.497463
12372.771277	1326.476667	777.883789	-20.723013
12372.771277	1326.476667	776.688477	-20.557886
12372.771277	1326.476667	775.494141	-3.617224
12372.771277	1326.476667	774.298828	4.914400
12372.771277	1326.476667	773.103516	-211.019318
12372.771277	1326.476667	771.907227	-57.760239
12372.771277	1326.476667	770.711914	-21.997961
12372.771277	1326.476667	769.515625	124.846062
12372.771277	1326.476667	768.318359	-28.099392
12372.771277	1326.476667	767.122070	13.887295
12372.771277	1326.476667	765.924805	110.317223
12372.771277	1326.476667	764.727539	168.992065
12372.771277	1326.476667	763.530273	26.588501
12372.771277	1326.476667	762.333008	78.950676
12372.771277	1326.476667	761.134766	43.360661
12372.771277	1326.476667	759.936523	62.188538
12372.771277	1326.476667	758.738281	133.306778
12372.771277	1326.476667	757.540039	114.427223
12372.771277	1326.476667	756.340820	26.521830
12372.771277	1326.476667	755.141602	93.384079
12372.771277	1326.476667	753.942383	11.766320
12372.771277	1326.476667	752.742188	72.308968
12372.771277	1326.476667	751.541992	-21.834135
12372.771277	1326.476667	750.341797	70.004913
12372.771277	1326.476667	749.141602	40.633160
12372.771277	1326.476667	747.941406	17.526119
12372.771277	1326.476667	746.740234	-26.464912
12372.771277	1326.476667	745.539063	203.031754
12372.771277	1326.476667	744.337891	-5.896074
12372.771277	1326.476667	743.135742	94.094093
12372.771277	1326.476667	741.933594	6.258255
12372.771277	1326.476667	740.731445	70.716461
12372.771277	1326.476667	739.529297	97.595604
12372.771277	1326.476667	738.326172	89.004723
12372.771277	1326.476667	737.124023	280.524872
12372.771277	1326.476667	735.919922	294.798187
12372.771277	1326.476667	734.716797	271.543732
12372.771277	1326.476667	733.513672	348.283661
12372.771277	1326.476667	732.309570	254.182571
12372.771277	1326.476667	731.105469	445.399963
12372.771277	1326.476667	729.900391	407.504242
12372.771277	1326.476667	728.696289	305.081024
12372.771277	1326.476667	727.491211	242.228699
12372.771277	1326.476667	726.286133	79.514923
12372.771277	1326.476667	725.080078	116.559891
12372.771277	1326.476667	723.874023	226.367828
12372.771277	1326.476667	722.668945	63.716484
12372.771277	1326.476667	721.461914	-59.380806
12372.771277	1326.476667	720.255859	175.062057
12372.771277	1326.476667	719.048828	18.715084
12372.771277	1326.476667	717.841797	97.191460
12372.771277	1326.476667	716.634766	136.153763
12372.771277	1326.476667	715.427734	89.937416
12372.771277	1326.476667	714.219727	97.710854
12372.771277	1326.476667	713.011719	14.126881
12372.771277	1326.476667	711.803711	125.656189
12372.771277	1326.476667	710.594727	133.373413
12372.771277	1326.476667	709.385742	-0.000216
12372.771277	1326.476667	708.176758	38.822395
12372.771277	1326.476667	706.967773	79.687927
12372.771277	1326.476667	705.758789	0.270203
12372.771277	1326.476667	704.548828	14.149689
12372.771277	1326.476667	703.338867	46.660461
12372.771277	1326.476667	702.127930	116.438622
12372.771277	1326.476667	700.917969	78.451729
12372.771277	1326.476667	699.707031	-108.653992
12372.771277	1326.476667	698.496094	-43.073227
12372.771277	1326.476667	697.285156	-43.782997
12372.771277	1326.476667	696.073242	75.542213
12372.771277	1326.476667	694.861328	-107.326416
12372.771277	1326.476667	693.649414	-10.826333
12372.771277	1326.476667	692.436523	-19.874743
12372.771277	1326.476667	691.224609	132.374542
12372.771277	1326.476667	690.011719	135.675995
12372.771277	1326.476667	688.798828	64.541573
12372.771277	1326.476667	687.584961	20.290892
12372.771277	1326.476667	686.372070	40.099831
12372.771277	1326.476667	685.158203	117.731544
12372.771277	1326.476667	683.943359	7.358913
12372.771277	1326.476667	682.729492	-32.771305
12372.771277	1326.476667	681.514648	-17.154799
12372.771277	1326.476667	680.299805	78.943184
12372.771277	1326.476667	679.084961	77.990974
12372.771277	1326.476667	677.869141	143.050293
12372.771277	1326.476667	676.653320	142.056122
12372.771277	1326.476667	675.437500	29.677969
12372.771277	1326.476667	674.221680	-45.551353
12372.771277	1326.476667	673.004883	66.838036
12372.771277	1326.476667	671.789063	125.577499
12372.771277	1326.476667	670.571289	-32.093891
12372.771277	1326.476667	669.354492	-33.133274
12372.771277	1326.476667	668.136719	99.701736
12372.771277	1326.476667	666.919922	-78.499481
12372.771277	1326.476667	665.701172	31.613342
12372.771277	1326.476667	664.483398	98.437714
12372.771277	1326.476667	663.264648	-24.122431
12372.771277	1326.476667	662.045898	168.174713
12372.771277	1326.476667	660.827148	152.600250
12372.771277	1326.476667	659.608398	112.337410
12372.771277	1326.476667	658.388672	139.938049
12372.771277	1326.476667	657.168945	99.669388
12372.771277	1326.476667	655.949219	135.457352
12372.771277	1326.476667	654.728516	-36.341064
12372.771277	1326.476667	653.507813	46.691818
12372.771277	1326.476667	652.287109	166.651840
12372.771277	1326.476667	651.066406	75.014740
12372.771277	1326.476667	649.844727	38.843048
12372.771277	1326.476667	648.623047	2.674610
12372.771277	1326.476667	647.401367	-27.332699
12372.771277	1326.476667	646.179688	-28.610849
12372.771277	1326.476667	644.957031	-23.745281
12372.771277	1326.476667	643.734375	34.436672
12372.771277	1326.476667	642.511719	82.328728
12372.771277	1326.476667	641.289063	68.682045
12372.771277	1326.476667	640.065430	34.532249
12372.771277	1326.476667	638.841797	145.892868
12372.771277	1326.476667	637.618164	7.223086
12372.771277	1326.476667	636.393555	81.647858
12372.771277	1326.476667	635.168945	98.684662
12372.771277	1326.476667	633.944336	74.751175
12372.771277	1326.476667	632.719727	79.479416
12372.771277	1326.476667	631.494141	-14.050090
12372.771277	1326.476667	630.269531	-17.509521
12372.771277	1326.476667	629.042969	114.054199
12372.771277	1326.476667	627.817383	106.459877
12372.771277	1326.476667	626.590820	199.067566
12372.771277	1326.476667	625.365234	44.228592
12372.771277	1326.476667	624.137695	-61.493698
12372.771277	1326.476667	622.911133	39.241085
12372.771277	1326.476667	621.683594	-3.107929
12372.771277	1326.476667	620.456055	111.856239
12372.771277	1326.476667	619.228516	145.065460
12372.771277	1326.476667	618.000977	55.731846
12372.771277	1326.476667	616.772461	-47.862438
12372.771277	1326.476667	615.543945	-73.855057
12372.771277	1326.476667	614.314453	-16.174322
12372.771277	1326.476667	613.085938	-50.336948
12372.771277	1326.476667	611.856445	-15.136319
12372.771277	1326.476667	610.626953	-112.519630
12372.771277	1326.476667	609.397461	-12.084791
12372.771277	1326.476667	608.166992	-11.587767
12372.771277	1326.476667	606.936523	-27.401031
12372.771277	1326.476667	605.706055	-39.137142
12372.771277	1326.476667	604.474609	-97.730286
12372.771277	1326.476667	603.244141	-34.093098
12372.771277	1326.476667	602.012695	35.621120
12372.771277	1326.476667	600.780273	-4.640122
12372.771277	1326.476667	599.548828	-22.496964
12372.771277	1326.476667	598.316406	-129.894211
12372.771277	1326.476667	597.083984	39.464622
12372.771277	1326.476667	595.851563	-10.948037
12372.771277	1326.476667	594.618164	-30.835442
12372.771277	1326.476667	593.384766	-12.083210
12372.771277	1326.476667	592.151367	8.691712
12372.771277	1326.476667	590.917969	25.390938
12372.771277	1326.476667	589.683594	-27.009588
12372.771277	1326.476667	588.449219	-48.915012
12372.771277	1326.476667	587.214844	-127.685936
12372.771277	1326.476667	585.979492	-76.455788
12372.771277	1326.476667	584.745117	-163.310501
12372.771277	1326.476667	583.509766	-10.601160
12372.771277	1326.476667	582.273438	6.067971
12372.771277	1326.476667	581.038086	-92.924675
12372.771277	1326.476667	579.801758	-76.245148
12372.771277	1326.476667	578.565430	13.441641
12372.771277	1326.476667	577.329102	13.870291
12372.771277	1326.476667	576.091797	6.190073
12372.771277	1326.476667	574.854492	83.642799
12372.771277	1326.476667	573.617188	294.808258
12372.771277	1326.476667	572.378906	48.007645
12372.771277	1326.476667	571.141602	-6.256189
12372.771277	1326.476667	569.903320	54.937645
12372.771277	1326.476667	568.664063	33.093754
12372.771277	1326.476667	567.425781	96.281418
12372.771277	1326.476667	566.186523	137.182266
12372.771277	1326.476667	564.947266	178.068314
12372.771277	1326.476667	563.708008	156.227371
12372.771277	1326.476667	562.467773	39.338459
12372.771277	1326.476667	561.227539	-20.877659
12372.771277	1326.476667	559.987305	-107.347084
12372.771277	1326.476667	558.747070	30.583675
12372.771277	1326.476667	557.505859	10.834372
12372.771277	1326.476667	556.264648	88.076401
12372.771277	1326.476667	555.023438	66.311378
12372.771277	1326.476667	553.781250	-32.182068
12372.771277	1326.476667	552.539063	36.955906
12372.771277	1326.476667	551.296875	31.377779
12372.771277	1326.476667	550.054688	-107.396317
12372.771277	1326.476667	548.811523	-32.219589
12372.771277	1326.476667	547.569336	20.738260
12372.771277	1326.476667	546.325195	-77.591438
12372.771277	1326.476667	545.082031	49.973942
12372.771277	1326.476667	543.837891	62.574032
12372.771277	1326.476667	542.593750	-45.764442
12372.771277	1326.476667	541.349609	-12.986726
12372.771277	1326.476667	540.105469	-12.454594
12372.771277	1326.476667	538.860352	-9.902651
12372.771277	1326.476667	537.615234	123.557106
12372.771277	1326.476667	536.369141	-12.840714
12372.771277	1326.476667	535.124023	15.895148
12372.771277	1326.476667	533.877930	-39.905758
12372.771277	1326.476667	532.631836	-49.397003
12372.771277	1326.476667	531.384766	63.837643
12372.771277	1326.476667	530.138672	-98.521698
12372.771277	1326.476667	528.891602	-126.077126
12372.771277	1326.476667	527.643555	17.273830
12372.771277	1326.476667	526.396484	-62.544628
12372.771277	1326.476667	525.148438	100.837051
12372.771277	1326.476667	523.900391	15.017129
12372.771277	1326.476667	522.652344	-18.533842
12372.771277	1326.476667	521.403320	174.871765
12372.771277	1326.476667	520.154297	2.766718
12372.771277	1326.476667	518.905273	69.624451
12372.771277	1326.476667	517.656250	60.191822
12372.771277	1326.476667	516.406250	70.832191
12372.771277	1326.476667	515.156250	65.422943
12372.771277	1326.476667	513.906250	88.099075
12372.771277	1326.476667	512.655273	2.482675
12372.771277	1326.476667	511.404297	-10.919052
12372.771277	1326.476667	510.153320	138.045425
12372.771277	1326.476667	508.902344	-11.646710
12372.771277	1326.476667	507.650391	7.025975
12372.771277	1326.476667	506.398438	79.776642
12372.771277	1326.476667	505.146484	108.437881
12372.771277	1326.476667	503.893555	89.032036
12372.771277	1326.476667	502.641602	-132.550888
12372.771277	1326.476667	501.388672	106.284958
12372.771277	1326.476667	500.134766	-17.160652
12372.771277	1326.476667	498.881836	119.517365
12372.771277	1326.476667	497.627930	8.119354
12372.771277	1326.476667	496.374023	16.747921
12372.771277	1326.476667	495.119141	-4.619712
12372.771277	1326.476667	493.865234	-23.983353
12372.771277	1326.476667	492.610352	118.526558
12372.771277	1326.476667	491.355469	217.014954
12372.771277	1326.476667	490.099609	145.663498
12372.771277	1326.476667	488.843750	30.399849
12372.771277	1326.476667	487.587891	160.769073
12372.771277	1326.476667	486.332031	-28.325842
12372.771277	1326.476667	485.075195	227.717987
12372.771277	1326.476667	483.818359	166.374496
12372.771277	1326.476667	482.561523	7.293582
12372.771277	1326.476667	481.304688	145.453293
12372.771277	1326.476667	480.046875	235.680954
12372.771277	1326.476667	478.789063	130.476746
12372.771277	1326.476667	477.531250	47.227238
12372.771277	1326.476667	476.272461	99.508171
12372.771277	1326.476667	475.013672	151.747833
12372.771277	1326.476667	473.754883	291.592010
12372.771277	1326.476667	472.496094	182.415863
12372.771277	1326.476667	471.236328	204.676254
12372.771277	1326.476667	469.976563	193.063095
12372.771277	1326.476667	468.716797	185.410934
12372.771277	1326.476667	467.456055	249.368317
12372.771277	1326.476667	466.196289	136.217300
12372.771277	1326.476667	464.935547	148.388596
12372.771277	1326.476667	463.673828	130.696487
12372.771277	1326.476667	462.413086	198.467453
12372.771277	1326.476667	461.151367	286.051392
12372.771277	1326.476667	459.889648	162.916260
12372.771277	1326.476667	458.626953	244.435715
12372.771277	1326.476667	457.364258	222.589874
12372.771277	1326.476667	456.101563	200.712341
12372.771277	1326.476667	454.838867	305.873444
12372.771277	1326.476667	453.575195	353.376129
12372.771277	1326.476667	452.312500	251.962921
12372.771277	1326.476667	451.047852	416.427795
12372.771277	1326.476667	449.784180	384.375336
12372.771277	1326.476667	448.519531	266.998016
12372.771277	1326.476667	447.254883	215.051666
12372.771277	1326.476667	445.990234	303.826904
12372.771277	1326.476667	444.725586	289.434601
12372.771277	1326.476667	443.459961	237.333130
12372.771277	1326.476667	442.194336	185.187454
12372.771277	1326.476667	440.927734	295.419586
12372.771277	1326.476667	439.662109	223.340149
12372.771277	1326.476667	438.395508	301.691101
12372.771277	1326.476667	437.127930	312.626221
12372.771277	1326.476667	435.861328	275.980652
12372.771277	1326.476667	434.593750	356.006073
12372.771277	1326.476667	433.326172	340.955627
12372.771277	1326.476667	432.058594	319.889740
12372.771277	1326.476667	430.790039	421.334320
12372.771277	1326.476667	429.521484	277.499542
12372.771277	1326.476667	428.252930	426.150116
12372.771277	1326.476667	426.984375	463.973114
12372.771277	1326.476667	425.714844	339.668121
12372.771277	1326.476667	424.445313	456.283661
12372.771277	1326.476667	423.174805	385.126892
12372.771277	1326.476667	421.905273	444.193481
12372.771277	1326.476667	420.634766	299.795410
12372.771277	1326.476667	419.364258	279.664856
12372.771277	1326.476667	418.092773	358.064758
12372.771277	1326.476667	416.822266	302.158661
12372.771277	1326.476667	415.550781	315.163696
12372.771277	1326.476667	414.278320	276.750549
12372.771277	1326.476667	413.006836	275.666077
12372.771277	1326.476667	411.734375	288.223175
12372.771277	1326.476667	410.461914	367.615417
12372.771277	1326.476667	409.188477	234.039932
12372.771277	1326.476667	407.916016	500.199127
12372.771277	1326.476667	406.642578	433.268311
12372.771277	1326.476667	405.368164	413.437927
12372.771277	1326.476667	404.094727	336.354736
12372.771277	1326.476667	402.820313	381.126495
12372.771277	1326.476667	401.545898	392.238464
12372.771277	1326.476667	400.270508	405.110565
12372.771277	1326.476667	398.996094	274.210114
12372.771277	1326.476667	397.720703	390.898621
12372.771277	1326.476667	396.444336	346.119537
12372.771277	1326.476667	395.168945	185.185013
12372.771277	1326.476667	393.892578	220.583145
12372.771277	1326.476667	392.616211	399.141724
12372.771277	1326.476667	391.339844	280.802673
12372.771277	1326.476667	390.062500	366.484650
12372.771277	1326.476667	388.785156	410.646393
12372.771277	1326.476667	387.507813	291.613739
12372.771277	1326.476667	386.229492	343.087036
12372.771277	1326.476667	384.951172	115.663414
12372.771277	1326.476667	383.672852	197.979355
12372.771277	1326.476667	382.394531	168.185867
12372.771277	1326.476667	381.115234	259.664001
12372.771277	1326.476667	379.835938	197.896393
12372.771277	1326.476667	378.556641	200.517517
12372.771277	1326.476667	377.277344	279.233032
12372.771277	1326.476667	375.997070	100.950691
12372.771277	1326.476667	374.716797	139.807800
12372.771277	1326.476667	373.435547	268.367584
12372.771277	1326.476667	372.155273	53.926838
12372.771277	1326.476667	370.874023	150.414505
12372.771277	1326.476667	369.591797	101.670715
12372.771277	1326.476667	368.310547	56.488518
12372.771277	1326.476667	367.028320	200.658020
12372.771277	1326.476667	365.746094	86.227379
12372.771277	1326.476667	364.463867	118.073021
12372.771277	1326.476667	363.180664	116.243790
12372.771277	1326.476667	361.897461	135.482071
12372.771277	1326.476667	360.614258	191.395706
12372.771277	1326.476667	359.330078	37.803009
12372.771277	1326.476667	358.045898	47.869637
12372.771277	1326.476667	356.761719	22.313229
12372.771277	1326.476667	355.477539	64.610535
12372.771277	1326.476667	354.192383	123.948288
12372.771277	1326.476667	352.907227	46.161270
12372.771277	1326.476667	351.622070	135.668518
12372.771277	1326.476667	350.336914	62.718460
12372.771277	1326.476667	349.050781	78.947166
12372.771277	1326.476667	347.764648	-28.210251
12372.771277	1326.476667	346.477539	41.473774
12372.771277	1326.476667	345.191406	28.717173
12372.771277	1326.476667	343.904297	36.790844
12372.771277	1326.476667	342.616211	-31.729256
12372.771277	1326.476667	341.329102	-30.709606
12372.771277	1326.476667	340.041016	59.225742
12372.771277	1326.476667	338.752930	-83.173103
12372.771277	1326.476667	337.463867	-6.264863
12372.771277	1326.476667	336.175781	73.848145
12372.771277	1326.476667	334.886719	85.131325
12372.771277	1326.476667	333.596680	-30.734676
12372.771277	1326.476667	332.307617	-85.021675
12372.771277	1326.476667	331.017578	-73.938507
12372.771277	1326.476667	329.727539	-129.692673
12372.771277	1326.476667	328.436523	-145.400726
12372.771277	1326.476667	327.146484	-0.603527
12372.771277	1326.476667	325.855469	-41.215546
12372.771277	1326.476667	324.563477	-138.964340
12372.771277	1326.476667	323.272461	-45.260490
12372.771277	1326.476667	321.980469	-4.878847
12372.771277	1326.476667	320.688477	-114.811752
12372.771277	1326.476667	319.395508	-126.650185
12372.771277	1326.476667	318.103516	42.991791
12372.771277	1326.476667	316.810547	-100.632729
12372.771277	1326.476667	315.516602	3.034682
12372.771277	1326.476667	314.223633	-55.170509
12372.771277	1326.476667	312.929688	40.700489
12372.771277	1326.476667	311.635742	-69.862961
12372.771277	1326.476667	310.340820	27.808329
12372.771277	1326.476667	309.045898	0.443824
12372.771277	1326.476667	307.750977	32.069580
12372.771277	1326.476667	306.456055	-38.065010
12372.771277	1326.476667	305.160156	70.716118
12372.771277	1326.476667	303.865234	39.036537
12372.771277	1326.476667	302.568359	147.400620
12372.771277	1326.476667	301.272461	289.414917
12372.771277	1326.476667	299.975586	157.465027
12372.771277	1326.476667	298.678711	308.595367
