2000.04395	52.16653000000001
1901.7627	80.87269
1900.78027	-110.56157999999999
1899.79785	-33.816660000000006
1898.81543	-76.17874
1897.83203	-32.89259999999999
1896.84961	-119.03295
1895.86621	-91.70104
1894.88281	-123.50043999999998
1893.89844	-50.940290000000005
1892.91504	-107.28808
1891.93066	-241.2485
1890.94727	-30.024279999999997
1889.96289	-164.43372
1888.97754	-234.27734999999998
1887.99316	-63.50975
1887.00781	-170.89351
1886.02344	-123.97923
1885.03809	61.256859999999996
1884.05176	-0.19971999999999923
1883.06641	-96.15267
1882.08106	-38.82011
1881.09473	-194.72373
1880.1084	-103.0847
1879.12207	-15.586509999999997
1878.13574	12.94198
1877.14844	-2.06076
1876.16211	17.58487
1875.17481	-168.93234999999999
1874.1875	-152.63408
1873.19922	-135.82541
1872.21191	-5.87875
1871.22363	64.48786999999999
1870.23633	28.03899
1869.24805	-5.689059999999998
1868.25879	-57.35602
1867.27051	-14.653550000000001
1866.28223	129.83755
1865.29297	106.06425
1864.30371	-85.65707
1863.31445	64.0206
1862.32422	38.05909
1861.33496	12.834999999999994
1860.34473	33.774519999999995
1859.35449	-83.69636
1858.36426	-44.84764
1857.37402	-171.12424
1856.38379	93.52609
1855.39258	-70.9806
1854.40137	-23.806640000000005
1853.41016	213.66769999999997
1852.41895	-31.893680000000003
1851.42676	-148.03283
1850.43555	-221.13182
1849.44336	-147.39943
1848.45117	57.96862
1847.45898	-119.39648
1846.4668	-63.293610000000015
1845.47363	-31.88491
1844.48047	-66.52363
1843.48731	-38.08923
1842.49414	-76.5471
1841.50098	-201.10322000000002
1840.50684	-117.19006999999999
1839.51367	15.05689000000001
1838.51953	-81.10678
1837.52539	64.72897999999999
1836.53027	59.80025
1835.53613	-204.38497999999998
1834.54102	1.5944000000000074
1833.5459	-18.2515
1832.55078	54.30390000000001
1831.55566	-126.98751
1830.56055	-174.60086
1829.56445	-113.7113
1828.56836	-219.25758
1827.57227	-69.96007999999999
1826.57617	-70.06162
1825.58008	-265.04422999999997
1824.58301	2.237919999999999
1823.58594	-138.77573999999998
1822.58887	6.64452
1821.5918	75.35217999999999
1820.59473	41.47555
1819.59668	-139.79295000000002
1818.59961	-94.06589000000001
1817.60156	-163.04914000000002
1816.60352	9.205290000000005
1815.60449	-183.31514
1814.60645	-25.19337999999999
1813.60742	-172.7489
1812.6084	-76.60993
1811.60938	-33.10038999999999
1810.61035	-33.49368
1809.61035	-232.53878
1808.61133	-180.01486
1807.61133	-80.3232
1806.61133	-67.54149
1805.61035	-85.57734999999998
1804.61035	17.82566
1803.60938	-62.04056999999999
1802.6084	-86.70106
1801.60742	-31.66618000000001
1800.60645	-44.113690000000005
1799.60547	-140.92849999999999
1798.60352	-50.678769999999986
1797.60156	7.8980900000000105
1796.59961	-134.31789
1795.59766	-60.07868000000002
1794.5957	-61.05652
1793.59277	82.98749
1792.58984	-85.23916
1791.58789	-38.031409999999994
1790.58398	1.8258900000000011
1789.58106	-169.66942
1788.57715	-149.66385
1787.57422	-217.09843999999998
1786.57031	-37.95796
1785.56641	-79.14562000000001
1784.56152	87.62644
1783.55762	-48.477079999999994
1782.55273	-51.7054
1781.54785	43.695769999999996
1780.54297	-3.6010100000000023
1779.53809	6.42953
1778.53223	67.2731
1777.52734	-66.12774999999999
1776.52148	-181.08452
1775.51563	-73.0742
1774.50879	36.65681
1773.50293	18.12235
1772.49609	-215.59185
1771.48926	-77.75704999999999
1770.48242	-95.74045
1769.47559	-198.69115000000002
1768.46777	-212.92086
1767.46094	-204.03894
1766.45313	-278.57537
1765.44531	-194.1781
1764.4375	-88.66210999999998
1763.42871	-230.31962000000001
1762.4209	-102.58537
1761.41211	-232.06929
1760.40332	-147.82567
1759.39356	-208.49615
1758.38477	-199.79498
1757.375	-139.61944
1756.36621	-178.43523
1755.35645	-161.69039
1754.3457	-39.28779
1753.33594	-115.43286999999998
1752.3252	-89.14803
1751.31543	-102.19468
1750.30469	18.50996
1749.29297	-45.199690000000004
1748.28223	-5.718530000000001
1747.27051	99.10042
1746.25977	-5.30818
1745.24805	37.68506
1744.23535	74.25835000000001
1743.22363	92.59711999999999
1742.21191	-111.17984
1741.19922	92.88454999999999
1740.18652	69.26547000000001
1739.17383	113.47422
1738.16016	-92.14953999999999
1737.14746	-123.76327
1736.13379	-23.47908
1735.12012	-3.3590199999999992
1734.10645	53.437509999999996
1733.0918	-30.524639999999998
1732.07813	125.72635000000001
1731.06348	4.592790000000001
1730.04883	-43.434290000000004
1729.03418	-56.93637
1728.01953	-180.63450999999998
1727.00391	-87.43898
1725.98828	-56.937659999999994
1724.97266	-156.26744
1723.95703	-115.20459
1722.94141	-181.90439
1721.92481	-6.916909999999994
1720.90918	-152.83850999999999
1719.89258	-284.55279
1718.87598	-283.68350000000004
1717.8584	-155.00234999999998
1716.8418	-259.38718
1715.82422	-341.89955
1714.80664	-342.12775999999997
1713.78906	-328.43653
1712.77051	-404.56179
1711.75293	-380.32244
1710.73438	-504.32926
1709.71582	-280.95414999999997
1708.69727	-467.54908
1707.67871	-504.11842
1706.65918	-612.46971
1705.64063	-441.50006
1704.62109	-427.61381
1703.60059	-409.20897
1702.58106	-556.72361
1701.56152	-431.49795
1700.54102	-376.54622
1699.52051	-563.86427
1698.5	-356.39265
1697.47852	-618.67245
1696.45801	-415.21810999999997
1695.43652	-560.2762899999999
1694.41504	-438.91408
1693.39356	-654.20561
1692.37207	-505.77444
1691.34961	-656.23927
1690.32715	-761.96083
1689.30469	-713.73948
1688.28223	-672.06918
1687.25977	-804.34836
1686.23633	-717.75612
1685.21387	-829.69361
1684.19043	-862.7696
1683.16602	-841.22092
1682.14258	-916.1965
1681.11914	-755.57523
1680.09473	-898.1019100000001
1679.07031	-989.83255
1678.0459	-951.26963
1677.02051	-984.5340699999999
1675.99609	-993.5784999999998
1674.9707	-1014.63897
1673.94531	-1197.7374599999998
1672.91992	-1042.5927299999998
1671.89356	-1181.23153
1670.86816	-1098.2623600000002
1669.8418	-1265.7386600000002
1668.81543	-1022.4190399999999
1667.78906	-1116.92993
1666.76172	-1113.37298
1665.73535	-1311.81332
1664.70801	-1236.1920499999999
1663.68066	-1230.5488
1662.65332	-1181.50727
1661.625	-1443.39788
1660.59766	-1446.85432
1659.56934	-1423.41092
1658.54102	-1350.27114
1657.5127	-1537.5715599999999
1656.4834	-1676.7884399999998
1655.45508	-1748.5504
1654.42578	-1556.7449299999998
1653.39648	-1534.03332
1652.36621	-1623.3295600000001
1651.33691	-1774.1538500000001
1650.30664	-1884.1479800000002
1649.27637	-1988.13806
1648.24609	-2139.27178
1647.21582	-2104.55195
1646.18555	-2244.11747
1645.1543	-2370.9203899999998
1644.12305	-2554.51131
1643.0918	-2637.07369
1642.06055	-2690.48324
1641.02832	-2727.38173
1639.99707	-2919.1895799999998
1638.96484	-3130.2296100000003
1637.93164	-3012.3752200000004
1636.89941	-2992.1665399999997
1635.86719	-3192.8143600000003
1634.83398	-3232.8330100000003
1633.80078	-3303.0709500000003
1632.76758	-3307.63001
1631.73438	-3451.51171
1630.7002	-3602.21526
1629.66602	-3591.42355
1628.63184	-3598.0276799999997
1627.59766	-3850.554
1626.56348	-3906.5731100000003
1625.52832	-4141.41135
1624.49316	-4330.972119999999
1623.45801	-4301.28477
1622.42285	-4297.7955600000005
1621.3877	-4564.7040099999995
1620.35156	-4678.74334
1619.31543	-4772.97758
1618.2793	-4917.66816
1617.24316	-5111.93858
1616.20703	-5172.1538
1615.16992	-5426.3491
1614.13281	-5543.16283
1613.0957	-5687.33506
1612.05859	-5854.8661
1611.02051	-6150.4287699999995
1609.9834	-6419.68636
1608.94531	-6923.4293
1607.90723	-7062.9998
1606.86816	-7321.940310000001
1605.83008	-7582.01619
1604.79102	-8028.712390000001
1603.75195	-8367.09128
1602.71289	-8886.98966
1601.67383	-9469.36852
1600.63379	-10420.761489999999
1599.59473	-11051.43886
1598.55469	-11775.634729999998
1597.51367	-12651.13756
1596.47363	-14134.199970000001
1595.43359	-14915.10773
1594.39258	-15815.074349999999
1593.35156	-17040.662190000003
1592.31055	-18372.581140000002
1591.26856	-19803.65856
1590.22754	-20942.96413
1589.18555	-22408.36932
1588.14356	-23364.000179999995
1587.10059	-23769.069239999997
1586.05859	-24518.48216
1585.01563	-24734.92196
1583.97266	-24516.43812
1582.92969	-24510.893109999997
1581.88672	-23935.516689999997
1580.84375	-23183.1519
1579.79981	-22672.53675
1578.75586	-22258.89661
1577.71191	-21953.82013
1576.66699	-21929.51181
1575.62305	-22451.055529999998
1574.57813	-23905.16424
1573.5332	-25575.5625
1572.48828	-27059.211199999998
1571.44336	-27952.14826
1570.39746	-27535.465820000005
1569.35156	-26716.462140000003
1568.30566	-24827.522810000002
1567.25977	-22343.85972
1566.21387	-20632.170579999998
1565.16699	-18896.44003
1564.12012	-17212.03472
1563.07324	-15673.758650000002
1562.02637	-14502.72623
1560.97852	-13450.593660000002
1559.93066	-12911.58422
1558.88379	-12196.952440000001
1557.83496	-11446.29228
1556.78711	-10678.53704
1555.73926	-10536.54621
1554.69043	-10236.505149999999
1553.6416	-10097.97055
1552.59277	-9731.24935
1551.54297	-9868.915420000001
1550.49414	-9922.898739999999
1549.44434	-10160.47089
1548.39453	-10485.71205
1547.34473	-10630.19764
1546.29395	-10906.20638
1545.24414	-10982.946919999998
1544.19336	-10854.10464
1543.14258	-10851.65661
1542.09082	-10590.20342
1541.04004	-10461.35743
1539.98828	-9908.76595
1538.93652	-9526.853469999998
1537.88477	-9038.742040000001
1536.83301	-9089.42668
1535.78027	-8511.8163
1534.72754	-7800.28212
1533.67481	-7638.4617800000005
1532.62207	-7239.84932
1531.56934	-7008.945479999999
1530.51563	-6600.14587
1529.46191	-6183.49487
1528.4082	-6063.12762
1527.35449	-5796.690710000001
1526.29981	-5433.101189999999
1525.24609	-5133.37666
1524.19141	-4670.01213
1523.13672	-4660.6484
1522.08106	-4403.99125
1521.02637	-4150.78135
1519.9707	-4002.27856
1518.91504	-3736.36426
1517.85938	-3623.69917
1516.80273	-3418.94815
1515.74707	-3254.4459
1514.69043	-2915.65823
1513.63379	-2917.7621
1512.57715	-2872.0182
1511.51953	-2906.70204
1510.46191	-2707.3773199999996
1509.40527	-2596.74237
1508.34668	-2651.3482
1507.28906	-2587.70654
1506.23145	-2327.44796
1505.17285	-2412.02957
1504.11426	-2328.54229
1503.05566	-2365.19854
1501.99609	-2306.09175
1500.9375	-2330.3612500000004
1499.87793	-2142.62516
1498.81836	-2146.7546
1497.75781	-2229.0520500000002
1496.69824	-2172.23132
1495.6377	-2030.66206
1494.57715	-2307.18444
1493.5166	-2308.5757
1492.45606	-2510.1357000000003
1491.39453	-2344.7591899999998
1490.33301	-2198.778
1489.27148	-2303.46015
1488.20996	-2539.7735
1487.14844	-2522.78344
1486.08594	-2473.9670100000003
1485.02344	-2452.24759
1483.96094	-2662.93179
1482.89844	-2451.86719
1481.83496	-2193.3710199999996
1480.77246	-2381.58255
1479.70898	-2154.89012
1478.64453	-2339.39791
1477.58106	-2574.95654
1476.51758	-3032.07443
1475.45313	-3158.2579699999997
1474.38867	-3518.77797
1473.32324	-3672.86664
1472.25879	-3646.02438
1471.19336	-3530.3692599999995
1470.12793	-3146.19657
1469.0625	-3180.5675300000003
1467.99707	-2981.12238
1466.93066	-2612.98439
1465.86523	-2525.67196
1464.79883	-2402.7975
1463.73145	-2467.5265400000003
1462.66504	-2637.8399299999996
1461.59766	-2514.76017
1460.53027	-2286.09046
1459.46289	-2387.94931
1458.39551	-2230.8019600000002
1457.32715	-2072.77845
1456.25977	-1728.82355
1455.19141	-1376.62208
1454.12305	-1146.9607299999998
1453.05371	-1088.24545
1451.98535	-901.4248899999999
1450.91602	-678.9129899999999
1449.84668	-516.8498
1448.77637	-711.33105
1447.70703	-480.8894499999999
1446.63672	-593.8446600000001
1445.56641	-332.79591000000005
1444.49609	-427.04263
1443.42578	-241.40247999999997
1442.35449	-283.77424
1441.2832	-289.17555000000004
1440.21191	-407.32012
1439.14063	-298.22082
1438.06934	-296.33527999999995
1436.99707	-360.12552000000005
1435.92481	-442.58709999999996
1434.85254	-449.80879999999996
1433.78027	-206.73807999999997
1432.70703	-283.13660000000004
1431.63379	-421.41445
1430.56055	-415.30446
1429.48731	-303.1456
1428.41309	-392.43169
1427.33984	-312.91184
1426.26563	-376.35865
1425.19141	-359.12737
1424.11621	-432.91456999999997
1423.04199	-417.21537
1421.9668	-436.91535
1420.8916	-260.12872000000004
1419.81641	-380.30172
1418.74023	-377.42378999999994
1417.66504	-482.87081
1416.58887	-487.69853
1415.5127	-621.57948
1414.43555	-683.44943
1413.35938	-470.64074
1412.28223	-640.19626
1411.20508	-592.2112500000001
1410.12793	-664.4651200000001
1409.04981	-879.65799
1407.97266	-923.74099
1406.89453	-841.55592
1405.81641	-1049.98454
1404.73731	-1047.5066299999999
1403.65918	-961.4207200000001
1402.58008	-959.5261599999999
1401.50098	-894.07174
1400.42188	-869.83381
1399.3418	-830.34553
1398.2627	-626.1913
1397.18262	-517.65524
1396.10254	-521.5671199999999
1395.02148	-362.39327999999995
1393.94141	-473.21153999999996
1392.86035	-510.66720999999995
1391.7793	-308.6168
1390.69824	-222.37815
1389.61621	-384.77969
1388.53516	-587.7152900000001
1387.45313	-539.41228
1386.37109	-570.81393
1385.28809	-370.31148
1384.20606	-399.88296
1383.12305	-351.68397999999996
1382.04004	-379.48207
1380.95703	-426.21765
1379.87305	-574.73617
1378.78906	-438.68598000000003
1377.70508	-587.04469
1376.62109	-569.96508
1375.53711	-461.03131
1374.45215	-461.70270000000005
1373.36719	-505.98024
1372.28223	-508.96817999999996
1371.19727	-656.99613
1370.11231	-512.44248
1369.02637	-385.11369
1367.94043	-426.80066999999997
1366.85449	-417.16287
1365.76758	-288.60933
1364.68164	-332.57183
1363.59473	-358.44697
1362.50781	-383.20805
1361.41992	-259.13964
1360.33301	-295.7398
1359.24512	-218.49885
1358.15723	-196.01385
1357.06934	-55.22028
1355.98145	-121.19565
1354.89258	-252.9097
1353.80371	-189.07025
1352.71484	-35.27451
1351.625	112.89275
1350.53613	-14.592510000000004
1349.44629	-6.0751200000000125
1348.35645	-46.53641999999999
1347.2666	-57.616690000000006
1346.17578	-3.0157100000000128
1345.08594	32.15457000000001
1343.99512	142.19292
1342.90332	92.01767999999998
1341.8125	-2.054329999999993
1340.7207	282.08232999999996
1339.62988	112.17063999999999
1338.53809	46.88820000000001
1337.44531	95.79357999999996
1336.35352	11.016590000000008
1335.26074	-37.98197999999999
1334.16797	108.39162999999999
1333.0752	39.82826
1331.98145	-72.06044
1330.88867	-20.35987
1329.79492	-77.46767000000003
1328.70117	-70.02221999999998
1327.60645	-78.41938999999999
1326.5127	-95.03847999999999
1325.41797	67.84140000000002
1324.32324	-29.719009999999997
1323.22754	-165.89753
1322.13281	-12.580389999999966
1321.03711	-96.51301000000001
1319.94141	-311.99391
1318.8457	-329.44217
1317.75	-269.52021
1316.65332	-373.41946
1315.55664	-565.3878199999999
1314.45996	-435.45698000000004
1313.36328	-508.0378099999999
1312.26563	-602.415
1311.16797	-617.11441
1310.07031	-587.0014400000001
1308.97266	-652.07087
1307.87402	-834.13942
1306.77637	-809.20029
1305.67773	-878.01946
1304.5791	-785.0113899999999
1303.47949	-950.53464
1302.38086	-912.52089
1301.28125	-1047.93925
1300.18164	-1282.69025
1299.08106	-1342.17988
1297.98145	-1425.4527199999998
1296.88086	-1621.2735799999998
1295.78027	-1703.2838900000002
1294.67969	-1966.97788
1293.57813	-2225.2866
1292.47656	-2335.5230899999997
1291.375	-2507.74581
1290.27344	-2647.07002
1289.17188	-2855.0189900000005
1288.06934	-2808.7377500000002
1286.9668	-2840.0198500000006
1285.86426	-3063.5676699999995
1284.76172	-2830.4303599999994
1283.6582	-2913.21564
1282.55469	-2916.9750599999998
1281.45117	-2913.96818
1280.34766	-2744.2583300000006
1279.24414	-2618.30395
1278.13965	-2188.12144
1277.03516	-2223.85378
1275.93066	-2016.9887899999999
1274.8252	-1639.5760500000001
1273.7207	-1413.7044600000002
1272.61523	-1340.08202
1271.50879	-1256.3976400000001
1270.40332	-1310.49499
1269.29785	-1178.81949
1268.19141	-972.3734400000001
1267.08496	-933.44812
1265.97754	-790.5755
1264.87109	-693.05248
1263.76367	-750.8491399999999
1262.65625	-674.25319
1261.54883	-723.59518
1260.44043	-679.62606
1259.33301	-711.4297700000001
1258.22461	-667.51934
1257.11523	-692.67184
1256.00684	-667.94892
1254.89746	-740.3641700000001
1253.78809	-710.0456700000001
1252.67871	-735.18301
1251.56934	-800.43429
1250.45898	-573.16211
1249.34961	-661.14962
1248.23926	-712.4986600000001
1247.12793	-590.15956
1246.01758	-574.85974
1244.90625	-547.3345400000001
1243.79492	-666.65319
1242.68359	-536.15995
1241.57129	-431.24942000000004
1240.45996	-360.04540000000003
1239.34766	-444.56498
1238.23438	-386.38699
1237.12207	-428.7963
1236.00879	-387.24285000000003
1234.89648	-537.9198100000001
1233.78223	-498.03157999999996
1232.66895	-678.87294
1231.55566	-603.50765
1230.44141	-540.72923
1229.32715	-495.66395
1228.21191	-610.51279
1227.09766	-542.94964
1225.98242	-567.8356699999999
1224.86719	-475.23524
1223.75195	-385.40923
1222.63574	-397.49983000000003
1221.52051	-495.88381000000004
1220.4043	-403.82054
1219.28711	-363.20758
1218.1709	-309.23248
1217.05371	-374.53787
1215.93652	-492.72271
1214.81934	-552.28111
1213.70215	-594.74423
1212.58398	-746.65434
1211.46582	-680.81074
1210.34766	-675.9126
1209.22949	-891.94948
1208.11035	-958.94876
1206.99219	-1000.2896699999999
1205.87305	-1246.65517
1204.75293	-1286.5151099999998
1203.63379	-1521.59257
1202.51367	-1657.84277
1201.39356	-2037.4650599999998
1200.27344	-2300.22493
1199.15234	-2535.65857
1198.03223	-2841.8582
1196.91113	-3140.34996
1195.79004	-3579.85651
1194.66797	-3854.67703
1193.5459	-4276.27726
1192.42481	-4508.71674
1191.30176	-4743.27637
1190.17969	-5010.6433400000005
1189.05664	-5132.853520000001
1187.93359	-5200.62551
1186.81055	-5182.67013
1185.6875	-5194.85034
1184.56348	-5073.30082
1183.44043	-4941.51188
1182.31641	-4936.40855
1181.19141	-4721.39136
1180.06738	-4333.4956999999995
1178.94238	-3903.37027
1177.81738	-3272.14599
1176.69238	-2691.4906300000002
1175.56641	-2301.0616099999997
1174.44043	-1942.8295099999998
1173.31445	-1512.73473
1172.18848	-1340.42684
1171.0625	-1232.98153
1169.93555	-1063.1834999999999
1168.80859	-959.9180299999999
1167.68164	-945.0278699999999
1166.55371	-824.02539
1165.42676	-662.53581
1164.29883	-749.42645
1163.1709	-694.26288
1162.04199	-639.60279
1160.91406	-592.9385599999999
1159.78516	-575.74057
1158.65625	-348.10879000000006
1157.52637	-318.60922
1156.39746	-205.7046
1155.26758	-208.56302
1154.1377	-88.50949
1153.00684	-135.68429
1151.87695	-157.22271999999998
1150.74609	-102.08492000000001
1149.61523	-61.57403
1148.48438	81.67436
1147.35254	-5.484880000000004
1146.2207	113.00201
1145.08887	217.7188
1143.95703	76.81232
1142.8252	140.53361999999998
1141.69238	4.465949999999999
1140.55957	31.093020000000003
1139.42676	-29.518209999999996
1138.29297	-54.84958
1137.15918	-214.5677
1136.02539	-121.74187999999998
1134.8916	-186.19755
1133.75781	-271.94455999999997
1132.62305	-260.22429000000005
1131.48828	-412.55003000000005
1130.35352	-481.30038000000013
1129.21777	-583.1302800000001
1128.08301	-759.9047899999999
1126.94727	-798.6341800000001
1125.81152	-970.6293199999999
1124.67481	-1111.12207
1123.53906	-1123.97088
1122.40234	-1093.8600999999999
1121.26563	-1264.9150100000002
1120.12793	-1450.22861
1118.99023	-1528.3466899999999
1117.85352	-1787.4294300000001
1116.71484	-2027.94999
1115.57715	-2248.77808
1114.43945	-2597.82964
1113.30078	-2633.5860199999997
1112.16211	-2895.7094300000003
1111.02246	-3099.54682
1109.88379	-3413.4120999999996
1108.74414	-3628.1178399999994
1107.60449	-3841.5496300000004
1106.46387	-3908.3052900000002
1105.32422	-4154.156859999999
1104.18359	-4199.358050000001
1103.04297	-4506.74531
1101.90234	-4988.9888200000005
1100.76074	-5282.83627
1099.61914	-5704.95089
1098.47754	-6275.1956900000005
1097.33594	-6940.65302
1096.19336	-7745.13466
1095.05176	-8699.87968
1093.90918	-9800.98973
1092.76563	-11194.73561
1091.62305	-12454.69291
1090.47949	-13921.697779999999
1089.33594	-15496.641179999999
1088.19238	-16964.84433
1087.04785	-18357.81488
1085.90332	-19633.56952
1084.75879	-20953.92826
1083.61426	-22167.94449
1082.46973	-23135.076950000002
1081.32422	-24245.11288
1080.17871	-25180.05637
1079.0332	-26234.774989999998
1077.88672	-27577.490810000003
1076.74023	-28782.1907
1075.59375	-30251.93231
1074.44727	-31505.72838
1073.30078	-32717.4414
1072.15332	-33485.44949
1071.00586	-33677.84135
1069.8584	-33044.31991
1068.70996	-31386.515360000005
1067.56152	-28739.92369
1066.41309	-25658.84695
1065.26465	-22505.7073
1064.11621	-19344.90696
1062.9668	-16572.453609999997
1061.81738	-14215.684550000002
1060.66797	-12241.613010000001
1059.51758	-10615.46307
1058.36816	-9282.436570000002
1057.21777	-8581.66202
1056.06738	-7673.887709999999
1054.91602	-7252.727809999999
1053.76465	-6729.125419999999
1052.61328	-6286.615890000001
1051.46191	-5270.93854
1050.31055	-4943.19564
1049.1582	-4681.744930000001
1048.00586	-4295.82793
1046.85352	-4046.05699
1045.7002	-3809.133
1044.54785	-3564.13266
1043.39453	-3352.97682
1042.24023	-3235.7781099999997
1041.08691	-3118.03826
1039.93262	-3109.77182
1038.77832	-3208.4638400000003
1037.62402	-3223.33532
1036.46973	-3293.3508500000003
1035.31445	-3463.43008
1034.15918	-3614.6698
1033.00391	-3836.5572500000003
1031.84766	-4003.64246
1030.69238	-4250.993289999999
1029.53613	-4947.68262
1028.37891	-5523.348309999999
1027.22266	-6800.460120000001
1026.06543	-8137.546260000001
1024.9082	-10659.165850000001
1023.75098	-12756.1851
1022.59375	-14259.46941
1021.43555	-14149.324950000002
1020.27734	-12613.992119999999
1019.11914	-10724.078290000001
1017.95996	-8628.65863
1016.80078	-7281.11618
1015.6416	-6655.85819
1014.48242	-6303.757439999999
1013.32324	-6349.6156
1012.16309	-6022.38613
1011.00293	-6085.931790000001
1009.84277	-5444.82474
1008.68164	-4626.10908
1007.52051	-4088.12951
1006.35938	-3653.20506
1005.19824	-3504.14311
1004.03711	-3518.0700100000004
1002.875	-4200.1695
1001.71289	-5740.47978
1000.55078	-8707.36969
999.3877	-12468.96727
998.22461	-15120.26298
997.06152	-14619.590489999999
995.89844	-11261.00776
994.73438	-8597.123370000001
993.57129	-7162.32653
992.40723	-6706.3522299999995
991.24219	-6864.44913
990.07813	-6832.93572
988.91309	-6903.90102
987.74805	-7326.9769400000005
986.58301	-7461.33334
985.41699	-7544.5063
984.25098	-7426.01163
983.08496	-6974.11296
981.91895	-6822.29407
980.75195	-6565.90121
979.58496	-6024.49109
978.41797	-5806.14681
977.25098	-5441.56747
976.08301	-5143.86119
974.91504	-4724.94681
973.74707	-4509.00873
972.5791	-4181.67373
971.41016	-3720.2697900000003
970.24219	-3645.9199200000003
969.07227	-3442.72598
967.90332	-3109.6700100000003
966.7334	-2855.4582
965.56348	-2701.27365
964.39356	-2348.50087
963.22363	-2238.47314
962.05273	-2101.1963800000003
960.88184	-1922.43116
959.71094	-1789.3721500000001
958.54004	-1609.86955
957.36816	-1445.21438
956.19629	-1438.07503
955.02441	-1450.32602
953.85156	-1384.87318
952.67969	-1143.74342
951.50684	-1095.4539100000002
950.33398	-1206.41273
949.16016	-1142.9031
947.98633	-1342.70948
946.8125	-1309.24585
945.63867	-1336.82064
944.46484	-1331.14141
943.29004	-1197.65931
942.11523	-1157.2978500000002
940.94043	-1124.83796
939.76465	-1046.9054700000002
938.58887	-1118.05215
937.41309	-1096.44687
936.23731	-846.1259499999999
935.06055	-875.6632500000001
933.88379	-964.6586499999999
932.70703	-845.0616499999999
931.53027	-831.8554300000001
930.35254	-789.9464699999999
929.17578	-878.88014
927.99805	-731.1412700000001
926.81934	-792.7559600000001
925.6416	-733.9711
924.46289	-820.5857799999999
923.28418	-808.94124
922.10449	-822.0816199999999
920.92481	-908.90412
919.74609	-921.1675
919.55176	-900.6747
918.38672	-860.50817
917.2207	-870.8678699999999
916.05469	-891.47181
914.8877	-924.64148
913.72168	-815.02609
912.55469	-966.65552
911.3877	-885.63362
910.2207	-821.5409099999999
909.05273	-882.3449899999999
907.88574	-889.59757
906.71777	-1000.1299200000001
905.54883	-923.80452
904.38086	-779.39776
903.21191	-925.9559899999999
902.04297	-741.61956
900.87402	-787.9616100000001
899.7041	-727.9535
898.53516	-619.88294
897.36523	-590.6128699999999
896.19434	-588.25429
895.02441	-559.16353
893.85352	-428.66237
892.68262	-563.98353
891.51172	-311.01368
890.34082	-268.18841
889.16895	-359.97382
887.99707	-253.47666000000004
886.8252	-78.02497
885.65332	-265.57863000000003
884.48047	-105.78773
883.30762	-101.05625
882.13477	-51.89013
880.96191	-20.353499999999997
879.78809	5.81101
878.61426	147.76247
877.44043	-14.71967
876.2666	69.60667
875.0918	63.98966
873.91699	-29.637960000000007
872.74219	-9.067819999999998
871.56738	-25.467599999999997
870.3916	21.551539999999996
869.21582	-87.28504000000001
868.04004	-239.39672000000002
866.86426	-28.119880000000002
865.6875	-135.66735
864.51074	90.00598
863.33398	-24.593590000000006
862.15723	-4.475279999999998
860.97949	-107.56523
859.80273	-92.87526
858.625	6.368169999999999
857.44629	15.633400000000002
856.26856	93.72753
855.08984	-40.63238
853.91113	-210.52177
852.73145	21.900829999999985
851.55273	-169.30178
850.37305	-197.11843
849.19336	-324.73996
848.01367	-377.41717
846.83301	-391.49669
845.65234	-430.09950999999995
844.47168	-515.2548300000001
843.29102	-599.46433
842.11035	-587.48363
840.92871	-634.4369200000001
839.74707	-757.24544
838.56445	-790.86762
837.38281	-900.74968
836.2002	-756.7771700000001
835.01758	-913.9133200000001
833.83496	-907.63763
832.65137	-977.5021899999999
831.46777	-1128.04173
830.28418	-1108.10601
829.10059	-1183.6697
827.91699	-1098.53896
826.73242	-1222.00763
825.54785	-1217.9434800000001
824.36328	-1119.92807
823.17773	-1175.42324
821.99219	-1188.05552
820.80664	-1077.11004
819.62109	-1124.95308
818.43457	-1060.58207
817.24902	-1076.24864
816.0625	-991.54646
814.875	-971.6949300000001
813.68848	-1031.32495
812.50098	-1090.0413099999998
811.31348	-1040.67881
810.12598	-1026.84974
808.9375	-1025.20207
807.74902	-911.7473600000001
806.56055	-869.88522
805.37207	-1007.42479
804.18262	-1031.7087299999998
802.99414	-1063.0806599999999
801.80371	-1042.9990300000002
800.61426	-1041.61472
799.42481	-1138.8848
798.23438	-1125.74267
797.04395	-1117.39318
795.85254	-783.13008
794.66211	-881.1845199999999
793.4707	-810.03025
792.2793	-784.0026899999999
791.08789	-735.39485
789.89551	-734.24492
788.70313	-616.64715
787.51074	-626.38249
786.31836	-514.40859
785.125	-522.01524
783.93164	-714.94481
782.73828	-580.46065
781.54492	-532.99431
780.35059	-523.07424
779.15625	-546.23282
777.96191	-678.05085
776.76758	-647.259
775.57227	-826.788
774.37695	-875.88732
773.18164	-1086.6364099999998
771.98633	-1156.83792
770.79004	-1205.89137
769.59375	-1183.8422600000001
768.39746	-987.0970199999999
767.20117	-970.86523
766.00391	-1088.60626
764.80664	-1080.26164
763.60938	-1032.91911
762.41211	-1042.31925
761.21387	-1120.29962
760.01563	-835.06307
758.81738	-885.3564700000001
757.61816	-915.56041
756.41992	-982.96111
755.2207	-1027.3839
754.02148	-872.94388
752.82129	-866.2753299999999
751.62109	-913.61323
750.4209	-910.49908
749.2207	-944.8796100000001
748.02051	-1072.9947
746.81934	-1149.93563
745.61816	-1303.3832400000001
744.41699	-1323.13094
743.21484	-1514.24212
742.0127	-1496.76242
740.81055	-1525.01145
739.6084	-1763.87294
738.40625	-1798.86546
737.20313	-1735.0643400000001
736.0	-1666.2687700000001
734.7959	-1940.6649100000002
733.59277	-2007.35899
732.38867	-1923.8986
731.18457	-2072.45902
729.97949	-1878.4439
728.77539	-1851.52797
727.57031	-1896.2142900000001
726.36523	-1715.2442299999998
725.16016	-1896.07887
723.9541	-1751.98246
722.74805	-1968.9581
721.54199	-1898.78167
720.33496	-1779.89272
719.12891	-1922.1611500000001
717.92188	-2057.88641
716.71484	-2173.03292
715.50684	-2332.84431
714.29883	-2522.50025
713.09082	-2702.35233
711.88281	-2803.48389
710.67481	-3194.48846
709.46582	-3513.62085
708.25684	-3938.2335700000003
707.04785	-4165.4283000000005
705.83789	-4713.99827
704.62793	-5320.0393300000005
703.41797	-5946.538259999999
702.20801	-6466.03381
700.99805	-7297.4961
699.78711	-8174.685649999999
698.57617	-8936.71336
697.36426	-9374.677740000001
696.15332	-10265.54067
694.94141	-11340.97416
693.72949	-12610.69167
692.5166	-13372.0118
691.30469	-13846.50941
690.0918	-14065.12259
688.87891	-13488.35378
687.66504	-12510.33636
686.45117	-11337.28496
685.23731	-9980.615300000001
684.02344	-9024.356590000001
682.80957	-8093.32732
681.59473	-7338.16388
680.37988	-6574.1808900000005
679.16504	-6429.88429
677.94922	-6310.690479999999
676.7334	-6226.14757
675.51758	-6028.738990000001
674.30176	-5774.9275099999995
673.08496	-5418.9636900000005
671.86914	-4988.79357
670.65137	-4411.13362
669.43457	-3881.88989
668.2168	-3336.464
667.0	-3030.55049
665.78125	-2649.5700199999997
664.56348	-2404.3049499999997
663.34473	-2192.94898
662.12598	-2081.1172300000003
660.90723	-1840.9438
659.68848	-1812.48325
658.46875	-1768.5023
657.24902	-1779.0687
656.0293	-1734.29986
654.80859	-1603.47146
653.58789	-1544.8125
652.36719	-1422.91652
651.14648	-1425.21537
649.92481	-1355.27245
648.7041	-1388.16204
647.48242	-1206.3062499999999
646.25977	-1252.09271
645.03711	-1250.84545
643.81543	-1147.64037
642.5918	-1241.80416
641.36914	-1182.2078399999998
640.14551	-1117.58441
638.92188	-1282.62331
637.69824	-1247.89532
636.47461	-1165.4397999999999
635.25	-1088.8327
634.02539	-1007.5837199999999
632.80078	-1041.80145
631.5752	-974.3109799999999
630.34961	-1110.51549
629.12402	-1195.05201
627.89844	-1000.5969299999999
626.67188	-1031.90076
625.44531	-1001.1255000000001
624.21875	-830.25552
622.99219	-1004.50178
621.76465	-895.7582600000001
620.53711	-1039.2159100000001
619.30957	-645.14175
618.08106	-655.20591
616.85254	-670.8960300000001
615.62402	-646.7551100000001
614.39551	-582.2191700000001
613.16699	-446.80904999999996
611.9375	-405.99530000000004
610.70801	-353.54569000000004
609.47754	-257.58333999999996
608.24805	-250.38221000000001
607.01758	-228.33988
605.78711	-13.155419999999992
604.55566	-115.28358000000001
603.3252	-323.92791
602.09375	-97.13161000000001
600.86133	-62.39365000000001
599.62988	-91.41769
598.39746	-80.31962
597.16504	-177.65393
595.93262	-164.78339
594.69922	-17.377359999999996
593.46582	-78.66128
592.23242	-40.308949999999996
590.99902	-96.34601
589.76465	-71.40747999999999
588.53027	-76.13339
587.2959	-123.53609
586.06152	9.41613000000001
584.82617	38.55979000000001
583.59082	-136.2188
582.35547	-159.67365999999998
581.11914	-294.42956
579.88281	-253.59498000000002
578.64648	-67.68644
577.41016	-242.34728
