2000.04395	-40.26909
1901.7627	151.92584
1900.78027	-239.36724999999998
1899.79785	-29.23176
1898.81543	56.82361999999999
1897.83203	82.53001000000002
1896.84961	54.11618999999999
1895.86621	292.22114
1894.88281	-75.71985
1893.89844	-91.40647999999999
1892.91504	-116.99606
1891.93066	-45.39422
1890.94727	-41.5494
1889.96289	36.70152
1888.97754	-201.71892
1887.99316	23.76345
1887.00781	-295.89389
1886.02344	-102.17238
1885.03809	-24.9167
1884.05176	116.04701
1883.06641	-56.44379
1882.08106	35.842079999999996
1881.09473	-128.79343
1880.1084	17.073900000000002
1879.12207	-30.24883
1878.13574	-54.176860000000005
1877.14844	33.34716
1876.16211	85.2106
1875.17481	-6.196089999999998
1874.1875	-279.73879
1873.19922	37.80891
1872.21191	-88.18516
1871.22363	-89.84581
1870.23633	-72.55748
1869.24805	-253.32783
1868.25879	-111.10106
1867.27051	-133.27785
1866.28223	-39.18023000000001
1865.29297	-103.69783000000001
1864.30371	-113.90718000000001
1863.31445	98.81526
1862.32422	-187.78826
1861.33496	-253.85750000000002
1860.34473	-58.913090000000004
1859.35449	-103.85228000000001
1858.36426	-31.151510000000002
1857.37402	-99.48828
1856.38379	44.530649999999994
1855.39258	-40.4028
1854.40137	-7.764630000000004
1853.41016	31.909629999999993
1852.41895	-122.13307
1851.42676	-103.43763
1850.43555	-130.93515
1849.44336	-151.38704
1848.45117	73.01920000000001
1847.45898	-227.43418
1846.4668	-202.90335
1845.47363	47.29767
1844.48047	-148.96481
1843.48731	-70.34355
1842.49414	-51.43952
1841.50098	-48.915890000000005
1840.50684	20.094610000000017
1839.51367	-6.862629999999996
1838.51953	91.23488999999998
1837.52539	99.50769999999999
1836.53027	118.07109
1835.53613	-139.47832999999997
1834.54102	25.066940000000002
1833.5459	-12.203690000000002
1832.55078	-31.536809999999996
1831.55566	93.88001
1830.56055	127.17154000000001
1829.56445	-83.91543999999999
1828.56836	-10.199279999999987
1827.57227	-17.634629999999987
1826.57617	-157.64342000000002
1825.58008	56.73518999999999
1824.58301	107.33617
1823.58594	-60.89121999999999
1822.58887	47.71228000000001
1821.5918	19.67689
1820.59473	-31.84966
1819.59668	8.781279999999981
1818.59961	-13.514610000000005
1817.60156	-119.38799000000002
1816.60352	-58.254529999999995
1815.60449	57.04831999999999
1814.60645	-3.6910199999999946
1813.60742	24.788900000000012
1812.6084	31.306700000000006
1811.60938	25.873360000000005
1810.61035	10.01688999999999
1809.61035	-77.77985000000001
1808.61133	-356.35162
1807.61133	-150.23012
1806.61133	33.434129999999996
1805.61035	-7.337769999999978
1804.61035	78.09322
1803.60938	-132.0221
1802.6084	64.13149
1801.60742	-61.23443
1800.60645	-199.13352
1799.60547	-6.10517999999999
1798.60352	-19.861209999999986
1797.60156	-167.86629
1796.59961	-123.03705
1795.59766	-224.34303
1794.5957	47.435739999999996
1793.59277	127.97794
1792.58984	-301.58557
1791.58789	-124.82345
1790.58398	-224.71811
1789.58106	-214.35674
1788.57715	-172.15705
1787.57422	-22.17756
1786.57031	-156.64516
1785.56641	9.941839999999992
1784.56152	-289.12867
1783.55762	-53.36487999999999
1782.55273	-79.80953
1781.54785	32.78934999999999
1780.54297	-9.236420000000003
1779.53809	-89.07124
1778.53223	-8.74615
1777.52734	-96.55448999999999
1776.52148	-106.56575
1775.51563	-202.5446
1774.50879	-154.2295
1773.50293	-39.447179999999996
1772.49609	-223.04103
1771.48926	-270.16577
1770.48242	-183.49867
1769.47559	-165.26181000000003
1768.46777	-148.55284999999998
1767.46094	-165.70773
1766.45313	-171.44232
1765.44531	-257.80960000000005
1764.4375	-52.759069999999994
1763.42871	-64.13733
1762.4209	27.88432999999999
1761.41211	-113.64176
1760.40332	-10.67937999999998
1759.39356	30.221769999999992
1758.38477	-79.82177999999999
1757.375	-119.45388
1756.36621	63.865390000000005
1755.35645	32.801439999999985
1754.3457	301.41105
1753.33594	172.63069
1752.3252	181.74418000000003
1751.31543	-47.18015000000001
1750.30469	44.48374
1749.29297	105.36215
1748.28223	-42.66971
1747.27051	42.45213
1746.25977	123.85761000000001
1745.24805	54.897059999999996
1744.23535	76.34379
1743.22363	-33.841750000000005
1742.21191	61.19111000000001
1741.19922	58.74905
1740.18652	137.81506000000002
1739.17383	-69.32212999999999
1738.16016	63.52864
1737.14746	-40.198899999999995
1736.13379	51.609989999999996
1735.12012	-16.962989999999998
1734.10645	184.49469
1733.0918	-40.10776
1732.07813	43.84301
1731.06348	128.37778
1730.04883	-159.31423
1729.03418	82.11926
1728.01953	20.11134
1727.00391	17.19072
1725.98828	-20.210479999999997
1724.97266	-149.82656
1723.95703	-87.33813
1722.94141	-142.10036
1721.92481	-32.848769999999995
1720.90918	-37.62264999999999
1719.89258	-119.99816999999999
1718.87598	-41.66724000000002
1717.8584	16.32202000000001
1716.8418	-165.85083
1715.82422	-34.88302999999996
1714.80664	-75.44887
1713.78906	69.28126000000003
1712.77051	-176.45368
1711.75293	-63.61914999999999
1710.73438	-157.80818
1709.71582	76.53114
1708.69727	-28.79221000000001
1707.67871	29.88217999999995
1706.65918	-138.12507999999997
1705.64063	-326.97832
1704.62109	-89.12966999999998
1703.60059	-11.000250000000051
1702.58106	18.29182000000003
1701.56152	95.26085999999992
1700.54102	-26.946630000000027
1699.52051	-157.22669000000002
1698.5	139.96778
1697.47852	-138.05996
1696.45801	-107.24109999999996
1695.43652	-193.27069999999998
1694.41504	291.19348999999994
1693.39356	-22.063980000000015
1692.37207	208.44651
1691.34961	67.46854000000008
1690.32715	111.42107999999996
1689.30469	-153.65340000000003
1688.28223	98.27175999999997
1687.25977	-120.67834000000005
1686.23633	-41.36306999999999
1685.21387	51.88858000000005
1684.19043	8.993110000000001
1683.16602	-35.38990000000001
1682.14258	29.07240999999999
1681.11914	240.29586000000006
1680.09473	120.26890999999989
1679.07031	132.60274000000004
1678.0459	16.188760000000002
1677.02051	107.78248000000008
1675.99609	62.567200000000184
1674.9707	14.591069999999945
1673.94531	233.37104999999997
1672.91992	445.26413
1671.89356	207.16346999999996
1670.86816	81.12959000000001
1669.8418	107.56498999999985
1668.81543	195.35336000000007
1667.78906	222.33050000000003
1666.76172	275.07590000000005
1665.73535	193.22104000000013
1664.70801	127.01562000000013
1663.68066	148.99013999999988
1662.65332	395.6890799999999
1661.625	77.81290999999987
1660.59766	104.3432600000001
1659.56934	343.6238699999999
1658.54102	374.46173999999996
1657.5127	156.39722000000006
1656.4834	402.19961999999987
1655.45508	311.0593500000002
1654.42578	515.9198900000001
1653.39648	607.3190100000002
1652.36621	519.2797800000001
1651.33691	571.54601
1650.30664	358.16406000000006
1649.27637	257.4621299999999
1648.24609	137.36530999999968
1647.21582	349.1296900000002
1646.18555	27.047689999999875
1645.1543	128.04003000000012
1644.12305	60.83192000000008
1643.0918	22.6585799999998
1642.06055	-32.78670000000011
1641.02832	-227.00486999999976
1639.99707	155.6800500000004
1638.96484	104.34704999999985
1637.93164	13.666259999999966
1636.89941	260.47341000000006
1635.86719	272.38229999999976
1634.83398	525.7228700000001
1633.80078	399.3414399999997
1632.76758	352.4559900000004
1631.73438	582.4131000000002
1630.7002	652.7185500000005
1629.66602	794.20451
1628.63184	754.0807800000002
1627.59766	971.6752800000004
1626.56348	1011.2717999999995
1625.52832	871.9186
1624.49316	997.10491
1623.45801	1138.1638400000002
1622.42285	1059.0025299999998
1621.3877	1157.1307100000004
1620.35156	981.0146599999998
1619.31543	1041.5105199999998
1618.2793	1083.7044499999993
1617.24316	1018.5176000000001
1616.20703	1142.5798999999997
1615.16992	968.7978699999994
1614.13281	929.9742500000002
1613.0957	1096.4197000000004
1612.05859	1193.22228
1611.02051	1219.418880000001
1609.9834	1218.7388099999998
1608.94531	946.5569099999993
1607.90723	1473.4777300000005
1606.86816	1369.7402399999992
1605.83008	1651.318159999999
1604.79102	1900.1605299999992
1603.75195	2365.07669
1602.71289	3048.26303
1601.67383	3493.66468
1600.63379	3765.0090099999998
1599.59473	4797.820179999999
1598.55469	5630.687050000002
1597.51367	6860.697890000003
1596.47363	8332.18821
1595.43359	9406.81512
1594.39258	10327.139510000005
1593.35156	11511.084879999999
1592.31055	12796.577059999996
1591.26856	13917.552379999997
1590.22754	15095.227270000003
1589.18555	16296.804509999998
1588.14356	17192.8465
1587.10059	17966.774510000003
1586.05859	18994.239520000003
1585.01563	18704.106360000005
1583.97266	18596.782590000003
1582.92969	17763.34029
1581.88672	17103.6923
1580.84375	17040.590289999996
1579.79981	16729.15563
1578.75586	16554.53161
1577.71191	17432.05682
1576.66699	18838.731350000002
1575.62305	20637.113900000004
1574.57813	22728.17072
1573.5332	24047.989260000002
1572.48828	23355.704810000003
1571.44336	20279.213069999998
1570.39746	16780.434569999998
1569.35156	12931.25808
1568.30566	9603.11879
1567.25977	7931.731100000001
1566.21387	6504.14143
1565.16699	5129.177639999998
1564.12012	4519.188430000002
1563.07324	4300.395639999999
1562.02637	3890.7564399999974
1560.97852	3794.0704100000003
1559.93066	3259.988290000001
1558.88379	3307.925729999999
1557.83496	3052.328080000001
1556.78711	2816.4585700000007
1555.73926	2044.1246900000006
1554.69043	1400.5305000000008
1553.6416	816.8204699999987
1552.59277	236.01359000000048
1551.54297	-536.7762600000005
1550.49414	-1323.5607299999992
1549.44434	-1715.3284400000011
1548.39453	-2572.617320000001
1547.34473	-3009.96644
1546.29395	-3535.5111899999993
1545.24414	-3893.55203
1544.19336	-4039.0813199999993
1543.14258	-3956.1178500000005
1542.09082	-4221.291189999999
1541.04004	-3873.2213199999997
1539.98828	-3885.632590000001
1538.93652	-3602.661079999999
1537.88477	-3304.3291900000004
1536.83301	-3278.95903
1535.78027	-2845.6027299999996
1534.72754	-2428.1396699999996
1533.67481	-2546.6467700000003
1532.62207	-2053.7267599999996
1531.56934	-2091.6537899999994
1530.51563	-1690.6441599999998
1529.46191	-1290.8245900000002
1528.4082	-980.9130800000003
1527.35449	-645.1525000000001
1526.29981	100.60847000000012
1525.24609	358.49314999999933
1524.19141	741.5306599999994
1523.13672	1021.8104899999998
1522.08106	1010.1428400000004
1521.02637	1230.7218899999998
1519.9707	1256.0394299999998
1518.91504	1505.2515899999999
1517.85938	1524.2907599999999
1516.80273	1420.4770499999995
1515.74707	1679.3323
1514.69043	1990.2964799999995
1513.63379	1928.75072
1512.57715	2039.4834199999996
1511.51953	2042.6562399999998
1510.46191	2270.82263
1509.40527	2048.7406300000002
1508.34668	2088.6329699999997
1507.28906	2305.5180699999996
1506.23145	2289.85569
1505.17285	2189.19904
1504.11426	2236.34669
1503.05566	2271.76576
1501.99609	2220.1702699999996
1500.9375	2259.0214099999994
1499.87793	2207.6162600000002
1498.81836	2025.3980199999996
1497.75781	2089.8604499999997
1496.69824	2097.28174
1495.6377	2052.0489099999995
1494.57715	1739.8397
1493.5166	1585.6779300000003
1492.45606	1625.6903199999997
1491.39453	1976.3195099999998
1490.33301	2316.54286
1489.27148	2311.53765
1488.20996	2287.466
1487.14844	2579.7192999999997
1486.08594	2759.7463000000002
1485.02344	2406.7173199999997
1483.96094	1890.8837900000003
1482.89844	2053.55807
1481.83496	1667.97822
1480.77246	1548.65137
1479.70898	1282.46333
1478.64453	1468.1426199999996
1477.58106	1160.20233
1476.51758	1333.8408599999998
1475.45313	2121.1560999999997
1474.38867	2514.4641
1473.32324	2521.55646
1472.25879	2206.5023600000004
1471.19336	1895.19837
1470.12793	1067.4378299999998
1469.0625	660.6022700000003
1467.99707	509.6355000000003
1466.93066	-88.01106000000027
1465.86523	-435.0732600000001
1464.79883	-500.05611
1463.73145	-897.6968300000003
1462.66504	-1092.24496
1461.59766	-1205.1805800000002
1460.53027	-1205.71637
1459.46289	-1314.9060999999997
1458.39551	-1332.8265000000001
1457.32715	-968.4622300000001
1456.25977	-705.5692100000001
1455.19141	-585.01313
1454.12305	-134.86906
1453.05371	-23.01613999999995
1451.98535	187.65488000000005
1450.91602	480.1871100000001
1449.84668	743.3189
1448.77637	699.8354300000001
1447.70703	750.4847500000001
1446.63672	684.7332799999999
1445.56641	1020.8259099999999
1444.49609	972.0014100000001
1443.42578	1049.8292099999999
1442.35449	1068.71022
1441.2832	1034.4479299999998
1440.21191	1036.5933300000002
1439.14063	874.8494000000001
1438.06934	1024.6158300000002
1436.99707	741.15106
1435.92481	681.1979000000001
1434.85254	669.3019200000001
1433.78027	575.11574
1432.70703	573.3354499999999
1431.63379	287.28619000000003
1430.56055	-21.064880000000016
1429.48731	87.97556000000003
1428.41309	187.16047999999995
1427.33984	-133.30973999999998
1426.26563	-233.9771
1425.19141	-89.69243
1424.11621	-353.69347999999997
1423.04199	-273.31569
1421.9668	-488.00455
1420.8916	-300.31842
1419.81641	-429.42647
1418.74023	-440.99597
1417.66504	-521.31798
1416.58887	-638.66069
1415.5127	-789.78434
1414.43555	-627.1865300000001
1413.35938	-723.63267
1412.28223	-724.7295
1411.20508	-756.53188
1410.12793	-580.7813000000001
1409.04981	-757.23365
1407.97266	-1035.25479
1406.89453	-963.87534
1405.81641	-1186.85176
1404.73731	-1078.07222
1403.65918	-1280.3558500000001
1402.58008	-1114.19885
1401.50098	-1104.91957
1400.42188	-992.89472
1399.3418	-1133.11348
1398.2627	-682.74113
1397.18262	-620.91232
1396.10254	-432.90721999999994
1395.02148	-613.0821199999999
1393.94141	-428.09957999999995
1392.86035	-577.95268
1391.7793	-146.25326
1390.69824	-160.98730999999998
1389.61621	-244.2452
1388.53516	-444.23509000000007
1387.45313	-566.6400299999999
1386.37109	-354.59397
1385.28809	-362.26283
1384.20606	-344.63096
1383.12305	-177.60466999999997
1382.04004	14.085579999999993
1380.95703	-132.7156
1379.87305	138.10406999999998
1378.78906	208.06205
1377.70508	-202.13679000000002
1376.62109	-161.30929999999995
1375.53711	-40.77385000000004
1374.45215	14.149059999999963
1373.36719	276.7592
1372.28223	-45.45486999999997
1371.19727	-197.80049999999994
1370.11231	-348.55815
1369.02637	-87.06352000000004
1367.94043	-221.25006
1366.85449	96.88969000000003
1365.76758	-73.02080999999998
1364.68164	-75.55163999999996
1363.59473	-249.73972
1362.50781	-104.97805000000002
1361.41992	2.352800000000002
1360.33301	96.86059
1359.24512	72.15107
1358.15723	138.29348000000002
1357.06934	277.36519999999996
1355.98145	243.00563999999997
1354.89258	275.93578
1353.80371	382.69903999999997
1352.71484	124.05949
1351.625	475.10372
1350.53613	81.84168
1349.44629	-55.851140000000015
1348.35645	-93.94729999999998
1347.2666	-66.95238
1346.17578	-203.80056000000002
1345.08594	-199.40648000000002
1343.99512	-178.79971
1342.90332	-302.85949000000005
1341.8125	-416.55494
1340.7207	-128.7493
1339.62988	-336.60165
1338.53809	-282.92539
1337.44531	-180.55464
1336.35352	-87.82439
1335.26074	-23.002729999999985
1334.16797	48.16181
1333.0752	90.36797000000001
1331.98145	127.48488
1330.88867	35.096209999999985
1329.79492	274.3965
1328.70117	197.89625999999998
1327.60645	444.50700000000006
1326.5127	248.98633999999998
1325.41797	506.34342000000004
1324.32324	699.18158
1323.22754	515.7440100000001
1322.13281	725.79379
1321.03711	651.9925099999999
1319.94141	527.5203999999999
1318.8457	414.64099
1317.75	611.31546
1316.65332	297.20734000000004
1315.55664	323.73626
1314.45996	327.08250999999996
1313.36328	352.6464500000002
1312.26563	86.31031000000007
1311.16797	355.15723
1310.07031	304.96282999999994
1308.97266	231.1187399999999
1307.87402	446.0839000000001
1306.77637	484.82339
1305.67773	580.7993200000001
1304.5791	583.7849000000001
1303.47949	512.0990899999999
1302.38086	566.10142
1301.28125	342.1617600000002
1300.18164	452.68962999999985
1299.08106	230.39214000000015
1297.98145	388.0661399999999
1296.88086	355.39579000000003
1295.78027	221.88468999999986
1294.67969	292.79354999999987
1293.57813	505.73794
1292.47656	809.6703899999998
1291.375	1027.8715000000002
1290.27344	1393.1200399999998
1289.17188	1596.9980999999998
1288.06934	1836.93095
1286.9668	2173.79338
1285.86426	2201.45503
1284.76172	2438.01825
1283.6582	2196.77545
1282.55469	1966.0113899999997
1281.45117	2140.48568
1280.34766	1596.1675799999994
1279.24414	1562.8979599999998
1278.13965	1699.7652799999996
1277.03516	1251.04002
1275.93066	1208.26768
1274.8252	922.3167100000001
1273.7207	1140.80134
1272.61523	966.2291399999999
1271.50879	622.7826
1270.40332	654.4602700000003
1269.29785	523.56546
1268.19141	344.6893699999998
1267.08496	295.39471000000003
1265.97754	340.64032
1264.87109	486.04338000000007
1263.76367	416.68360000000007
1262.65625	349.19462999999996
1261.54883	323.2265
1260.44043	414.68965000000003
1259.33301	436.65896999999984
1258.22461	269.0190499999999
1257.11523	262.06675000000007
1256.00684	26.82039999999995
1254.89746	7.034909999999968
1253.78809	-70.8842800000001
1252.67871	-78.31899999999996
1251.56934	-172.4081
1250.45898	-27.890030000000024
1249.34961	-297.81463
1248.23926	-260.6964300000001
1247.12793	-199.08328000000006
1246.01758	-353.91987
1244.90625	-402.89542000000006
1243.79492	-408.32334000000003
1242.68359	-308.28305
1241.57129	-370.66935000000007
1240.45996	-363.61968
1239.34766	-249.48273999999998
1238.23438	-168.50872000000004
1237.12207	-328.01566
1236.00879	-274.59645
1234.89648	-536.26633
1233.78223	-373.01682999999997
1232.66895	-373.28299999999996
1231.55566	-512.3757
1230.44141	-569.91001
1229.32715	-488.73544000000004
1228.21191	-427.46822
1227.09766	-502.81428
1225.98242	-605.5237999999999
1224.86719	-638.10428
1223.75195	-423.26610999999997
1222.63574	-388.08651000000003
1221.52051	-182.71899000000002
1220.4043	-143.7289
1219.28711	-61.364480000000015
1218.1709	37.16073
1217.05371	12.977670000000046
1215.93652	-45.03915000000001
1214.81934	-8.319970000000012
1213.70215	20.349629999999934
1212.58398	52.8612599999999
1211.46582	51.89811999999995
1210.34766	221.60884
1209.22949	116.78212000000008
1208.11035	254.51612000000011
1206.99219	321.06105
1205.87305	56.13302999999996
1204.75293	123.48082999999997
1203.63379	91.57197999999994
1202.51367	36.6395
1201.39356	-71.16302999999971
1200.27344	-122.45652999999993
1199.15234	-69.89218000000028
1198.03223	-294.62419
1196.91113	-295.8633600000003
1195.79004	-368.97586
1194.66797	-284.46437999999944
1193.5459	-579.4181900000003
1192.42481	-449.1340399999999
1191.30176	-511.42968999999994
1190.17969	-192.40756000000056
1189.05664	-125.44782000000032
1187.93359	14.23729000000003
1186.81055	445.36496999999963
1185.6875	880.9877300000007
1184.56348	1408.3128299999998
1183.44043	1813.57967
1182.31641	1914.5373800000007
1181.19141	1902.38281
1180.06738	1972.8572000000004
1178.94238	1733.5132700000004
1177.81738	1719.3477900000003
1176.69238	1514.8085
1175.56641	1543.4369300000003
1174.44043	1228.4800100000002
1173.31445	1051.45028
1172.18848	1039.89612
1171.0625	1092.5089500000001
1169.93555	818.35878
1168.80859	981.1570299999998
1167.68164	788.3482000000001
1166.55371	583.4902500000001
1165.42676	617.5413199999999
1164.29883	446.98253
1163.1709	806.71362
1162.04199	863.6245
1160.91406	956.7779400000001
1159.78516	1176.67159
1158.65625	1311.0951
1157.52637	1660.8446199999998
1156.39746	1876.5649600000002
1155.26758	1817.90001
1154.1377	1799.00604
1153.00684	1671.2407899999998
1151.87695	1590.00037
1150.74609	1668.6061499999998
1149.61523	1670.02169
1148.48438	1508.31607
1147.35254	1345.04576
1146.2207	1259.43456
1145.08887	1084.62942
1143.95703	810.43692
1142.8252	812.88774
1141.69238	632.97952
1140.55957	531.10078
1139.42676	546.26247
1138.29297	455.01391
1137.15918	430.2317
1136.02539	490.96568
1134.8916	476.44503
1133.75781	473.62712999999997
1132.62305	517.3774
1131.48828	587.5864799999999
1130.35352	445.18985999999995
1129.21777	586.6342999999999
1128.08301	563.2676900000001
1126.94727	773.42453
1125.81152	853.9532600000002
1124.67481	777.7896099999998
1123.53906	1019.92011
1122.40234	1030.1385
1121.26563	1036.0365299999999
1120.12793	1199.14444
1118.99023	1385.4323
1117.85352	1365.43165
1116.71484	1243.8642799999998
1115.57715	1170.4216900000001
1114.43945	1304.7728399999996
1113.30078	1206.5163399999997
1112.16211	1295.16997
1111.02246	1273.9421999999995
1109.88379	1071.6820200000002
1108.74414	1189.7478200000005
1107.60449	1302.1088799999998
1106.46387	1141.5163599999996
1105.32422	1187.9775400000008
1104.18359	1109.39927
1103.04297	914.3534500000005
1101.90234	725.1200699999999
1100.76074	568.3204700000006
1099.61914	141.71232000000055
1098.47754	263.7237500000001
1097.33594	-44.155829999999696
1096.19336	-502.90358000000015
1095.05176	-1094.9424200000012
1093.90918	-1588.0003500000003
1092.76563	-1969.9107800000002
1091.62305	-2845.24662
1090.47949	-3772.8996799999986
1089.33594	-4564.90021
1088.19238	-5179.271579999999
1087.04785	-5329.4035
1085.90332	-5410.26483
1084.75879	-5292.8423299999995
1083.61426	-4315.89932
1082.46973	-2869.156790000001
1081.32422	-1208.2979400000004
1080.17871	1461.448510000002
1079.0332	4264.336820000004
1077.88672	6874.053619999999
1076.74023	9770.34055
1075.59375	12342.826000000001
1074.44727	14917.026989999998
1073.30078	17082.279300000002
1072.15332	18368.069069999998
1071.00586	18485.620559999996
1069.8584	18327.94034
1068.70996	17657.524679999995
1067.56152	15986.78383
1066.41309	14639.75462
1065.26465	12697.61302
1064.11621	10437.725849999999
1062.9668	8223.96973
1061.81738	5969.5022199999985
1060.66797	4372.179959999998
1059.51758	3690.6414200000017
1058.36816	2770.6454599999997
1057.21777	1229.1221600000008
1056.06738	923.1336600000013
1054.91602	1042.7286100000001
1053.76465	665.97883
1052.61328	802.1764699999994
1051.46191	1173.7058099999995
1050.31055	705.7634099999996
1049.1582	646.9415899999995
1048.00586	356.7147299999997
1046.85352	306.15956000000006
1045.7002	276.32391000000007
1044.54785	292.59213
1043.39453	223.02226999999993
1042.24023	176.45798000000013
1041.08691	139.60572000000002
1039.93262	-66.5372599999996
1038.77832	-115.50943000000007
1037.62402	-172.67578000000003
1036.46973	-152.4737200000004
1035.31445	-479.77871000000005
1034.15918	-462.34118000000035
1033.00391	-577.6232300000006
1031.84766	-601.56952
1030.69238	-845.12556
1029.53613	-996.3582200000001
1028.37891	-1097.3676499999992
1027.22266	-1346.0995200000007
1026.06543	-629.1336600000013
1024.9082	1190.1201599999986
1023.75098	3982.9711499999994
1022.59375	7082.375800000002
1021.43555	7675.697749999999
1020.27734	5696.287419999999
1019.11914	2487.524369999999
1017.95996	-45.40544999999838
1016.80078	-1287.8155900000002
1015.6416	-1920.1099599999998
1014.48242	-1844.6281
1013.32324	-1251.0117799999998
1012.16309	-591.5407999999998
1011.00293	-233.69369000000006
1009.84277	138.90592000000015
1008.68164	434.2840500000002
1007.52051	728.03809
1006.35938	559.2157800000004
1005.19824	563.0501800000002
1004.03711	992.7304699999995
1002.875	2303.77477
1001.71289	5523.70821
1000.55078	11681.27411
999.3877	16668.20436
998.22461	14426.808549999998
997.06152	6309.561610000001
995.89844	-164.78156000000126
994.73438	-3009.9405100000004
993.57129	-3681.98358
992.40723	-4079.0322499999997
991.24219	-4868.0183799999995
990.07813	-5298.47122
988.91309	-5359.142690000001
987.74805	-5545.88358
986.58301	-5305.1034
985.41699	-5519.934810000001
984.25098	-5885.45681
983.08496	-5798.6432700000005
981.91895	-5553.16141
980.75195	-5404.90725
979.58496	-5188.75784
978.41797	-4839.90917
977.25098	-4512.1051
976.08301	-4373.7270499999995
974.91504	-3997.12737
973.74707	-3800.2954399999994
972.5791	-3628.24688
971.41016	-3151.2257400000003
970.24219	-3101.4210700000003
969.07227	-2788.6933
967.90332	-2682.73745
966.7334	-2247.66086
965.56348	-2101.3671600000002
964.39356	-1925.9768
963.22363	-1575.8189399999999
962.05273	-1380.3309900000002
960.88184	-1372.5895
959.71094	-1001.40286
958.54004	-865.0885499999999
957.36816	-728.23493
956.19629	-688.4512000000001
955.02441	-604.8232199999999
953.85156	-609.1696400000001
952.67969	-656.1707700000001
951.50684	-561.3415300000001
950.33398	-742.05286
949.16016	-815.8981000000001
947.98633	-726.83435
946.8125	-1010.48348
945.63867	-1112.1739499999999
944.46484	-915.9186399999999
943.29004	-867.98215
942.11523	-712.0137000000001
940.94043	-763.14653
939.76465	-859.9401700000001
938.58887	-830.38474
937.41309	-734.25151
936.23731	-683.4277599999999
935.06055	-721.4091900000001
933.88379	-773.0522399999999
932.70703	-832.0555999999999
931.53027	-946.79223
930.35254	-716.1370199999999
929.17578	-864.07331
927.99805	-840.8043600000001
926.81934	-867.7813900000001
925.6416	-901.16863
924.46289	-847.0640099999999
923.28418	-844.10602
922.10449	-870.03067
920.92481	-1028.02238
919.74609	-1036.38158
919.55176	-1080.40058
918.38672	-973.97822
917.2207	-1041.89167
916.05469	-1125.75058
914.8877	-1132.0463
913.72168	-1051.63695
912.55469	-1063.44908
911.3877	-1126.51139
910.2207	-962.8397
909.05273	-887.4726099999999
907.88574	-994.71636
906.71777	-953.5145100000001
905.54883	-768.38848
904.38086	-868.10186
903.21191	-820.45467
902.04297	-840.0607299999999
900.87402	-544.31944
899.7041	-613.4236599999999
898.53516	-693.38674
897.36523	-440.6712
896.19434	-546.03163
895.02441	-490.68665
893.85352	-445.87294
892.68262	-311.73141999999996
891.51172	-408.56686
890.34082	-423.70053
889.16895	-290.15826000000004
887.99707	-302.77046
886.8252	-76.54194999999999
885.65332	-189.02347
884.48047	-96.34859999999999
883.30762	-195.6028
882.13477	33.096320000000006
880.96191	-7.655590000000004
879.78809	260.03533
878.61426	335.42188
877.44043	165.11700000000002
876.2666	132.3537
875.0918	153.30682
873.91699	129.27731
872.74219	62.02166
871.56738	19.86961
870.3916	209.90852999999998
869.21582	-14.10051
868.04004	81.53157
866.86426	101.78559
865.6875	-77.39842999999999
864.51074	72.01712
863.33398	55.28355
862.15723	119.2912
860.97949	60.74759
859.80273	-10.69417
858.625	108.83364
857.44629	75.2781
856.26856	-14.586419999999997
855.08984	-63.96676
853.91113	-118.91528
852.73145	-263.29616
851.55273	-58.3751
850.37305	-220.95453
849.19336	-63.375710000000026
848.01367	-242.49324000000001
846.83301	-129.21348999999998
845.65234	-111.26387999999997
844.47168	-249.58309000000003
843.29102	-195.11649999999997
842.11035	-161.01352000000003
840.92871	-3.923530000000028
839.74707	-127.76285999999993
838.56445	-269.23914
837.38281	-209.89256999999998
836.2002	-187.90925000000004
835.01758	-66.97194000000002
833.83496	21.500549999999976
832.65137	84.07609000000002
831.46777	-129.36520999999993
830.28418	-187.19573000000014
829.10059	-299.90648999999996
827.91699	-173.6633300000001
826.73242	-311.0069900000001
825.54785	-162.06842000000006
824.36328	-160.37291000000005
823.17773	-75.90605000000005
821.99219	-88.8440599999999
820.80664	-102.10014000000001
819.62109	-85.0916299999999
818.43457	-177.70438999999988
817.24902	-386.0137
816.0625	-307.3413600000001
814.875	-404.30474000000004
813.68848	-559.4587300000001
812.50098	-489.8086599999999
811.31348	-482.3021500000001
810.12598	-601.90822
808.9375	-762.24091
807.74902	-705.33954
806.56055	-656.1305600000001
805.37207	-672.8763100000001
804.18262	-644.48183
802.99414	-834.6601599999999
801.80371	-997.71626
800.61426	-942.85031
799.42481	-1024.30219
798.23438	-862.69208
797.04395	-951.1536600000002
795.85254	-952.7120100000001
794.66211	-833.9223999999999
793.4707	-867.98626
792.2793	-786.00194
791.08789	-789.0598
789.89551	-588.00487
788.70313	-593.98054
787.51074	-657.62307
786.31836	-572.9378
785.125	-606.58566
783.93164	-668.39076
782.73828	-553.3891199999999
781.54492	-674.80324
780.35059	-591.90946
779.15625	-525.03696
777.96191	-648.32391
776.76758	-802.38926
775.57227	-781.87192
774.37695	-711.17665
773.18164	-1005.5324599999999
771.98633	-1140.06592
770.79004	-940.2100200000001
769.59375	-1075.37418
768.39746	-889.4662999999999
767.20117	-606.66089
766.00391	-732.9234299999999
764.80664	-704.71857
763.60938	-708.72206
762.41211	-729.41623
761.21387	-789.7587900000001
760.01563	-827.52427
758.81738	-848.41096
757.61816	-778.37665
756.41992	-821.37889
755.2207	-670.4795100000001
754.02148	-650.4341300000001
752.82129	-417.52320999999995
751.62109	-350.81483000000003
750.4209	-260.67041000000006
749.2207	-364.8842300000001
748.02051	-348.00275999999997
746.81934	-430.16679
745.61816	-348.3234
744.41699	-370.50463
743.21484	-449.21783000000005
742.0127	-349.13354000000004
740.81055	-390.52816000000007
739.6084	-373.6149499999999
738.40625	-240.29575999999997
737.20313	-368.5064400000001
736.0	-430.5679
734.7959	-545.3476900000001
733.59277	-509.5019199999999
732.38867	-430.6860899999999
731.18457	-551.2351799999999
729.97949	-569.19814
728.77539	-718.26901
727.57031	-803.55953
726.36523	-826.6359699999998
725.16016	-932.5923300000001
723.9541	-915.54846
722.74805	-875.77504
721.54199	-750.20684
720.33496	-728.7675300000001
719.12891	-863.5764800000002
717.92188	-1003.3472899999999
716.71484	-1361.4206600000002
715.50684	-1558.74683
714.29883	-1696.09111
713.09082	-1817.9370500000002
711.88281	-2014.15317
710.67481	-2332.02981
709.46582	-2588.05003
708.25684	-2874.73725
707.04785	-3216.96569
705.83789	-3689.0756800000004
704.62793	-3972.9996900000006
703.41797	-4543.27704
702.20801	-4987.57214
700.99805	-5353.22136
699.78711	-6008.76312
698.57617	-5979.131149999999
697.36426	-6036.64356
696.15332	-5971.26522
694.94141	-6106.4709299999995
693.72949	-6365.182580000001
692.5166	-6121.356710000001
691.30469	-6107.427379999999
690.0918	-6533.68058
688.87891	-6774.492149999999
687.66504	-6497.30859
686.45117	-6422.7073900000005
685.23731	-5955.32422
684.02344	-5594.522640000001
682.80957	-5357.527700000001
681.59473	-5170.57624
680.37988	-4808.933550000001
679.16504	-4933.22255
677.94922	-4606.0934
676.7334	-4734.39143
675.51758	-4536.381020000001
674.30176	-4449.32215
673.08496	-3937.68186
671.86914	-3670.4253700000004
670.65137	-3083.196
669.43457	-2692.69154
668.2168	-2245.04395
667.0	-1833.21317
665.78125	-1618.24751
664.56348	-1281.88535
663.34473	-1064.95455
662.12598	-1093.31471
660.90723	-887.8327900000002
659.68848	-711.2540799999999
658.46875	-483.6165900000001
657.24902	-510.95958999999993
656.0293	-377.38912000000005
654.80859	-441.7373399999999
653.58789	-417.19156
652.36719	-388.1798799999999
651.14648	-358.83872999999994
649.92481	-392.7777799999999
648.7041	-402.23557000000005
647.48242	-225.61757999999986
646.25977	-149.66029000000003
645.03711	-134.85876000000007
643.81543	-195.43624
642.5918	-48.941519999999855
641.36914	89.00353000000018
640.14551	12.818279999999959
638.92188	68.25811999999996
637.69824	-83.38462000000004
636.47461	-59.91114999999991
635.25	60.03150000000005
634.02539	252.93363
632.80078	237.41335000000004
631.5752	240.2752700000001
630.34961	267.9463800000001
629.12402	247.48847999999998
627.89844	86.71032000000014
626.67188	92.47000000000003
625.44531	-177.85327000000007
624.21875	33.86051999999995
622.99219	-182.61312999999996
621.76465	-151.09742000000006
620.53711	-179.34383000000003
619.30957	139.32113000000004
618.08106	242.13018
616.85254	385.43241999999987
615.62402	501.3126000000001
614.39551	516.44851
613.16699	458.67758000000015
611.9375	281.0767199999999
610.70801	232.75781
609.47754	244.1338
608.24805	157.42955
607.01758	191.37699000000003
605.78711	236.80887000000004
604.55566	185.3621
603.3252	-20.715429999999998
602.09375	151.94094
600.86133	-85.02420000000001
599.62988	-60.71787
598.39746	63.367699999999985
597.16504	-160.78057
595.93262	-168.32816
594.69922	-60.77893999999999
593.46582	16.215230000000002
592.23242	115.99709
590.99902	50.869159999999994
589.76465	-131.17471999999998
588.53027	13.571510000000004
587.2959	-23.681870000000004
586.06152	-183.01511
584.82617	-40.48555
583.59082	-173.10884000000001
582.35547	-145.77960000000002
581.11914	-267.65878
579.88281	-254.76308
578.64648	-195.9764
577.41016	-174.26021
