2000.04395	-82.05366
1901.7627	95.20527
1900.78027	-143.98093999999998
1899.79785	-59.0715
1898.81543	-49.53712
1897.83203	-134.34688
1896.84961	-95.75189
1895.86621	-99.33094
1894.88281	-130.47899999999998
1893.89844	-132.62798
1892.91504	-210.25685
1891.93066	-32.78940999999999
1890.94727	40.47374000000001
1889.96289	-227.03091
1888.97754	-107.11686999999998
1887.99316	-59.77308
1887.00781	-106.16064999999999
1886.02344	-46.83059
1885.03809	73.16557999999999
1884.05176	-68.09923
1883.06641	3.453869999999995
1882.08106	133.64802
1881.09473	-133.65806
1880.1084	-170.38028
1879.12207	-138.54246
1878.13574	-44.57038
1877.14844	5.81792
1876.16211	-3.6446900000000024
1875.17481	83.34004999999999
1874.1875	-261.18839
1873.19922	-186.41848
1872.21191	13.53528
1871.22363	57.07963
1870.23633	-163.43164000000002
1869.24805	-86.14716
1868.25879	-145.34892000000002
1867.27051	-88.45016
1866.28223	-7.1437399999999975
1865.29297	142.71094
1864.30371	-25.271150000000002
1863.31445	-78.95706
1862.32422	109.58646
1861.33496	76.60329999999999
1860.34473	-45.43802
1859.35449	90.00116
1858.36426	-151.71544
1857.37402	-116.91922000000001
1856.38379	84.36201
1855.39258	8.433330000000005
1854.40137	30.784419999999997
1853.41016	103.57667
1852.41895	-181.27832
1851.42676	-180.06726
1850.43555	-116.60346
1849.44336	-36.48950000000001
1848.45117	-87.32755999999999
1847.45898	127.01727000000001
1846.4668	-32.136640000000014
1845.47363	-69.07051
1844.48047	-46.89297
1843.48731	-125.33401
1842.49414	-128.69322
1841.50098	-52.20146
1840.50684	-75.20836
1839.51367	92.01108
1838.51953	-204.83643999999998
1837.52539	-91.36846
1836.53027	-83.01351000000001
1835.53613	-240.23799
1834.54102	53.4216
1833.5459	63.54412000000001
1832.55078	-42.904669999999996
1831.55566	-91.01548
1830.56055	-159.17140999999998
1829.56445	-75.63989
1828.56836	-189.771
1827.57227	-73.07927
1826.57617	-290.51722
1825.58008	-0.04753999999999792
1824.58301	-17.26772
1823.58594	139.89146000000002
1822.58887	151.87405
1821.5918	151.86773999999997
1820.59473	-149.59852
1819.59668	19.69681
1818.59961	44.57212999999999
1817.60156	-136.29103
1816.60352	19.870450000000005
1815.60449	-23.593950000000007
1814.60645	233.24145000000004
1813.60742	-26.254970000000014
1812.6084	-87.5007
1811.60938	112.01309
1810.61035	66.63895
1809.61035	1.9309199999999862
1808.61133	88.30057
1807.61133	42.528999999999996
1806.61133	124.94369999999999
1805.61035	-43.333459999999974
1804.61035	-54.313900000000004
1803.60938	-2.547719999999998
1802.6084	-17.446929999999995
1801.60742	-5.214089999999999
1800.60645	-19.900589999999994
1799.60547	0.33977000000001567
1798.60352	76.32981000000001
1797.60156	108.68428
1796.59961	-124.1834
1795.59766	14.417759999999987
1794.5957	103.96445000000001
1793.59277	28.55677
1792.58984	-1.5598600000000005
1791.58789	-118.97556
1790.58398	166.08697
1789.58106	-55.72475999999999
1788.57715	-155.11681
1787.57422	-3.8145199999999875
1786.57031	158.24392
1785.56641	-9.55406
1784.56152	40.12952
1783.55762	5.853250000000003
1782.55273	97.23074
1781.54785	239.58936
1780.54297	22.786829999999995
1779.53809	-84.35827
1778.53223	-9.95146
1777.52734	31.785290000000003
1776.52148	-72.11104999999999
1775.51563	-55.25572
1774.50879	51.20525
1773.50293	188.47664
1772.49609	-93.74661
1771.48926	-165.88103999999998
1770.48242	-173.05792
1769.47559	-172.70239
1768.46777	-24.40213
1767.46094	11.691389999999998
1766.45313	-76.01924
1765.44531	-54.635820000000024
1764.4375	-180.49632
1763.42871	-126.81164000000001
1762.4209	-57.45199
1761.41211	-183.73023
1760.40332	17.38121000000001
1759.39356	-11.78730999999999
1758.38477	146.76075999999998
1757.375	20.45401000000001
1756.36621	152.62842
1755.35645	30.195670000000007
1754.3457	134.10427
1753.33594	72.53309000000002
1752.3252	300.21049
1751.31543	273.20302000000004
1750.30469	259.30587
1749.29297	259.57424
1748.28223	164.40010999999998
1747.27051	136.92883
1746.25977	41.98185000000001
1745.24805	-19.01406
1744.23535	222.95295
1743.22363	99.41865
1742.21191	133.88258
1741.19922	87.41023999999999
1740.18652	155.49573
1739.17383	78.95342000000001
1738.16016	120.58203
1737.14746	-24.80531
1736.13379	-47.75203
1735.12012	195.71751
1734.10645	20.752470000000002
1733.0918	-21.55426
1732.07813	25.470860000000002
1731.06348	-134.23712
1730.04883	-58.35377
1729.03418	-105.84684
1728.01953	-72.86901
1727.00391	96.84634000000001
1725.98828	-118.69640999999999
1724.97266	-113.40003
1723.95703	-198.39307000000002
1722.94141	62.836630000000014
1721.92481	-100.02485999999999
1720.90918	-129.90358
1719.89258	-197.40744
1718.87598	93.23881
1717.8584	-5.5097299999999905
1716.8418	-222.17838
1715.82422	-132.73926999999998
1714.80664	88.17664000000002
1713.78906	24.62196
1712.77051	-100.61228
1711.75293	210.14443000000006
1710.73438	257.47634000000005
1709.71582	6.75797
1708.69727	31.24297999999999
1707.67871	-127.47619000000003
1706.65918	-13.265279999999962
1705.64063	-37.24103000000002
1704.62109	-33.102599999999995
1703.60059	123.14047
1702.58106	-109.26905999999997
1701.56152	69.25962999999996
1700.54102	-7.640420000000006
1699.52051	-20.021920000000023
1698.5	69.55219
1697.47852	122.45191
1696.45801	-14.48584999999997
1695.43652	29.008960000000002
1694.41504	207.75458999999995
1693.39356	-22.76374999999996
1692.37207	42.53848999999991
1691.34961	-46.09640000000002
1690.32715	132.01733000000002
1689.30469	-127.50319999999999
1688.28223	57.53518999999994
1687.25977	-97.41302000000007
1686.23633	-239.12374999999997
1685.21387	-105.20005000000003
1684.19043	-23.353880000000004
1683.16602	-111.14106000000004
1682.14258	101.36824999999999
1681.11914	297.21834
1680.09473	-106.51515000000006
1679.07031	9.522539999999935
1678.0459	24.777990000000045
1677.02051	-120.47343999999987
1675.99609	-99.30767999999989
1674.9707	-127.53661
1673.94531	-215.31290999999987
1672.91992	30.3907200000001
1671.89356	-27.11203999999998
1670.86816	-110.03764999999999
1669.8418	29.376149999999825
1668.81543	-0.4076199999999517
1667.78906	-109.56330000000003
1666.76172	270.3230900000001
1665.73535	75.66099000000008
1664.70801	-91.65479000000005
1663.68066	54.921299999999974
1662.65332	172.67577000000006
1661.625	151.47488999999996
1660.59766	100.26929000000018
1659.56934	164.23726999999985
1658.54102	249.9347600000001
1657.5127	96.02381000000014
1656.4834	87.70694000000003
1655.45508	53.8119200000001
1654.42578	192.8390800000002
1653.39648	118.61747000000014
1652.36621	236.46386999999982
1651.33691	174.27453000000014
1650.30664	-243.99036
1649.27637	-71.54714999999987
1648.24609	-11.36126000000013
1647.21582	-424.0927200000001
1646.18555	62.53913999999986
1645.1543	148.98876000000018
1644.12305	-90.33653999999979
1643.0918	-57.21226999999999
1642.06055	-166.47176000000036
1641.02832	-231.45652999999993
1639.99707	-73.9034499999998
1638.96484	-273.8397200000004
1637.93164	-494.5153800000003
1636.89941	-150.78782
1635.86719	-210.90066000000024
1634.83398	-198.42653999999993
1633.80078	-331.9078300000001
1632.76758	-133.75885000000017
1631.73438	-179.1179100000004
1630.7002	-64.9408699999999
1629.66602	136.61173000000008
1628.63184	-111.51564999999937
1627.59766	-300.5217399999997
1626.56348	-357.77459
1625.52832	-201.25864
1624.49316	-445.34577999999965
1623.45801	-364.0021799999995
1622.42285	-627.4720800000005
1621.3877	-554.3009300000003
1620.35156	-764.5576099999998
1619.31543	-881.1882100000003
1618.2793	-831.4913500000002
1617.24316	-843.0175600000002
1616.20703	-962.7067200000001
1615.16992	-1029.71922
1614.13281	-710.56041
1613.0957	-1084.91086
1612.05859	-839.8031099999998
1611.02051	-1116.79108
1609.9834	-1125.71724
1608.94531	-1360.0534399999997
1607.90723	-1124.4578099999999
1606.86816	-1183.3320300000005
1605.83008	-1243.463090000001
1604.79102	-1168.205680000001
1603.75195	-989.478000000001
1602.71289	-1013.1969300000001
1601.67383	-1214.5999699999993
1600.63379	-1258.72048
1599.59473	-1095.1446699999997
1598.55469	-1250.6283799999983
1597.51367	-941.9095399999969
1596.47363	-761.1477200000008
1595.43359	-175.1614499999996
1594.39258	-21.08704999999827
1593.35156	488.78213999999934
1592.31055	1366.762609999998
1591.26856	2199.763320000002
1590.22754	3621.926489999998
1589.18555	3785.605289999996
1588.14356	5341.416810000002
1587.10059	6265.837010000003
1586.05859	6661.985610000003
1585.01563	7022.168860000005
1583.97266	7473.274770000004
1582.92969	7310.367630000001
1581.88672	7502.016520000001
1580.84375	7614.25044
1579.79981	7631.554069999998
1578.75586	7861.140980000004
1577.71191	9394.568539999997
1576.66699	11326.469640000003
1575.62305	13020.680310000003
1574.57813	15417.1551
1573.5332	18021.25879
1572.48828	18569.36888
1571.44336	17212.951350000003
1570.39746	14318.094729999997
1569.35156	11287.484639999995
1568.30566	9012.99379
1567.25977	6809.39906
1566.21387	5044.002759999999
1565.16699	3856.654209999997
1564.12012	2856.602490000001
1563.07324	2820.917129999998
1562.02637	2432.3189399999974
1560.97852	2922.6192300000002
1559.93066	2420.95118
1558.88379	2540.111280000001
1557.83496	2355.7558100000006
1556.78711	2140.98689
1555.73926	1934.6198100000001
1554.69043	1287.0256100000006
1553.6416	400.84585999999945
1552.59277	-202.03621999999996
1551.54297	-1240.5741099999996
1550.49414	-1801.03924
1549.44434	-2686.0442600000006
1548.39453	-3417.12172
1547.34473	-4372.38685
1546.29395	-4712.43355
1545.24414	-5151.1946
1544.19336	-5356.893329999999
1543.14258	-5606.94256
1542.09082	-5495.521169999999
1541.04004	-5512.0738599999995
1539.98828	-5163.858660000001
1538.93652	-4858.953079999999
1537.88477	-4356.888760000001
1536.83301	-4634.37993
1535.78027	-4247.08223
1534.72754	-3498.68117
1533.67481	-3424.8201100000006
1532.62207	-3055.0607499999996
1531.56934	-2984.57957
1530.51563	-2863.1392800000003
1529.46191	-2726.85877
1528.4082	-2290.2348600000005
1527.35449	-2605.54019
1526.29981	-2079.79241
1525.24609	-2150.5871700000002
1524.19141	-1783.3194400000002
1523.13672	-1718.1419
1522.08106	-1740.9047699999996
1521.02637	-1542.6997400000005
1519.9707	-1270.2354700000005
1518.91504	-1124.8446
1517.85938	-1159.7439099999997
1516.80273	-1131.8562000000002
1515.74707	-920.06223
1514.69043	-1036.1351600000003
1513.63379	-1106.08815
1512.57715	-1021.8076000000001
1511.51953	-931.9878100000001
1510.46191	-1066.9845
1509.40527	-845.2481400000001
1508.34668	-836.1597499999998
1507.28906	-808.1606400000001
1506.23145	-576.67922
1505.17285	-644.7738599999998
1504.11426	-553.7465699999998
1503.05566	-199.04307999999992
1501.99609	-193.22744000000012
1500.9375	-142.07112000000006
1499.87793	98.5964899999999
1498.81836	370.7654499999999
1497.75781	429.4551799999999
1496.69824	559.65699
1495.6377	781.4544299999998
1494.57715	738.4671400000002
1493.5166	1013.43208
1492.45606	1673.9325
1491.39453	1867.78436
1490.33301	2269.7669900000005
1489.27148	2301.76616
1488.20996	2528.5704900000005
1487.14844	2934.3472300000003
1486.08594	2883.63009
1485.02344	3181.46829
1483.96094	2786.1967799999998
1482.89844	2466.3525099999997
1481.83496	2277.42842
1480.77246	1988.2758799999997
1479.70898	2075.9457499999994
1478.64453	1494.2637100000002
1477.58106	1432.3190299999997
1476.51758	1539.7651700000001
1475.45313	1915.2024800000004
1474.38867	2163.9284500000003
1473.32324	2114.1008899999997
1472.25879	2179.84073
1471.19336	1961.7891900000004
1470.12793	1261.1043300000001
1469.0625	674.0978800000003
1467.99707	354.51782000000003
1466.93066	-250.34627
1465.86523	-96.56692000000021
1464.79883	-435.2743700000001
1463.73145	-782.02862
1462.66504	-793.7246999999998
1461.59766	-1157.95891
1460.53027	-1032.05487
1459.46289	-1335.3207699999998
1458.39551	-1010.5455000000002
1457.32715	-885.2555600000001
1456.25977	-569.4692400000001
1455.19141	-628.8522399999999
1454.12305	84.31527000000006
1453.05371	-40.83876999999984
1451.98535	143.32834000000003
1450.91602	152.50901
1449.84668	147.18816000000015
1448.77637	66.61960999999997
1447.70703	133.4211600000001
1446.63672	258.2247399999999
1445.56641	281.50389000000007
1444.49609	211.46380999999997
1443.42578	360.5866500000001
1442.35449	230.42861000000005
1441.2832	182.69651999999996
1440.21191	576.6441100000001
1439.14063	455.5419099999999
1438.06934	74.95360000000005
1436.99707	116.29771999999991
1435.92481	-3.012179999999944
1434.85254	-69.39869999999996
1433.78027	-299.98936
1432.70703	-294.45413
1431.63379	-467.03634999999997
1430.56055	-421.67332
1429.48731	-168.34213
1428.41309	-201.2525
1427.33984	-312.44741999999997
1426.26563	-237.54753
1425.19141	-323.46468999999996
1424.11621	-394.90497
1423.04199	-590.23279
1421.9668	-289.38300999999996
1420.8916	-401.16389000000004
1419.81641	-494.48243
1418.74023	-237.64564999999996
1417.66504	-425.50507
1416.58887	-250.92198000000002
1415.5127	-545.12489
1414.43555	-497.13536000000005
1413.35938	-480.23213999999996
1412.28223	-446.93839
1411.20508	-370.77133000000003
1410.12793	-456.06479
1409.04981	-183.418
1407.97266	-892.80772
1406.89453	-512.74647
1405.81641	-820.98239
1404.73731	-809.9395199999999
1403.65918	-713.0660700000001
1402.58008	-616.7672799999999
1401.50098	-546.33648
1400.42188	-533.40282
1399.3418	-267.35074
1398.2627	-86.26459
1397.18262	-58.90399000000002
1396.10254	-74.61575999999991
1395.02148	187.19812000000002
1393.94141	333.2314600000001
1392.86035	216.63174000000004
1391.7793	272.20588
1390.69824	493.95737
1389.61621	385.98121
1388.53516	42.27640999999994
1387.45313	227.98864000000003
1386.37109	284.13579999999996
1385.28809	256.28386
1384.20606	320.74853999999993
1383.12305	532.0119400000001
1382.04004	337.60176
1380.95703	401.38663999999994
1379.87305	556.61665
1378.78906	694.1287
1377.70508	592.1196799999999
1376.62109	455.76184
1375.53711	644.4244500000001
1374.45215	673.1548499999999
1373.36719	619.2860599999999
1372.28223	393.91659000000004
1371.19727	466.07361000000003
1370.11231	529.7747400000001
1369.02637	547.4125799999999
1367.94043	683.89716
1366.85449	525.14277
1365.76758	741.1615299999999
1364.68164	653.3769800000001
1363.59473	672.58079
1362.50781	817.1935000000001
1361.41992	650.67037
1360.33301	698.64804
1359.24512	946.6311700000001
1358.15723	702.88808
1357.06934	879.4597699999999
1355.98145	1013.3486900000001
1354.89258	753.34587
1353.80371	788.9998800000001
1352.71484	733.86142
1351.625	1038.79232
1350.53613	958.10921
1349.44629	831.93379
1348.35645	825.98483
1347.2666	759.02972
1346.17578	541.79162
1345.08594	620.6897200000001
1343.99512	661.43217
1342.90332	789.74568
1341.8125	760.2574099999999
1340.7207	824.9015800000001
1339.62988	822.24593
1338.53809	790.58826
1337.44531	802.8534599999999
1336.35352	701.6360900000001
1335.26074	745.95148
1334.16797	780.16712
1333.0752	712.70488
1331.98145	539.95861
1330.88867	605.92513
1329.79492	595.8673799999999
1328.70117	259.46566000000007
1327.60645	495.6053300000001
1326.5127	530.34889
1325.41797	533.43778
1324.32324	242.37872
1323.22754	20.64232000000004
1322.13281	-105.99284
1321.03711	-0.2330699999999979
1319.94141	-279.38512000000003
1318.8457	-306.09808
1317.75	-367.90680000000003
1316.65332	-210.55718000000002
1315.55664	-539.5822499999999
1314.45996	-351.88068
1313.36328	-455.1499399999999
1312.26563	-475.64032
1311.16797	-534.82348
1310.07031	-543.4574000000001
1308.97266	-416.82572000000005
1307.87402	-557.13393
1306.77637	-427.14755
1305.67773	-480.51262999999994
1304.5791	-527.1641399999999
1303.47949	-574.8202799999999
1302.38086	-468.1888
1301.28125	-567.3521499999999
1300.18164	-638.0728199999999
1299.08106	-872.9276899999999
1297.98145	-657.3438999999998
1296.88086	-1091.5165599999998
1295.78027	-900.38545
1294.67969	-1129.57547
1293.57813	-1101.9918
1292.47656	-1070.72244
1291.375	-1216.20516
1290.27344	-1138.0459700000001
1289.17188	-1031.5966300000005
1288.06934	-1063.3007400000006
1286.9668	-894.4903100000001
1285.86426	-764.9014099999999
1284.76172	-678.6099299999996
1283.6582	-968.279
1282.55469	-927.4910599999998
1281.45117	-819.82438
1280.34766	-948.0589800000002
1279.24414	-997.2814899999998
1278.13965	-811.27403
1277.03516	-841.9760900000001
1275.93066	-714.2828599999998
1274.8252	-564.9950600000002
1273.7207	-342.80023000000006
1272.61523	-602.80467
1271.50879	-424.37536
1270.40332	-594.36493
1269.29785	-487.0164500000001
1268.19141	-406.28353000000016
1267.08496	-417.72553000000005
1265.97754	-208.61335000000008
1264.87109	-213.0631299999999
1263.76367	-329.0192199999999
1262.65625	-199.86061000000007
1261.54883	-334.02063
1260.44043	-412.42558999999994
1259.33301	-756.3644800000001
1258.22461	-345.5883100000001
1257.11523	-631.71755
1256.00684	-547.6353200000001
1254.89746	-489.91993
1253.78809	-550.2432000000001
1252.67871	-639.19307
1251.56934	-641.04137
1250.45898	-550.54459
1249.34961	-485.32072000000005
1248.23926	-662.7789200000001
1247.12793	-629.19956
1246.01758	-611.5699400000001
1244.90625	-671.6623300000001
1243.79492	-638.39385
1242.68359	-548.33245
1241.57129	-465.18904000000003
1240.45996	-345.22067000000004
1239.34766	-563.16705
1238.23438	-425.68953
1237.12207	-279.76437
1236.00879	-316.55192
1234.89648	-464.7394300000001
1233.78223	-531.59772
1232.66895	-563.38528
1231.55566	-434.41077000000007
1230.44141	-535.14314
1229.32715	-468.83117000000004
1228.21191	-708.00323
1227.09766	-396.50819
1225.98242	-571.86351
1224.86719	-593.41166
1223.75195	-504.37273
1222.63574	-524.59899
1221.52051	-350.63138000000004
1220.4043	-486.65859
1219.28711	-370.02172
1218.1709	-221.25897
1217.05371	-291.31613999999996
1215.93652	-165.62552
1214.81934	-324.31549
1213.70215	-491.60133
1212.58398	-477.52790000000005
1211.46582	-413.94615000000005
1210.34766	-240.76010999999994
1209.22949	-340.05692999999997
1208.11035	-461.53270999999995
1206.99219	-518.5373999999999
1205.87305	-623.4545
1204.75293	-602.6084
1203.63379	-530.3179100000002
1202.51367	-613.9702400000001
1201.39356	-891.4730899999997
1200.27344	-993.2815999999998
1199.15234	-943.7918400000001
1198.03223	-853.55314
1196.91113	-1126.0789400000003
1195.79004	-1137.64676
1194.66797	-1379.1030499999997
1193.5459	-1806.4816700000001
1192.42481	-1531.7329099999997
1191.30176	-1715.2482899999995
1190.17969	-1823.02353
1189.05664	-1755.90387
1187.93359	-1589.5332200000003
1186.81055	-1349.7424500000006
1185.6875	-931.2105099999999
1184.56348	-672.6471300000003
1183.44043	-268.9462000000003
1182.31641	-56.187229999999545
1181.19141	61.91455000000042
1180.06738	463.15310000000045
1178.94238	406.2471599999999
1177.81738	561.1446599999995
1176.69238	607.6932699999998
1175.56641	504.43912
1174.44043	478.61698000000024
1173.31445	484.1975900000002
1172.18848	365.6722400000001
1171.0625	348.65860999999995
1169.93555	357.34267
1168.80859	458.06230000000005
1167.68164	179.33270000000016
1166.55371	343.40113999999994
1165.42676	269.4174200000001
1164.29883	139.91484000000003
1163.1709	393.25134
1162.04199	318.45385
1160.91406	320.57335
1159.78516	283.58547
1158.65625	492.62487999999996
1157.52637	547.51143
1156.39746	531.88912
1155.26758	669.50756
1154.1377	570.1981800000001
1153.00684	576.76637
1151.87695	727.25446
1150.74609	734.4054600000001
1149.61523	804.8120299999999
1148.48438	994.95303
1147.35254	870.5473999999999
1146.2207	809.4264499999999
1145.08887	877.04294
1143.95703	789.19705
1142.8252	778.85063
1141.69238	543.38021
1140.55957	623.26466
1139.42676	354.12551
1138.29297	257.21365
1137.15918	413.73688999999996
1136.02539	527.48479
1134.8916	299.65554
1133.75781	290.22429
1132.62305	287.49086
1131.48828	162.81450999999993
1130.35352	227.40323999999987
1129.21777	90.37599999999998
1128.08301	120.2998
1126.94727	292.8371299999999
1125.81152	295.40908000000013
1124.67481	576.5923499999999
1123.53906	726.9503799999998
1122.40234	901.7195499999998
1121.26563	715.8973700000001
1120.12793	914.0460499999999
1118.99023	954.7257600000003
1117.85352	1296.7951799999996
1116.71484	1192.41433
1115.57715	1453.99737
1114.43945	1667.7181499999997
1113.30078	1603.7214200000003
1112.16211	1752.11186
1111.02246	1657.7859499999995
1109.88379	1645.9076000000005
1108.74414	1709.4719400000004
1107.60449	1639.6039899999996
1106.46387	1605.9240799999998
1105.32422	1600.1113300000006
1104.18359	1600.72642
1103.04297	1243.2816700000003
1101.90234	940.97847
1100.76074	622.8248600000006
1099.61914	369.62345000000005
1098.47754	-50.058970000000045
1097.33594	-434.50934999999936
1096.19336	-1005.433860000001
1095.05176	-1718.4180100000012
1093.90918	-2555.505229999999
1092.76563	-3423.061169999999
1091.62305	-4474.53471
1090.47949	-5435.3606199999995
1089.33594	-6344.08087
1088.19238	-7188.041109999998
1087.04785	-7947.01483
1085.90332	-7929.617370000002
1084.75879	-7474.5610799999995
1083.61426	-6477.29581
1082.46973	-5099.004440000001
1081.32422	-2799.7706
1080.17871	-138.77609999999913
1079.0332	2641.098539999999
1077.88672	6100.838779999998
1076.74023	9684.758520000003
1075.59375	13186.033029999999
1074.44727	16778.50355
1073.30078	19974.15821
1072.15332	22190.12766
1071.00586	24201.929159999992
1069.8584	25090.95987
1068.70996	24804.08328
1067.56152	24234.49867
1066.41309	23163.21946
1065.26465	20222.28489
1064.11621	17541.37819
1062.9668	14332.791990000002
1061.81738	11103.404569999999
1060.66797	8430.033469999998
1059.51758	6950.655100000002
1058.36816	5594.149369999999
1057.21777	2936.0928600000007
1056.06738	2762.088740000001
1054.91602	2537.040130000001
1053.76465	2257.797190000001
1052.61328	2071.52999
1051.46191	2231.83716
1050.31055	1940.9821599999996
1049.1582	1816.15351
1048.00586	1422.88368
1046.85352	994.74989
1045.7002	1156.6867000000002
1044.54785	1058.8684999999996
1043.39453	813.0041999999999
1042.24023	603.3324900000002
1041.08691	580.7966400000005
1039.93262	318.63022
1038.77832	323.8584899999996
1037.62402	226.60474000000022
1036.46973	218.4325299999996
1035.31445	206.47005999999965
1034.15918	-129.85998000000018
1033.00391	-286.3485700000001
1031.84766	-185.60785000000033
1030.69238	-422.83575999999994
1029.53613	-664.8811699999997
1028.37891	-795.8149199999998
1027.22266	-615.2255000000005
1026.06543	317.67199999999866
1024.9082	2095.34087
1023.75098	5588.56099
1022.59375	9674.910960000001
1021.43555	12311.58252
1020.27734	11362.426089999999
1019.11914	8634.04488
1017.95996	4636.2761900000005
1016.80078	1788.5989600000003
1015.6416	-265.6846599999999
1014.48242	-846.5250799999994
1013.32324	-1044.64703
1012.16309	-813.0471399999997
1011.00293	-408.13315000000057
1009.84277	33.06217000000015
1008.68164	577.9637299999995
1007.52051	1183.8198299999995
1006.35938	1229.1674400000002
1005.19824	1285.97059
1004.03711	1513.8701099999998
1002.875	2029.9573900000005
1001.71289	4168.19063
1000.55078	9266.723330000003
999.3877	15861.17311
998.22461	19885.78511
997.06152	16623.465910000003
995.89844	8529.77606
994.73438	1945.9130000000005
993.57129	-1192.6232200000004
992.40723	-2612.51394
991.24219	-3396.18024
990.07813	-3807.1028100000003
988.91309	-4379.9901
987.74805	-4583.026030000001
986.58301	-4649.28431
985.41699	-4657.7145900000005
984.25098	-4902.39016
983.08496	-4975.62398
981.91895	-4870.33121
980.75195	-4825.42006
979.58496	-4279.995080000001
978.41797	-4164.375599999999
977.25098	-3941.1841999999997
976.08301	-3634.46521
974.91504	-3420.34978
973.74707	-2992.10488
972.5791	-2781.4883900000004
971.41016	-2572.87168
970.24219	-2315.3539900000005
969.07227	-2192.41217
967.90332	-1929.75356
966.7334	-1707.07901
965.56348	-1436.9993000000002
964.39356	-1365.8187499999997
963.22363	-1157.71866
962.05273	-1183.9872400000002
960.88184	-1051.5680200000002
959.71094	-781.67111
958.54004	-622.38176
957.36816	-182.85613999999987
956.19629	-476.20578
955.02441	-281.26108999999997
953.85156	-542.4074400000001
952.67969	-207.20452
951.50684	-311.24570000000006
950.33398	-279.9144600000001
949.16016	-286.81540000000007
947.98633	-427.11554
946.8125	-371.19177
945.63867	-567.4758199999999
944.46484	-430.24213
943.29004	-242.90096999999992
942.11523	-144.9758800000002
940.94043	-53.77610000000004
939.76465	-101.18608000000017
938.58887	-251.16126000000008
937.41309	-106.16630000000009
936.23731	-36.83791999999994
935.06055	-110.04127000000005
933.88379	-73.75637999999992
932.70703	-277.45439999999996
931.53027	-337.70564
930.35254	-238.16973999999993
929.17578	-343.1387
927.99805	-271.55061
926.81934	-321.5822300000001
925.6416	-325.37622999999996
924.46289	-321.1899699999999
923.28418	-328.22614999999996
922.10449	-337.39117
920.92481	-326.97751000000005
919.74609	-339.03529000000003
919.55176	-604.1827
918.38672	-449.4442
917.2207	-296.50470999999993
916.05469	-524.1654900000001
914.8877	-641.23665
913.72168	-278.93841999999995
912.55469	-493.22111
911.3877	-496.60258
910.2207	-584.80943
909.05273	-378.20332999999994
907.88574	-578.7501
906.71777	-377.19006
905.54883	-559.1841400000001
904.38086	-564.51959
903.21191	-388.59621999999996
902.04297	-282.75890999999996
900.87402	-257.92297
899.7041	-345.22686999999996
898.53516	-351.9945
897.36523	-279.25484
896.19434	-200.10521999999992
895.02441	-295.38494000000003
893.85352	-266.94153000000006
892.68262	-344.57926
891.51172	-238.39423000000002
890.34082	-348.32366
889.16895	-248.94182
887.99707	-269.86800000000005
886.8252	-295.99658
885.65332	-246.6522
884.48047	-245.98151
883.30762	-341.34141
882.13477	-68.11551
880.96191	34.461360000000006
879.78809	-5.326389999999996
878.61426	210.31236
877.44043	265.78691000000003
876.2666	207.23526
875.0918	217.96821
873.91699	253.79053
872.74219	151.67829
871.56738	236.51524
870.3916	117.33585
869.21582	11.843249999999998
868.04004	22.707510000000003
866.86426	176.51297999999997
865.6875	59.344969999999996
864.51074	31.353620000000003
863.33398	95.29638
862.15723	62.139030000000005
860.97949	-140.14536
859.80273	150.33417
858.625	44.53180999999999
857.44629	-49.94425
856.26856	-13.57638
855.08984	2.4635899999999964
853.91113	-51.68168
852.73145	37.09147999999999
851.55273	-15.328630000000004
850.37305	-3.0722399999999936
849.19336	-10.103800000000035
848.01367	2.3272999999999797
846.83301	-125.41774999999996
845.65234	-233.87096999999997
844.47168	-368.36931000000004
843.29102	-471.91642
842.11035	-452.49292
840.92871	-656.52682
839.74707	-496.50944999999996
838.56445	-714.8243299999999
837.38281	-678.83297
836.2002	-570.37422
835.01758	-585.80965
833.83496	-596.24847
832.65137	-446.1290499999999
831.46777	-534.3566099999999
830.28418	-606.7604900000001
829.10059	-598.79467
827.91699	-576.85096
826.73242	-410.9293600000001
825.54785	-592.80005
824.36328	-411.54344000000003
823.17773	-579.4355899999999
821.99219	-513.21845
820.80664	-362.9708700000001
819.62109	-609.4928199999999
818.43457	-646.3558099999999
817.24902	-579.04318
816.0625	-588.8995900000001
814.875	-614.01125
813.68848	-661.75878
812.50098	-529.21723
811.31348	-532.3869900000001
810.12598	-713.95735
808.9375	-802.8934800000001
807.74902	-643.83478
806.56055	-759.5285200000001
805.37207	-872.4016900000001
804.18262	-957.7932699999999
802.99414	-995.0238899999999
801.80371	-1025.9473
800.61426	-1131.37854
799.42481	-1104.215
798.23438	-1203.8095
797.04395	-1189.90462
795.85254	-864.2398400000001
794.66211	-947.7744799999999
793.4707	-893.5505800000001
792.2793	-721.37699
791.08789	-791.22886
789.89551	-616.64178
788.70313	-442.87917000000004
787.51074	-560.39956
786.31836	-418.10238
785.125	-408.43082
783.93164	-521.4760799999999
782.73828	-496.29859
781.54492	-615.2073300000001
780.35059	-306.14756
779.15625	-541.884
777.96191	-762.1007999999999
776.76758	-714.51214
775.57227	-970.1303
774.37695	-876.39976
773.18164	-990.60718
771.98633	-1097.12179
770.79004	-1204.44912
769.59375	-1199.91435
768.39746	-876.48789
767.20117	-910.6301000000001
766.00391	-887.20696
764.80664	-873.5891899999999
763.60938	-728.52334
762.41211	-602.38312
761.21387	-682.69084
760.01563	-699.49877
758.81738	-733.19762
757.61816	-679.40679
756.41992	-720.3128399999998
755.2207	-607.2524000000001
754.02148	-286.02992000000006
752.82129	-220.70520999999997
751.62109	-36.01710000000003
750.4209	116.00396999999998
749.2207	128.58170999999993
748.02051	-150.6283699999999
746.81934	-196.88401
745.61816	-212.4293600000001
744.41699	-395.3972100000001
743.21484	-299.95550000000003
742.0127	-365.4480000000001
740.81055	-245.89913
739.6084	-330.8264999999999
738.40625	-365.4930300000001
737.20313	-461.96407999999997
736.0	-519.6620200000002
734.7959	-885.8445200000001
733.59277	-785.9045099999998
732.38867	-790.9508599999999
731.18457	-1070.05207
729.97949	-963.4804900000001
728.77539	-1130.06747
727.57031	-1054.77218
726.36523	-1150.7971599999998
725.16016	-1291.1346800000001
723.9541	-1259.90795
722.74805	-1002.7192600000001
721.54199	-1028.21245
720.33496	-1113.74513
719.12891	-1084.93323
717.92188	-1362.54614
716.71484	-1401.7556200000001
715.50684	-1702.93579
714.29883	-1892.02964
713.09082	-1988.3516000000002
711.88281	-2255.91122
710.67481	-2700.8636100000003
709.46582	-2863.0284199999996
708.25684	-3322.6095
707.04785	-3710.4513500000003
705.83789	-4027.0803800000003
704.62793	-4325.301810000001
703.41797	-4964.850039999999
702.20801	-5382.82763
700.99805	-6046.9843
699.78711	-6795.373589999999
698.57617	-7084.21464
697.36426	-7230.839600000001
696.15332	-7379.088460000001
694.94141	-7471.72874
693.72949	-7440.16988
692.5166	-6956.703880000001
691.30469	-6376.36879
690.0918	-6248.6044
688.87891	-5704.268029999999
687.66504	-5512.64111
686.45117	-5098.60582
685.23731	-5156.738770000001
684.02344	-5019.418140000001
682.80957	-4624.48448
681.59473	-4677.08332
680.37988	-4454.141310000001
679.16504	-4536.8932
677.94922	-4321.277609999999
676.7334	-4295.6877
675.51758	-4299.57096
674.30176	-4226.23536
673.08496	-3736.27952
671.86914	-3390.22188
670.65137	-2920.9633400000002
669.43457	-2667.05458
668.2168	-2084.0418799999998
667.0	-1999.28398
665.78125	-1660.5706299999997
664.56348	-1496.1689199999998
663.34473	-1228.04208
662.12598	-1277.0832
660.90723	-940.2720000000002
659.68848	-877.63958
658.46875	-698.86781
657.24902	-859.28802
656.0293	-567.65731
654.80859	-616.0968399999999
653.58789	-433.31448
652.36719	-431.8939899999998
651.14648	-395.68405999999993
649.92481	-132.5463299999999
648.7041	-246.75883
647.48242	-97.17129
646.25977	-75.31666999999993
645.03711	-274.39526
643.81543	-88.72774000000004
642.5918	-152.34019999999987
641.36914	-81.30310999999983
640.14551	-187.42292999999995
638.92188	-358.11719000000005
637.69824	-350.62431000000004
636.47461	-197.32423999999992
635.25	-297.96880999999996
634.02539	-57.9831099999999
632.80078	-168.23099000000002
631.5752	-159.58862999999997
630.34961	-179.17531999999994
629.12402	-251.39414999999997
627.89844	19.950310000000172
626.67188	-60.29415999999992
625.44531	-200.99926000000005
624.21875	-125.97139000000004
622.99219	-133.63633000000004
621.76465	-30.80201000000011
620.53711	-107.11617000000001
619.30957	79.73946000000001
618.08106	-5.758550000000014
616.85254	205.8190199999999
615.62402	341.30454
614.39551	261.05795
613.16699	575.63449
611.9375	432.57055
610.70801	605.5423499999999
609.47754	308.40913000000006
608.24805	439.43710999999996
607.01758	392.92796
605.78711	435.67106
604.55566	470.44611
603.3252	191.29992000000001
602.09375	521.44948
600.86133	468.39452
599.62988	297.59712
598.39746	388.48255
597.16504	343.63901999999996
595.93262	156.92994
594.69922	164.0608
593.46582	316.07406000000003
592.23242	194.73196
590.99902	342.05929000000003
589.76465	205.55047
588.53027	389.8624
587.2959	216.4257
586.06152	208.76233000000002
584.82617	109.34186000000001
583.59082	98.44904
582.35547	-25.99577
581.11914	-177.89642
579.88281	-379.72157000000004
578.64648	-215.77139
577.41016	-13.767750000000007
