2000.04395	-96.61813
1901.7627	33.21929
1900.78027	-209.30828
1899.79785	-69.28485
1898.81543	-196.71032000000002
1897.83203	-163.05083
1896.84961	-10.81962
1895.86621	-119.48626
1894.88281	-182.70997999999997
1893.89844	21.2532
1892.91504	-112.62669
1891.93066	-161.3366
1890.94727	-42.134859999999996
1889.96289	-20.86561
1888.97754	-155.95708
1887.99316	-62.52411
1887.00781	-203.51301
1886.02344	-151.35157
1885.03809	-67.5745
1884.05176	-70.37109
1883.06641	-78.56929
1882.08106	-88.64422
1881.09473	-69.53431
1880.1084	-59.798970000000004
1879.12207	42.758709999999994
1878.13574	-15.38141
1877.14844	-12.8601
1876.16211	-21.688920000000003
1875.17481	-11.497279999999996
1874.1875	-118.06658000000002
1873.19922	-129.68018
1872.21191	-49.90845
1871.22363	-32.10422
1870.23633	72.41825
1869.24805	12.75611
1868.25879	-35.81045
1867.27051	-14.172530000000002
1866.28223	2.9250100000000003
1865.29297	52.38473
1864.30371	49.846959999999996
1863.31445	151.91532999999998
1862.32422	112.18083
1861.33496	17.657529999999998
1860.34473	7.956189999999999
1859.35449	-53.24458
1858.36426	-66.74145
1857.37402	-45.07349000000001
1856.38379	-25.757470000000005
1855.39258	63.77386
1854.40137	-90.88625
1853.41016	-4.5377300000000105
1852.41895	-104.66386
1851.42676	-210.39206000000001
1850.43555	-155.01144
1849.44336	-87.76827
1848.45117	-76.77717999999999
1847.45898	-195.5737
1846.4668	-191.69221000000002
1845.47363	179.92195
1844.48047	-29.74112
1843.48731	-72.79103
1842.49414	-182.7141
1841.50098	-41.92814
1840.50684	-80.01543
1839.51367	-84.16068
1838.51953	-201.27056
1837.52539	34.192049999999995
1836.53027	142.87862
1835.53613	-118.28014999999999
1834.54102	-46.229139999999994
1833.5459	-34.226780000000005
1832.55078	-37.91908
1831.55566	-153.77884
1830.56055	-27.970369999999996
1829.56445	-91.36457999999999
1828.56836	-205.977
1827.57227	-216.91413999999997
1826.57617	-118.13131000000001
1825.58008	-5.625059999999991
1824.58301	139.78072
1823.58594	-99.10782999999998
1822.58887	-27.573969999999996
1821.5918	27.17031
1820.59473	32.02955
1819.59668	23.619889999999998
1818.59961	-184.23133
1817.60156	-113.97577000000001
1816.60352	-51.56661999999999
1815.60449	-195.91796
1814.60645	-71.04488
1813.60742	-208.78622000000001
1812.6084	-57.40301
1811.60938	55.65816000000001
1810.61035	-35.47267000000001
1809.61035	-138.73562
1808.61133	-66.99343
1807.61133	-122.60604000000001
1806.61133	4.952560000000005
1805.61035	-130.14382
1804.61035	4.328069999999997
1803.60938	-156.76545
1802.6084	-7.134079999999997
1801.60742	-104.99499
1800.60645	1.820449999999994
1799.60547	-37.85767999999999
1798.60352	-52.78243999999998
1797.60156	-39.726119999999995
1796.59961	-31.880349999999993
1795.59766	13.47145999999998
1794.5957	-23.565579999999997
1793.59277	165.45695
1792.58984	-34.11012000000001
1791.58789	181.91393
1790.58398	56.93182999999999
1789.58106	-17.336960000000005
1788.57715	76.01103
1787.57422	-11.007999999999996
1786.57031	-41.93758
1785.56641	35.338010000000004
1784.56152	94.40870000000001
1783.55762	-44.69187999999999
1782.55273	120.33808
1781.54785	198.37786999999997
1780.54297	45.70569999999999
1779.53809	-9.211070000000007
1778.53223	124.55296000000001
1777.52734	-47.69180999999999
1776.52148	-66.06308
1775.51563	-53.97763
1774.50879	76.22675000000001
1773.50293	66.2516
1772.49609	-130.44593
1771.48926	27.741470000000007
1770.48242	68.04823
1769.47559	-180.75356000000002
1768.46777	-120.15481
1767.46094	-8.03667
1766.45313	-60.04882999999998
1765.44531	8.892119999999977
1764.4375	-147.64413
1763.42871	15.24185
1762.4209	20.78004
1761.41211	-72.12839
1760.40332	-39.00855999999999
1759.39356	-172.13234
1758.38477	-60.64447000000001
1757.375	-141.62604
1756.36621	-110.89089
1755.35645	-60.15397
1754.3457	46.50432
1753.33594	-76.16693
1752.3252	-44.37935
1751.31543	26.088189999999997
1750.30469	-13.301829999999999
1749.29297	37.16019
1748.28223	44.193239999999996
1747.27051	43.29026
1746.25977	95.43444000000001
1745.24805	13.779510000000002
1744.23535	145.37553
1743.22363	62.67576
1742.21191	114.37501000000002
1741.19922	99.33067
1740.18652	64.34326
1739.17383	73.56521000000001
1738.16016	66.49458000000001
1737.14746	96.53017
1736.13379	-34.00924
1735.12012	38.284530000000004
1734.10645	67.06029000000001
1733.0918	-9.58532
1732.07813	-86.39979
1731.06348	-11.74616
1730.04883	27.560830000000003
1729.03418	-221.31089
1728.01953	-71.71229
1727.00391	-53.76487
1725.98828	-140.87434
1724.97266	-136.58303
1723.95703	-107.24933
1722.94141	-155.11578
1721.92481	36.32704000000001
1720.90918	-86.11375999999998
1719.89258	-307.22566
1718.87598	-240.60049
1717.8584	-109.66161999999998
1716.8418	-301.09860000000003
1715.82422	-379.02786
1714.80664	-217.32367
1713.78906	-243.73677
1712.77051	-392.83807
1711.75293	-352.36346
1710.73438	-511.79076999999995
1709.71582	-354.34349
1708.69727	-644.39339
1707.67871	-615.50687
1706.65918	-482.55496999999997
1705.64063	-396.30469
1704.62109	-537.4494599999999
1703.60059	-606.06069
1702.58106	-582.79487
1701.56152	-474.30109000000004
1700.54102	-602.40566
1699.52051	-569.89005
1698.5	-383.86323
1697.47852	-531.8061
1696.45801	-497.28927999999996
1695.43652	-607.63019
1694.41504	-605.99932
1693.39356	-550.31379
1692.37207	-610.49296
1691.34961	-653.80245
1690.32715	-722.55881
1689.30469	-735.56908
1688.28223	-694.3479600000001
1687.25977	-892.50982
1686.23633	-902.14749
1685.21387	-783.27987
1684.19043	-847.1961799999999
1683.16602	-886.8319700000001
1682.14258	-915.58858
1681.11914	-760.1175
1680.09473	-865.79079
1679.07031	-974.34313
1678.0459	-987.5850899999999
1677.02051	-1016.6624699999999
1675.99609	-1033.1820699999998
1674.9707	-1075.70105
1673.94531	-1175.36221
1672.91992	-1092.94336
1671.89356	-1190.1123499999999
1670.86816	-1140.23099
1669.8418	-1273.2375200000001
1668.81543	-1149.1419999999998
1667.78906	-1171.9214499999998
1666.76172	-1185.10876
1665.73535	-1258.31908
1664.70801	-1346.03011
1663.68066	-1461.7759600000002
1662.65332	-1434.05729
1661.625	-1466.11328
1660.59766	-1463.00859
1659.56934	-1507.38532
1658.54102	-1464.84485
1657.5127	-1722.22667
1656.4834	-1813.00371
1655.45508	-1813.10918
1654.42578	-1670.42097
1653.39648	-1617.85478
1652.36621	-1863.00476
1651.33691	-1763.4485300000001
1650.30664	-1929.4508700000001
1649.27637	-1875.97122
1648.24609	-2124.83504
1647.21582	-2201.70725
1646.18555	-2230.21595
1645.1543	-2350.3098499999996
1644.12305	-2480.8205199999998
1643.0918	-2447.74325
1642.06055	-2730.75304
1641.02832	-2670.52895
1639.99707	-2855.55933
1638.96484	-3272.83467
1637.93164	-3074.04727
1636.89941	-3095.59507
1635.86719	-3224.56597
1634.83398	-3306.2903100000003
1633.80078	-3415.88375
1632.76758	-3482.89057
1631.73438	-3490.30886
1630.7002	-3567.00432
1629.66602	-3537.68707
1628.63184	-3666.7229299999995
1627.59766	-3840.5890299999996
1626.56348	-3986.5952700000003
1625.52832	-4225.90464
1624.49316	-4235.17091
1623.45801	-4350.77476
1622.42285	-4568.67032
1621.3877	-4687.58798
1620.35156	-4681.35912
1619.31543	-4853.74772
1618.2793	-5111.134410000001
1617.24316	-5203.56181
1616.20703	-5083.555960000001
1615.16992	-5293.5775
1614.13281	-5474.5316
1613.0957	-5724.2689
1612.05859	-5856.76087
1611.02051	-5889.229429999999
1609.9834	-6360.66549
1608.94531	-6693.47141
1607.90723	-6669.047659999999
1606.86816	-6918.23559
1605.83008	-7267.48335
1604.79102	-7626.128770000001
1603.75195	-8007.5766300000005
1602.71289	-8540.59733
1601.67383	-9138.36291
1600.63379	-9957.970969999998
1599.59473	-10484.46596
1598.55469	-11490.55562
1597.51367	-12100.984729999998
1596.47363	-13250.130630000001
1595.43359	-14303.5423
1594.39258	-15016.626109999997
1593.35156	-16259.6954
1592.31055	-17517.2413
1591.26856	-18513.64391
1590.22754	-19736.951439999997
1589.18555	-20710.500180000003
1588.14356	-21607.91033
1587.10059	-22264.31534
1586.05859	-23200.73607
1585.01563	-22962.258879999998
1583.97266	-23038.40296
1582.92969	-23008.84233
1581.88672	-22462.11434
1580.84375	-21699.412640000002
1579.79981	-21276.89515
1578.75586	-20999.36292
1577.71191	-20509.83478
1576.66699	-20122.5997
1575.62305	-20581.06774
1574.57813	-21862.28045
1573.5332	-23501.624019999996
1572.48828	-24508.261010000002
1571.44336	-25242.14142
1570.39746	-25297.341790000002
1569.35156	-24177.507550000002
1568.30566	-22652.75816
1567.25977	-20409.73863
1566.21387	-18767.25017
1565.16699	-17223.97275
1564.12012	-16101.790089999999
1563.07324	-14719.14196
1562.02637	-13758.413480000001
1560.97852	-12982.639070000001
1559.93066	-12446.06738
1558.88379	-11724.70928
1557.83496	-10800.80693
1556.78711	-10445.82171
1555.73926	-10212.59894
1554.69043	-9880.58181
1553.6416	-9828.53866
1552.59277	-9691.76962
1551.54297	-9829.19447
1550.49414	-10053.70306
1549.44434	-10313.69159
1548.39453	-10506.499160000001
1547.34473	-10721.13301
1546.29395	-11099.0815
1545.24414	-11204.87759
1544.19336	-11111.864099999999
1543.14258	-11049.67242
1542.09082	-11096.81878
1541.04004	-10733.07642
1539.98828	-10229.75832
1538.93652	-9881.1523
1537.88477	-9383.12686
1536.83301	-9373.88817
1535.78027	-8838.54078
1534.72754	-8205.54464
1533.67481	-7961.00658
1532.62207	-7620.39696
1531.56934	-7420.20234
1530.51563	-6901.39074
1529.46191	-6481.35111
1528.4082	-6282.71295
1527.35449	-6162.48624
1526.29981	-5890.6016899999995
1525.24609	-5671.174
1524.19141	-5131.66977
1523.13672	-5009.90771
1522.08106	-4858.32679
1521.02637	-4775.79748
1519.9707	-4381.218800000001
1518.91504	-4251.89941
1517.85938	-4158.03583
1516.80273	-4037.67015
1515.74707	-3756.11335
1514.69043	-3374.9315
1513.63379	-3436.39992
1512.57715	-3323.3308700000002
1511.51953	-3304.24448
1510.46191	-3259.0910799999997
1509.40527	-2934.1630099999998
1508.34668	-3004.99399
1507.28906	-2966.5730000000003
1506.23145	-2686.31766
1505.17285	-2766.68419
1504.11426	-2701.5264899999997
1503.05566	-2756.4722899999997
1501.99609	-2832.9683099999997
1500.9375	-2746.81089
1499.87793	-2523.10429
1498.81836	-2353.66228
1497.75781	-2445.08158
1496.69824	-2282.3628200000003
1495.6377	-2307.6554800000004
1494.57715	-2340.7753199999997
1493.5166	-2430.05138
1492.45606	-2527.9446000000003
1491.39453	-2349.0073599999996
1490.33301	-2205.2021299999997
1489.27148	-2219.72138
1488.20996	-2570.71555
1487.14844	-2486.04205
1486.08594	-2317.78586
1485.02344	-2568.0978099999998
1483.96094	-2571.57184
1482.89844	-2337.76975
1481.83496	-2274.5966099999996
1480.77246	-2464.7159100000003
1479.70898	-2424.16231
1478.64453	-2610.47204
1477.58106	-2924.2015100000003
1476.51758	-3219.1276500000004
1475.45313	-3347.0607
1474.38867	-3628.44038
1473.32324	-3997.45239
1472.25879	-3985.7162099999996
1471.19336	-3864.89257
1470.12793	-3484.6950500000003
1469.0625	-3484.79269
1467.99707	-3284.98413
1466.93066	-2999.2108000000003
1465.86523	-3132.8662400000003
1464.79883	-3009.25947
1463.73145	-2905.39977
1462.66504	-3028.1941899999997
1461.59766	-2929.19648
1460.53027	-2909.87274
1459.46289	-2849.36284
1458.39551	-2789.3659500000003
1457.32715	-2487.96058
1456.25977	-2250.41629
1455.19141	-2057.65267
1454.12305	-1724.39626
1453.05371	-1577.8297499999999
1451.98535	-1380.4383599999999
1450.91602	-1221.80451
1449.84668	-782.87913
1448.77637	-858.67049
1447.70703	-739.83528
1446.63672	-743.3883900000001
1445.56641	-609.4714799999999
1444.49609	-602.0227
1443.42578	-527.07488
1442.35449	-525.79869
1441.2832	-503.54521000000005
1440.21191	-514.44719
1439.14063	-477.55056
1438.06934	-444.2504799999999
1436.99707	-425.64435000000003
1435.92481	-609.9638399999999
1434.85254	-527.39477
1433.78027	-507.13246
1432.70703	-473.0668
1431.63379	-603.34768
1430.56055	-566.42196
1429.48731	-383.62858
1428.41309	-318.91906
1427.33984	-302.99049
1426.26563	-513.4718399999999
1425.19141	-482.79449999999997
1424.11621	-337.21042
1423.04199	-311.05452
1421.9668	-430.41251
1420.8916	-224.85365000000002
1419.81641	-349.72964
1418.74023	-444.28794999999997
1417.66504	-400.58774
1416.58887	-534.89176
1415.5127	-503.4699
1414.43555	-574.4158500000001
1413.35938	-555.3639
1412.28223	-623.66815
1411.20508	-427.0751600000001
1410.12793	-638.56988
1409.04981	-694.92609
1407.97266	-957.37636
1406.89453	-786.3354300000001
1405.81641	-991.0751700000001
1404.73731	-1034.29767
1403.65918	-990.6510500000002
1402.58008	-1014.75199
1401.50098	-813.07159
1400.42188	-775.47794
1399.3418	-916.11528
1398.2627	-582.30906
1397.18262	-636.43618
1396.10254	-610.07119
1395.02148	-438.76316999999995
1393.94141	-383.19228999999996
1392.86035	-424.12208
1391.7793	-213.00483000000003
1390.69824	-253.77096999999998
1389.61621	-343.59386
1388.53516	-434.77423000000005
1387.45313	-275.21671
1386.37109	-251.89645
1385.28809	-326.45778
1384.20606	-330.23768
1383.12305	-258.43055999999996
1382.04004	-209.1359
1380.95703	-415.23102
1379.87305	-370.45745999999997
1378.78906	-262.413
1377.70508	-516.17102
1376.62109	-378.03389
1375.53711	-445.08177
1374.45215	-464.89662000000004
1373.36719	-317.18656999999996
1372.28223	-360.35000999999994
1371.19727	-533.7569699999999
1370.11231	-440.28483
1369.02637	-290.28087000000005
1367.94043	-362.63266999999996
1366.85449	-357.096
1365.76758	-361.58989999999994
1364.68164	-356.20412999999996
1363.59473	-431.25565
1362.50781	-252.93813
1361.41992	-333.12265
1360.33301	-280.78881
1359.24512	-159.45263
1358.15723	-313.73616
1357.06934	-139.42431
1355.98145	-113.31565
1354.89258	-145.81226
1353.80371	-116.13655
1352.71484	-151.17197
1351.625	-24.463550000000005
1350.53613	-98.39305
1349.44629	-212.16246
1348.35645	-233.60288
1347.2666	-254.71623
1346.17578	-249.89987000000002
1345.08594	-390.86831
1343.99512	-307.7266
1342.90332	-284.30351
1341.8125	-359.98835
1340.7207	-290.40963999999997
1339.62988	-268.20252
1338.53809	-218.48109
1337.44531	-254.12443000000002
1336.35352	-196.17712
1335.26074	-95.37094
1334.16797	-129.25495
1333.0752	-255.44932999999997
1331.98145	-155.72111999999998
1330.88867	-144.9202
1329.79492	-197.58641000000003
1328.70117	-255.70177999999999
1327.60645	-69.19939
1326.5127	7.559640000000002
1325.41797	64.92899
1324.32324	-25.85607999999999
1323.22754	-248.84805999999998
1322.13281	-273.82786999999996
1321.03711	-300.85563
1319.94141	-352.70601
1318.8457	-472.22603
1317.75	-358.97052
1316.65332	-443.53399
1315.55664	-616.8421
1314.45996	-576.3757700000001
1313.36328	-674.6678199999999
1312.26563	-707.53134
1311.16797	-789.0953900000001
1310.07031	-696.4557500000001
1308.97266	-777.6955300000001
1307.87402	-773.98531
1306.77637	-813.18778
1305.67773	-856.1990599999999
1304.5791	-836.45561
1303.47949	-898.38257
1302.38086	-909.50978
1301.28125	-1208.3221199999998
1300.18164	-1287.70795
1299.08106	-1144.9474599999999
1297.98145	-1247.7955
1296.88086	-1496.1470599999998
1295.78027	-1523.8882600000002
1294.67969	-1739.91654
1293.57813	-2064.22825
1292.47656	-2227.25478
1291.375	-2458.14864
1290.27344	-2684.23091
1289.17188	-2705.66157
1288.06934	-2721.13997
1286.9668	-2847.2285900000006
1285.86426	-2872.3282899999995
1284.76172	-2890.2050199999994
1283.6582	-2998.02448
1282.55469	-2960.43039
1281.45117	-2963.7230600000003
1280.34766	-2752.4808600000006
1279.24414	-2611.6851699999997
1278.13965	-2362.24204
1277.03516	-2195.2538
1275.93066	-1769.75576
1274.8252	-1642.43683
1273.7207	-1209.95611
1272.61523	-1195.38213
1271.50879	-1144.81823
1270.40332	-1162.92346
1269.29785	-988.82572
1268.19141	-844.1469900000001
1267.08496	-776.2311400000001
1265.97754	-608.42505
1264.87109	-471.3399199999999
1263.76367	-477.0655499999999
1262.65625	-420.98256000000003
1261.54883	-347.71893
1260.44043	-399.99528999999995
1259.33301	-466.0798000000001
1258.22461	-452.48904000000005
1257.11523	-447.87874999999997
1256.00684	-521.26722
1254.89746	-567.50733
1253.78809	-517.1583600000001
1252.67871	-542.7742900000001
1251.56934	-496.70372000000003
1250.45898	-358.12368000000004
1249.34961	-403.90936
1248.23926	-353.86211000000003
1247.12793	-295.7128900000001
1246.01758	-277.23625000000004
1244.90625	-221.26484000000005
1243.79492	-227.53470000000004
1242.68359	-247.56819000000002
1241.57129	-150.62065000000007
1240.45996	-33.042700000000025
1239.34766	-125.11653000000001
1238.23438	-105.94464000000005
1237.12207	-91.65037000000001
1236.00879	-75.69902000000002
1234.89648	-142.44717000000003
1233.78223	-190.59801999999996
1232.66895	-319.73256
1231.55566	-240.32588000000004
1230.44141	-213.35225000000003
1229.32715	-180.4626
1228.21191	-227.16791999999998
1227.09766	-200.43551000000002
1225.98242	-281.00531
1224.86719	-226.41016
1223.75195	-168.74614999999997
1222.63574	-151.82633
1221.52051	-71.53899000000001
1220.4043	-102.67909000000003
1219.28711	25.193899999999985
1218.1709	62.608389999999986
1217.05371	-32.42554999999999
1215.93652	-49.25412
1214.81934	-162.11132000000003
1213.70215	-194.94062000000002
1212.58398	-307.72559000000007
1211.46582	-390.49635000000006
1210.34766	-406.82257999999996
1209.22949	-497.99796999999995
1208.11035	-591.3824099999999
1206.99219	-720.46147
1205.87305	-953.23035
1204.75293	-1085.88907
1203.63379	-1162.6077300000002
1202.51367	-1360.1867900000002
1201.39356	-1635.9711999999997
1200.27344	-1941.7322199999999
1199.15234	-2100.95236
1198.03223	-2579.3236500000003
1196.91113	-2837.5244900000002
1195.79004	-3145.9628000000002
1194.66797	-3541.6532899999997
1193.5459	-3956.6461
1192.42481	-4196.700989999999
1191.30176	-4354.47082
1190.17969	-4576.519130000001
1189.05664	-4714.7757
1187.93359	-4507.17897
1186.81055	-4489.187030000001
1185.6875	-4312.804999999999
1184.56348	-4288.89664
1183.44043	-4096.93156
1182.31641	-4101.7068899999995
1181.19141	-3900.1820099999995
1180.06738	-3483.7072499999995
1178.94238	-3054.2451499999997
1177.81738	-2641.82543
1176.69238	-2136.0107100000005
1175.56641	-1868.1014599999999
1174.44043	-1440.0849299999998
1173.31445	-1085.40684
1172.18848	-899.98847
1171.0625	-946.8730400000001
1169.93555	-903.6489399999999
1168.80859	-566.1183
1167.68164	-686.6588499999999
1166.55371	-479.48436000000004
1165.42676	-337.09756
1164.29883	-422.74089000000004
1163.1709	-306.68341999999996
1162.04199	-328.23445
1160.91406	-340.46360999999996
1159.78516	-273.89708
1158.65625	-233.13006000000007
1157.52637	-188.36487999999997
1156.39746	-79.72877
1155.26758	-9.044170000000008
1154.1377	58.73947000000001
1153.00684	-3.633669999999995
1151.87695	85.58639000000002
1150.74609	28.162359999999993
1149.61523	96.1169
1148.48438	152.59798999999998
1147.35254	207.28822
1146.2207	189.76201
1145.08887	153.57713
1143.95703	34.8842
1142.8252	23.335220000000003
1141.69238	39.89084
1140.55957	53.47378
1139.42676	-64.67239000000001
1138.29297	-67.46704
1137.15918	-118.40122
1136.02539	-122.23839999999998
1134.8916	-181.57491000000002
1133.75781	-237.92958
1132.62305	-220.76668
1131.48828	-217.91132000000005
1130.35352	-405.1659800000001
1129.21777	-546.3366400000001
1128.08301	-621.0160599999999
1126.94727	-670.6623200000001
1125.81152	-787.4455999999999
1124.67481	-877.35992
1123.53906	-840.13098
1122.40234	-954.76763
1121.26563	-1039.97062
1120.12793	-1264.09604
1118.99023	-1306.1371
1117.85352	-1622.2012800000002
1116.71484	-1838.3613100000002
1115.57715	-2010.0741000000003
1114.43945	-2249.84661
1113.30078	-2336.76137
1112.16211	-2615.3849600000003
1111.02246	-2783.67963
1109.88379	-3024.2291199999995
1108.74414	-3115.9019599999992
1107.60449	-3282.48182
1106.46387	-3511.37975
1105.32422	-3718.1702899999996
1104.18359	-3740.48464
1103.04297	-4152.15949
1101.90234	-4476.449750000001
1100.76074	-4714.91036
1099.61914	-5207.186119999999
1098.47754	-5552.3106800000005
1097.33594	-6393.62995
1096.19336	-7223.6819
1095.05176	-7953.31034
1093.90918	-9077.21104
1092.76563	-10306.52357
1091.62305	-11555.68168
1090.47949	-13008.960469999998
1089.33594	-14421.28913
1088.19238	-15888.363619999998
1087.04785	-17213.799010000002
1085.90332	-18214.81512
1084.75879	-19448.17094
1083.61426	-20170.04092
1082.46973	-20874.2935
1081.32422	-21747.50497
1080.17871	-22287.07737
1079.0332	-22673.967859999997
1077.88672	-23422.414150000004
1076.74023	-24147.25711
1075.59375	-25069.91229
1074.44727	-26230.39488
1073.30078	-27404.087890000003
1072.15332	-28034.16628
1071.00586	-28311.02788
1069.8584	-27433.123140000003
1068.70996	-25947.6218
1067.56152	-23495.55113
1066.41309	-20488.965109999997
1065.26465	-17900.076439999997
1064.11621	-15210.88059
1062.9668	-13290.49902
1061.81738	-11714.892310000003
1060.66797	-10094.51096
1059.51758	-8683.76385
1058.36816	-7569.665330000001
1057.21777	-7334.554109999999
1056.06738	-6527.740849999999
1054.91602	-6186.900299999999
1053.76465	-5867.18304
1052.61328	-5366.77067
1051.46191	-4584.31128
1050.31055	-4373.08254
1049.1582	-4094.1149300000006
1048.00586	-3928.48815
1046.85352	-3675.3309200000003
1045.7002	-3416.2691099999997
1044.54785	-3207.18301
1043.39453	-3030.3415
1042.24023	-3041.5229799999997
1041.08691	-2925.93396
1039.93262	-2918.00576
1038.77832	-2903.72598
1037.62402	-3036.84283
1036.46973	-3129.97274
1035.31445	-3214.2351400000002
1034.15918	-3562.44525
1033.00391	-3757.6013800000005
1031.84766	-3873.45276
1030.69238	-4148.90406
1029.53613	-4620.56977
1028.37891	-5430.50309
1027.22266	-6280.4484
1026.06543	-7613.34936
1024.9082	-9574.81294
1023.75098	-11257.3875
1022.59375	-12747.37517
1021.43555	-12832.35742
1020.27734	-11937.29949
1019.11914	-10224.506140000001
1017.95996	-8393.299369999999
1016.80078	-6904.797149999999
1015.6416	-6437.82773
1014.48242	-6234.7293
1013.32324	-6087.85724
1012.16309	-5961.6354
1011.00293	-5668.192840000001
1009.84277	-5283.0289
1008.68164	-4407.3763500000005
1007.52051	-3708.32306
1006.35938	-3199.8307899999995
1005.19824	-3204.6725899999997
1004.03711	-3178.4699100000003
1002.875	-3684.9129699999994
1001.71289	-4735.972449999999
1000.55078	-6845.777159999999
999.3877	-10141.691139999999
998.22461	-12957.72367
997.06152	-13272.322909999999
995.89844	-10668.34577
994.73438	-8306.59798
993.57129	-6969.10473
992.40723	-6634.57489
991.24219	-6695.42069
990.07813	-6828.01382
988.91309	-6946.8667700000005
987.74805	-7287.306030000001
986.58301	-7340.6282200000005
985.41699	-7541.84316
984.25098	-7495.26263
983.08496	-7155.01302
981.91895	-6809.50109
980.75195	-6488.52247
979.58496	-6093.95344
978.41797	-5783.06347
977.25098	-5372.0754099999995
976.08301	-4993.63549
974.91504	-4711.56239
973.74707	-4522.749879999999
972.5791	-4262.737590000001
971.41016	-3811.5333800000003
970.24219	-3687.88313
969.07227	-3409.93481
967.90332	-3061.78423
966.7334	-2927.06631
965.56348	-2678.46471
964.39356	-2379.42926
963.22363	-2326.64325
962.05273	-2138.6039800000003
960.88184	-1993.2120200000002
959.71094	-1884.0746800000002
958.54004	-1741.7311499999998
957.36816	-1383.5153599999999
956.19629	-1449.3649
955.02441	-1277.2686199999998
953.85156	-1253.05069
952.67969	-1319.55807
951.50684	-1269.32923
950.33398	-1241.1627
949.16016	-1335.51658
947.98633	-1294.07756
946.8125	-1274.45542
945.63867	-1298.7382499999999
944.46484	-1386.3641599999999
943.29004	-1280.52922
942.11523	-1249.34823
940.94043	-1104.53115
939.76465	-1068.0295700000001
938.58887	-1126.5433500000001
937.41309	-1125.2726400000001
936.23731	-898.06665
935.06055	-985.3350700000001
933.88379	-925.0982299999998
932.70703	-826.2479
931.53027	-792.6711500000001
930.35254	-812.6667499999999
929.17578	-919.3675
927.99805	-867.13926
926.81934	-821.03233
925.6416	-886.30948
924.46289	-836.2817799999999
923.28418	-749.02692
922.10449	-937.70448
920.92481	-1000.44632
919.74609	-1011.44987
919.55176	-968.47347
918.38672	-967.3838499999999
917.2207	-985.71771
916.05469	-986.36877
914.8877	-1059.11633
913.72168	-959.7832199999999
912.55469	-987.93589
911.3877	-960.75946
910.2207	-889.6475399999999
909.05273	-962.82146
907.88574	-1029.1085
906.71777	-880.35837
905.54883	-890.78133
904.38086	-863.0337099999999
903.21191	-834.83884
902.04297	-865.24604
900.87402	-789.69037
899.7041	-700.2720899999999
898.53516	-614.56361
897.36523	-589.49319
896.19434	-589.7950199999999
895.02441	-571.25666
893.85352	-593.28917
892.68262	-529.17955
891.51172	-332.07192
890.34082	-381.19007999999997
889.16895	-309.66575
887.99707	-341.49205
886.8252	-194.20072
885.65332	-126.30229000000001
884.48047	-142.15353
883.30762	-66.62382000000001
882.13477	-17.246559999999995
880.96191	-20.301119999999997
879.78809	138.04901
878.61426	176.53418
877.44043	49.054680000000005
876.2666	109.35412000000001
875.0918	164.41465
873.91699	107.2571
872.74219	81.36941
871.56738	141.16106000000002
870.3916	-6.894069999999999
869.21582	-186.31714
868.04004	-63.02539
866.86426	-53.70975
865.6875	-33.31271
864.51074	43.276830000000004
863.33398	69.93656999999999
862.15723	88.09781000000001
860.97949	55.03654
859.80273	-67.92975
858.625	-17.82767
857.44629	96.16882
856.26856	-25.55736
855.08984	-18.95751
853.91113	-212.74836
852.73145	-123.17538
851.55273	-123.51107
850.37305	-237.66072
849.19336	-161.36854000000002
848.01367	-345.41211
846.83301	-353.53152
845.65234	-350.43939
844.47168	-549.2795000000001
843.29102	-507.47657
842.11035	-428.21128999999996
840.92871	-554.4786300000001
839.74707	-717.28527
838.56445	-790.14501
837.38281	-765.32487
836.2002	-787.39561
835.01758	-711.4195100000001
833.83496	-762.8935799999999
832.65137	-767.81188
831.46777	-891.2330999999999
830.28418	-915.53377
829.10059	-962.1538
827.91699	-984.95166
826.73242	-1056.18702
825.54785	-1144.86104
824.36328	-1011.54372
823.17773	-1170.84417
821.99219	-1128.54099
820.80664	-1124.9642800000001
819.62109	-1117.98785
818.43457	-1092.25916
817.24902	-1049.08142
816.0625	-997.2643300000001
814.875	-920.4575100000001
813.68848	-1064.65079
812.50098	-969.1800099999999
811.31348	-890.46864
810.12598	-979.47668
808.9375	-979.26156
807.74902	-884.02944
806.56055	-868.64185
805.37207	-1064.02952
804.18262	-993.6538499999999
802.99414	-1063.4655699999998
801.80371	-1136.69189
800.61426	-1054.18998
799.42481	-1067.54151
798.23438	-1152.6929300000002
797.04395	-1061.2030000000002
795.85254	-933.67817
794.66211	-937.0484899999999
793.4707	-793.47613
792.2793	-787.4358199999999
791.08789	-702.49807
789.89551	-701.28332
788.70313	-626.7918900000001
787.51074	-604.8285599999999
786.31836	-552.74925
785.125	-587.2534499999999
783.93164	-564.88112
782.73828	-522.6332199999999
781.54492	-482.41747000000004
780.35059	-499.24771
779.15625	-585.67475
777.96191	-659.22448
776.76758	-673.93478
775.57227	-840.46545
774.37695	-942.22879
773.18164	-1059.81943
771.98633	-1190.3192999999999
770.79004	-1246.8421500000002
769.59375	-1246.7883800000002
768.39746	-1106.69059
767.20117	-1062.34616
766.00391	-1091.1042499999999
764.80664	-1053.2719
763.60938	-841.38779
762.41211	-897.14929
761.21387	-971.3044900000001
760.01563	-829.60352
758.81738	-910.31493
757.61816	-926.98378
756.41992	-981.6815199999999
755.2207	-981.5838000000001
754.02148	-1034.26289
752.82129	-955.13968
751.62109	-892.46309
750.4209	-810.16867
749.2207	-1035.2020100000002
748.02051	-1103.31493
746.81934	-1140.00378
745.61816	-1183.41428
744.41699	-1160.2698400000002
743.21484	-1334.05423
742.0127	-1468.44539
740.81055	-1437.3890000000001
739.6084	-1547.12231
738.40625	-1580.21495
737.20313	-1722.05526
736.0	-1591.6194100000002
734.7959	-1893.0208200000002
733.59277	-1827.1865199999997
732.38867	-1847.0463499999998
731.18457	-1997.25364
729.97949	-1939.88267
728.77539	-1773.52725
727.57031	-1719.3428000000001
726.36523	-1629.29178
725.16016	-1672.0913500000001
723.9541	-1626.95733
722.74805	-1613.86461
721.54199	-1561.2631800000001
720.33496	-1682.63362
719.12891	-1691.9217800000001
717.92188	-1921.63473
716.71484	-2096.05387
715.50684	-2271.0739200000003
714.29883	-2446.04009
713.09082	-2601.72631
711.88281	-2789.42329
710.67481	-3124.89013
709.46582	-3449.96091
708.25684	-3812.51847
707.04785	-4230.57059
705.83789	-4649.1178500000005
704.62793	-5195.99964
703.41797	-5879.1388099999995
702.20801	-6387.5565799999995
700.99805	-7217.28862
699.78711	-8065.848419999999
698.57617	-8914.70414
697.36426	-9336.91596
696.15332	-9941.15975
694.94141	-11084.648239999999
693.72949	-12042.80282
692.5166	-12695.39968
691.30469	-13384.91933
690.0918	-13469.10636
688.87891	-13153.40999
687.66504	-12299.820919999998
686.45117	-11095.93261
685.23731	-9987.92603
684.02344	-8832.651730000001
682.80957	-8097.82594
681.59473	-7290.18894
680.37988	-6588.2542300000005
679.16504	-6362.84251
677.94922	-6313.86144
676.7334	-6240.65773
675.51758	-5896.34593
674.30176	-5725.66645
673.08496	-5302.27587
671.86914	-4887.02163
670.65137	-4306.84734
669.43457	-3904.3113099999996
668.2168	-3484.99973
667.0	-2915.26739
665.78125	-2696.6901399999997
664.56348	-2503.2306399999998
663.34473	-2153.44166
662.12598	-2173.73092
660.90723	-1884.02726
659.68848	-1788.5466999999999
658.46875	-1681.98297
657.24902	-1769.06531
656.0293	-1645.51135
654.80859	-1466.7903
653.58789	-1418.75542
652.36719	-1350.20885
651.14648	-1374.52911
649.92481	-1398.47013
648.7041	-1390.6451
647.48242	-1259.1372
646.25977	-1213.9874
645.03711	-1274.0747999999999
643.81543	-1199.43173
642.5918	-1262.09762
641.36914	-1136.1247999999998
640.14551	-943.93733
638.92188	-1091.60796
637.69824	-1156.04554
636.47461	-1176.35782
635.25	-1154.97283
634.02539	-941.6948899999999
632.80078	-1026.56371
631.5752	-1072.7251899999999
630.34961	-1094.40703
629.12402	-1105.82759
627.89844	-1062.0929099999998
626.67188	-994.6129699999999
625.44531	-1041.315
624.21875	-1099.33888
622.99219	-1017.27214
621.76465	-1090.8501600000002
620.53711	-1082.48235
619.30957	-847.02649
618.08106	-636.3167599999999
616.85254	-696.3592100000001
615.62402	-603.08797
614.39551	-658.0437800000001
613.16699	-672.92158
611.9375	-526.1222700000001
610.70801	-471.68133
609.47754	-302.66596
608.24805	-355.75065
607.01758	-208.67584999999997
605.78711	-146.2919
604.55566	-100.20895000000002
603.3252	-177.85153
602.09375	-93.08737
600.86133	-42.22426
599.62988	-95.2568
598.39746	-152.38907
597.16504	-87.88408
595.93262	-119.59101
594.69922	-80.87807
593.46582	-30.82279
592.23242	-42.76488
590.99902	-122.40935
589.76465	-7.0948999999999955
588.53027	-141.91253
587.2959	-190.86554999999998
586.06152	-205.35856
584.82617	-132.60728
583.59082	-149.8373
582.35547	-132.6807
581.11914	-303.01806
579.88281	-268.55502
578.64648	-95.8128
577.41016	-128.65263000000002
