2000.04395	-30.16261
1901.7627	132.35793999999999
1900.78027	-255.16034
1899.79785	141.13412
1898.81543	-7.491780000000006
1897.83203	16.998800000000003
1896.84961	-54.0009
1895.86621	126.90795000000001
1894.88281	92.99791000000002
1893.89844	262.96365000000003
1892.91504	155.70377000000002
1891.93066	-63.251889999999996
1890.94727	-31.79019
1889.96289	23.040699999999998
1888.97754	-44.63861999999999
1887.99316	290.80599
1887.00781	76.17674
1886.02344	6.089519999999993
1885.03809	311.98722
1884.05176	198.87112
1883.06641	150.6034
1882.08106	-66.90497
1881.09473	-100.13221999999999
1880.1084	0.15496999999999872
1879.12207	81.68033000000001
1878.13574	21.79276
1877.14844	20.05198
1876.16211	28.65912
1875.17481	17.450289999999995
1874.1875	-37.98319000000001
1873.19922	-235.74185999999997
1872.21191	-32.41276
1871.22363	-101.6565
1870.23633	147.96967999999998
1869.24805	47.067280000000004
1868.25879	194.14841
1867.27051	-144.71958
1866.28223	67.83098
1865.29297	128.94394
1864.30371	-72.21082
1863.31445	-81.7902
1862.32422	15.56504
1861.33496	-53.06347
1860.34473	66.87148
1859.35449	-205.13859
1858.36426	-180.85900999999998
1857.37402	-312.09513
1856.38379	222.56351
1855.39258	-29.060679999999998
1854.40137	-129.30732
1853.41016	112.65225999999998
1852.41895	-145.34329000000002
1851.42676	-165.50288
1850.43555	-251.13437
1849.44336	-163.47118
1848.45117	-146.55694
1847.45898	-141.45661
1846.4668	-307.52504
1845.47363	-9.52421
1844.48047	-28.03546
1843.48731	-65.33562
1842.49414	-181.56479
1841.50098	-285.26209
1840.50684	-404.21307
1839.51367	-159.76205
1838.51953	-102.91775
1837.52539	-75.78766
1836.53027	120.24691
1835.53613	-120.89412999999999
1834.54102	-40.84902999999999
1833.5459	27.172870000000003
1832.55078	-26.19466
1831.55566	-52.44923
1830.56055	62.09600999999999
1829.56445	-178.17007999999998
1828.56836	-179.21187
1827.57227	-201.38573
1826.57617	-68.25612000000001
1825.58008	52.212890000000016
1824.58301	104.86816999999999
1823.58594	53.78629000000001
1822.58887	1.4475100000000012
1821.5918	-82.00407000000001
1820.59473	41.116119999999995
1819.59668	33.54644999999999
1818.59961	-82.42371000000001
1817.60156	242.53779
1816.60352	-65.34030999999999
1815.60449	112.00614999999999
1814.60645	-68.59089
1813.60742	232.54508
1812.6084	102.51959
1811.60938	204.60922
1810.61035	138.41382000000002
1809.61035	38.58212
1808.61133	106.61406
1807.61133	23.42667
1806.61133	152.12371000000002
1805.61035	297.76009
1804.61035	122.83516999999998
1803.60938	149.29217000000003
1802.6084	58.98975
1801.60742	303.88655
1800.60645	96.92056
1799.60547	41.9461
1798.60352	321.98288
1797.60156	4.8640100000000075
1796.59961	162.14720999999997
1795.59766	173.2931
1794.5957	178.40573
1793.59277	173.60293
1792.58984	92.5637
1791.58789	-1.8259999999999934
1790.58398	-127.32017
1789.58106	-137.7364
1788.57715	-25.756889999999984
1787.57422	-151.2539
1786.57031	7.960470000000001
1785.56641	46.84875999999999
1784.56152	-27.59779
1783.55762	-85.95945999999999
1782.55273	62.29245
1781.54785	-157.05103000000003
1780.54297	-364.37358
1779.53809	-226.59216
1778.53223	92.71825000000001
1777.52734	-98.38802999999999
1776.52148	-171.20243
1775.51563	-299.015
1774.50879	-92.43615
1773.50293	0.11612999999999996
1772.49609	-345.72905000000003
1771.48926	-134.78377999999998
1770.48242	-110.51265
1769.47559	-54.91537000000001
1768.46777	-112.30832
1767.46094	-51.65414
1766.45313	44.175370000000015
1765.44531	-9.367490000000004
1764.4375	-53.56885999999999
1763.42871	15.446969999999993
1762.4209	161.83375
1761.41211	126.84804999999997
1760.40332	229.77376000000004
1759.39356	173.59601999999998
1758.38477	250.75818999999998
1757.375	350.98125000000005
1756.36621	375.90061
1755.35645	515.55625
1754.3457	666.1979699999999
1753.33594	540.2327700000001
1752.3252	422.132
1751.31543	290.79539
1750.30469	527.37546
1749.29297	555.8857899999999
1748.28223	439.39518
1747.27051	404.87697000000003
1746.25977	350.23059
1745.24805	218.57766
1744.23535	401.81208
1743.22363	146.45434
1742.21191	-75.90225
1741.19922	222.9207
1740.18652	154.80983
1739.17383	223.00061
1738.16016	79.12151
1737.14746	97.46623
1736.13379	176.9682
1735.12012	79.67193999999999
1734.10645	96.91805
1733.0918	-210.39287
1732.07813	85.51635
1731.06348	-56.19456
1730.04883	-186.00876
1729.03418	-71.63815
1728.01953	7.860650000000007
1727.00391	186.49373000000003
1725.98828	-17.68488
1724.97266	-165.67022
1723.95703	-95.57533000000001
1722.94141	-32.0787
1721.92481	148.42878000000002
1720.90918	92.70045000000002
1719.89258	-45.22416999999999
1718.87598	-109.30341000000001
1717.8584	95.48406000000003
1716.8418	264.57108999999997
1715.82422	272.2077
1714.80664	75.56360999999998
1713.78906	99.58949000000001
1712.77051	78.42579
1711.75293	61.37819999999999
1710.73438	182.45394
1709.71582	312.9354000000001
1708.69727	239.95770000000005
1707.67871	115.25657000000001
1706.65918	155.6867400000001
1705.64063	158.86126000000002
1704.62109	37.85355000000004
1703.60059	78.46730999999994
1702.58106	67.99787000000003
1701.56152	196.68432
1700.54102	88.79280999999997
1699.52051	-146.53025000000002
1698.5	186.24652999999995
1697.47852	138.19861000000003
1696.45801	153.22023000000002
1695.43652	-49.13303999999994
1694.41504	5.608929999999987
1693.39356	91.01188000000002
1692.37207	242.99209999999994
1691.34961	163.90305
1690.32715	122.52435000000003
1689.30469	48.070839999999976
1688.28223	252.24770999999998
1687.25977	18.379639999999995
1686.23633	92.20749
1685.21387	259.4851299999999
1684.19043	26.788520000000062
1683.16602	383.47900000000004
1682.14258	181.3129499999999
1681.11914	287.1483999999999
1680.09473	316.21276
1679.07031	74.0494000000001
1678.0459	361.1168600000001
1677.02051	231.1068200000002
1675.99609	176.65192000000002
1674.9707	161.48901999999998
1673.94531	-69.32157999999981
1672.91992	177.9528600000001
1671.89356	324.79006000000004
1670.86816	10.594429999999875
1669.8418	142.4778299999998
1668.81543	-20.51113999999984
1667.78906	263.3958
1666.76172	179.68905999999993
1665.73535	35.97837000000004
1664.70801	75.55871000000002
1663.68066	182.42458999999985
1662.65332	458.24095999999986
1661.625	164.90958999999998
1660.59766	367.16821000000004
1659.56934	133.66097999999988
1658.54102	396.16266999999993
1657.5127	300.5496800000001
1656.4834	266.91910000000007
1655.45508	152.03786999999988
1654.42578	275.1874700000003
1653.39648	352.31583
1652.36621	377.76122999999984
1651.33691	260.3919599999999
1650.30664	230.23657000000003
1649.27637	419.48459
1648.24609	236.72224000000006
1647.21582	65.88018000000011
1646.18555	175.27718000000004
1645.1543	114.18578000000025
1644.12305	-1.4122199999997065
1643.0918	136.9161399999998
1642.06055	98.0963499999998
1641.02832	-165.14231999999993
1639.99707	-337.7274199999997
1638.96484	-513.3599800000002
1637.93164	-341.6084000000001
1636.89941	-230.50925000000007
1635.86719	-90.38698999999997
1634.83398	-81.31863000000021
1633.80078	-197.35192000000006
1632.76758	-310.1565599999999
1631.73438	-361.08348000000024
1630.7002	-203.88032999999996
1629.66602	-396.1626799999999
1628.63184	-423.2112099999995
1627.59766	-430.47852999999986
1626.56348	-375.3444100000006
1625.52832	-469.07162999999946
1624.49316	-494.50691000000006
1623.45801	-363.1203399999995
1622.42285	-521.1468800000002
1621.3877	-337.9405799999995
1620.35156	-274.34618000000046
1619.31543	-410.20579
1618.2793	-349.7325600000004
1617.24316	-138.3134600000003
1616.20703	-12.063650000000052
1615.16992	14.623069999999643
1614.13281	24.131970000000365
1613.0957	100.68092999999953
1612.05859	485.5123199999998
1611.02051	350.4882200000002
1609.9834	359.1284599999999
1608.94531	616.6721400000006
1607.90723	701.6798799999997
1606.86816	920.3789099999995
1605.83008	907.60527
1604.79102	1382.1976399999985
1603.75195	1720.8842999999997
1602.71289	2381.4173200000005
1601.67383	2583.483040000001
1600.63379	3600.1437800000003
1599.59473	4713.765490000002
1598.55469	5786.009319999999
1597.51367	7372.508430000002
1596.47363	8821.35814
1595.43359	10642.76629
1594.39258	12920.409040000002
1593.35156	16062.67081
1592.31055	18807.65128
1591.26856	22268.8141
1590.22754	25191.512430000002
1589.18555	28112.226379999996
1588.14356	30823.08088
1587.10059	32853.930759999996
1586.05859	34280.38015
1585.01563	35629.17277
1583.97266	36339.70837000001
1582.92969	36607.941849999996
1581.88672	36882.31730000001
1580.84375	36623.73091
1579.79981	37600.76891
1578.75586	39167.461299999995
1577.71191	42197.67401
1576.66699	48431.571200000006
1575.62305	57064.285780000006
1574.57813	68126.02619
1573.5332	77287.68457
1572.48828	82017.00169
1571.44336	80530.32243999999
1570.39746	74979.25878999999
1569.35156	65627.54714000001
1568.30566	55725.06801
1567.25977	45980.965469999996
1566.21387	38267.705879999994
1565.16699	31584.67179
1564.12012	27036.34077
1563.07324	23700.26869
1562.02637	20437.027919999997
1560.97852	18859.277439999998
1559.93066	16908.56641
1558.88379	15852.92769
1557.83496	14478.21089
1556.78711	13139.619700000001
1555.73926	11962.536800000002
1554.69043	10485.86253
1553.6416	8823.27555
1552.59277	8043.415929999999
1551.54297	6864.363389999999
1550.49414	5928.78693
1549.44434	4470.662779999999
1548.39453	2740.9148999999998
1547.34473	1711.3802400000004
1546.29395	680.3394000000008
1545.24414	-194.39821999999913
1544.19336	-1220.4055399999997
1543.14258	-1644.6212699999996
1542.09082	-2050.7257599999994
1541.04004	-2255.02845
1539.98828	-2053.6662800000013
1538.93652	-1870.631299999999
1537.88477	-1744.9351500000012
1536.83301	-1994.3794399999997
1535.78027	-1719.9508799999994
1534.72754	-1706.6152499999998
1533.67481	-1725.1404300000004
1532.62207	-1667.9870099999998
1531.56934	-1435.7768299999998
1530.51563	-1295.70129
1529.46191	-918.5809300000001
1528.4082	-1050.9633800000001
1527.35449	-935.16471
1526.29981	-531.7474899999997
1525.24609	-319.17775000000074
1524.19141	-24.548929999999928
1523.13672	257.93696
1522.08106	307.33034000000043
1521.02637	203.85323999999946
1519.9707	369.40417999999954
1518.91504	421.40589
1517.85938	295.31615000000056
1516.80273	616.6743200000001
1515.74707	528.9104299999999
1514.69043	518.22568
1513.63379	453.99999000000025
1512.57715	751.93703
1511.51953	578.1926100000001
1510.46191	706.2982200000001
1509.40527	983.0101599999998
1508.34668	924.9293600000001
1507.28906	1195.16358
1506.23145	1512.8361600000003
1505.17285	1061.0945500000003
1504.11426	1350.9980600000004
1503.05566	1333.3023800000005
1501.99609	1395.5433199999998
1500.9375	1392.4300999999996
1499.87793	1454.6599700000002
1498.81836	1519.0237499999998
1497.75781	1656.2584000000002
1496.69824	1596.5693399999996
1495.6377	2180.68221
1494.57715	2069.3021000000003
1493.5166	2460.54463
1492.45606	3043.42176
1491.39453	3749.6622899999998
1490.33301	4429.5140599999995
1489.27148	5482.12017
1488.20996	6058.2140500000005
1487.14844	6068.089910000001
1486.08594	6913.05197
1485.02344	7006.131869999999
1483.96094	6772.44385
1482.89844	6521.9213500000005
1481.83496	6091.921090000001
1480.77246	5745.978510000001
1479.70898	5601.49019
1478.64453	5495.36967
1477.58106	5556.130549999999
1476.51758	6408.218789999999
1475.45313	7548.015959999999
1474.38867	8515.91234
1473.32324	9005.09259
1472.25879	8290.284090000001
1471.19336	6887.77991
1470.12793	5247.673180000001
1469.0625	3788.3122299999995
1467.99707	2473.78687
1466.93066	1395.8273100000001
1465.86523	530.98191
1464.79883	20.040089999999964
1463.73145	-315.9585500000003
1462.66504	-537.4251399999998
1461.59766	-944.2686000000003
1460.53027	-1072.68952
1459.46289	-1249.5625899999998
1458.39551	-1356.0204700000002
1457.32715	-1154.0806300000002
1456.25977	-1239.6512400000001
1455.19141	-1274.4232299999999
1454.12305	-864.3717399999999
1453.05371	-978.76999
1451.98535	-492.19606999999996
1450.91602	-390.03616
1449.84668	-231.0945499999999
1448.77637	-132.1645699999999
1447.70703	-88.9105699999999
1446.63672	46.57421999999997
1445.56641	335.9100199999999
1444.49609	305.8372200000001
1443.42578	270.18234999999993
1442.35449	90.22865999999999
1441.2832	31.827929999999924
1440.21191	85.81398000000002
1439.14063	179.09605
1438.06934	-73.75434999999993
1436.99707	158.69170999999994
1435.92481	60.606840000000034
1434.85254	302.5460600000001
1433.78027	-232.77033999999998
1432.70703	-588.88846
1431.63379	-259.3708
1430.56055	-427.55696
1429.48731	-327.69634
1428.41309	-257.78125
1427.33984	-229.40497
1426.26563	-496.84232
1425.19141	-315.90724
1424.11621	-509.22062999999997
1423.04199	-511.38709
1421.9668	-447.27946
1420.8916	-277.71308
1419.81641	-446.14485
1418.74023	-288.12757
1417.66504	-431.23638
1416.58887	-530.27404
1415.5127	-807.08889
1414.43555	-563.72163
1413.35938	-456.64049
1412.28223	-641.67478
1411.20508	-653.05523
1410.12793	-681.32813
1409.04981	-850.33837
1407.97266	-1003.6405
1406.89453	-657.67744
1405.81641	-1200.14614
1404.73731	-1156.75173
1403.65918	-991.6835900000001
1402.58008	-1031.93518
1401.50098	-1210.87222
1400.42188	-851.66045
1399.3418	-1006.17887
1398.2627	-827.33473
1397.18262	-427.77771
1396.10254	-600.09543
1395.02148	-543.94452
1393.94141	-332.40918
1392.86035	-270.4174
1391.7793	-334.15156
1390.69824	-205.26959
1389.61621	-155.26777
1388.53516	-226.18560000000002
1387.45313	-225.42947999999996
1386.37109	-141.57558999999998
1385.28809	-89.24569000000002
1384.20606	-52.077210000000036
1383.12305	-69.73042999999996
1382.04004	360.70979
1380.95703	168.18217000000004
1379.87305	236.00189999999998
1378.78906	102.58386999999999
1377.70508	111.08726999999999
1376.62109	-7.445429999999988
1375.53711	242.35303999999996
1374.45215	262.1408799999999
1373.36719	342.7036
1372.28223	62.10409000000004
1371.19727	149.9285900000001
1370.11231	213.66133000000002
1369.02637	433.18187
1367.94043	503.83099000000004
1366.85449	506.80012
1365.76758	437.78739
1364.68164	140.78927
1363.59473	389.84648
1362.50781	189.75581999999997
1361.41992	296.85353999999995
1360.33301	111.14904000000001
1359.24512	119.28172
1358.15723	56.517990000000026
1357.06934	204.89578
1355.98145	332.92794
1354.89258	-28.283149999999992
1353.80371	-56.00432
1352.71484	16.773870000000002
1351.625	123.00348
1350.53613	-143.74244
1349.44629	-270.28585
1348.35645	-243.94772
1347.2666	-128.51563
1346.17578	-444.71427
1345.08594	-425.78782
1343.99512	-294.40778
1342.90332	-294.01333000000005
1341.8125	-394.21306
1340.7207	-112.12836999999999
1339.62988	-42.68544
1338.53809	276.17273
1337.44531	375.07465
1336.35352	807.45347
1335.26074	1024.32013
1334.16797	1221.37506
1333.0752	1445.05003
1331.98145	1260.53295
1330.88867	1217.73043
1329.79492	1346.97236
1328.70117	1214.6933800000002
1327.60645	1233.85881
1326.5127	1182.27833
1325.41797	837.08817
1324.32324	904.41864
1323.22754	437.46746
1322.13281	121.51008999999999
1321.03711	76.6993
1319.94141	-211.81947000000002
1318.8457	-332.92947
1317.75	-239.29029000000003
1316.65332	-494.73532
1315.55664	-587.78485
1314.45996	-670.34693
1313.36328	-762.94995
1312.26563	-653.7829899999999
1311.16797	-733.31793
1310.07031	-599.2085900000002
1308.97266	-622.3960300000001
1307.87402	-801.05709
1306.77637	-651.7276300000001
1305.67773	-789.53607
1304.5791	-769.0753599999999
1303.47949	-682.07511
1302.38086	-714.21309
1301.28125	-901.8343299999999
1300.18164	-881.00977
1299.08106	-908.8448599999999
1297.98145	-830.84988
1296.88086	-912.59322
1295.78027	-855.9313500000001
1294.67969	-608.9598700000001
1293.57813	-563.0411100000001
1292.47656	-469.9492399999999
1291.375	-357.10482
1290.27344	-408.24226
1289.17188	-177.11518000000024
1288.06934	90.11405999999988
1286.9668	198.23331999999937
1285.86426	219.91060000000016
1284.76172	159.96795999999995
1283.6582	150.41363
1282.55469	54.84586000000036
1281.45117	132.44953999999962
1280.34766	69.30380999999943
1279.24414	-29.41356999999971
1278.13965	225.45155999999997
1277.03516	167.88547999999992
1275.93066	477.53574000000026
1274.8252	472.2527399999999
1273.7207	710.7083199999997
1272.61523	570.0682499999998
1271.50879	233.2767399999998
1270.40332	156.78620000000024
1269.29785	294.58987
1268.19141	242.21634999999992
1267.08496	244.76787999999988
1265.97754	475.2338199999999
1264.87109	437.4070200000001
1263.76367	446.45753000000013
1262.65625	655.3648000000001
1261.54883	543.3671300000001
1260.44043	123.28998999999999
1259.33301	-62.1786800000001
1258.22461	-259.37432
1257.11523	-415.23061999999993
1256.00684	-408.53941
1254.89746	-496.3863
1253.78809	-547.19815
1252.67871	-505.962
1251.56934	-669.7353400000001
1250.45898	-457.0432
1249.34961	-515.04184
1248.23926	-766.6869
1247.12793	-629.24374
1246.01758	-620.43492
1244.90625	-637.6938200000001
1243.79492	-603.5881400000001
1242.68359	-672.70007
1241.57129	-561.5326
1240.45996	-452.53917
1239.34766	-388.61806
1238.23438	-506.16465000000005
1237.12207	-399.72613
1236.00879	-211.98014
1234.89648	-483.3380900000001
1233.78223	-301.28821999999997
1232.66895	-442.34937999999994
1231.55566	-342.44618
1230.44141	-411.08717
1229.32715	-358.88706
1228.21191	-310.45493
1227.09766	-304.09521
1225.98242	-203.0039
1224.86719	-39.73705000000001
1223.75195	-148.36405
1222.63574	92.98419000000001
1221.52051	77.11198000000002
1220.4043	85.41084000000001
1219.28711	36.953149999999994
1218.1709	169.85032999999999
1217.05371	1.744889999999998
1215.93652	55.73647999999997
1214.81934	49.13928999999996
1213.70215	-57.96577000000002
1212.58398	-131.21821
1211.46582	-114.18727000000001
1210.34766	-154.82175999999993
1209.22949	-75.87554
1208.11035	-125.23191999999995
1206.99219	-86.83933999999999
1205.87305	-258.44046000000003
1204.75293	-148.39757999999983
1203.63379	-116.69498000000021
1202.51367	-197.61501999999996
1201.39356	-232.68646999999987
1200.27344	-181.0016899999996
1199.15234	-16.790860000000066
1198.03223	-133.39201000000003
1196.91113	30.07145999999966
1195.79004	133.8703300000002
1194.66797	315.83152000000064
1193.5459	242.37086999999974
1192.42481	620.5642100000005
1191.30176	817.2309600000008
1190.17969	883.1661699999995
1189.05664	1229.93646
1187.93359	1924.7529100000002
1186.81055	2513.4294200000004
1185.6875	3288.77289
1184.56348	4020.0603899999996
1183.44043	4695.830650000001
1182.31641	5027.491970000001
1181.19141	5376.684570000001
1180.06738	5533.635520000001
1178.94238	5243.433190000001
1177.81738	4606.62415
1176.69238	4165.14639
1175.56641	3535.20304
1174.44043	3110.3620900000005
1173.31445	2740.79378
1172.18848	2483.88562
1171.0625	2500.4286300000003
1169.93555	2322.24159
1168.80859	2382.94975
1167.68164	2122.53827
1166.55371	1775.68874
1165.42676	1342.25727
1164.29883	727.6153400000001
1163.1709	646.1737
1162.04199	656.12523
1160.91406	557.5638299999999
1159.78516	594.5379199999999
1158.65625	482.7053299999999
1157.52637	634.49428
1156.39746	545.3018999999999
1155.26758	392.41124
1154.1377	350.05768
1153.00684	234.31678000000002
1151.87695	37.35385000000002
1150.74609	78.38026
1149.61523	-18.21676
1148.48438	-50.76938
1147.35254	27.53942
1146.2207	141.50581
1145.08887	117.68955
1143.95703	-116.15345
1142.8252	168.61788
1141.69238	6.757539999999999
1140.55957	-8.17671
1139.42676	-133.90428
1138.29297	-105.78205
1137.15918	-72.44345000000001
1136.02539	18.73207000000002
1134.8916	13.18050999999997
1133.75781	-74.24272000000002
1132.62305	-53.95116000000007
1131.48828	-95.70423000000005
1130.35352	-248.65731000000005
1129.21777	-111.63706000000002
1128.08301	-16.918949999999995
1126.94727	311.86520999999993
1125.81152	559.5443300000002
1124.67481	894.2434699999999
1123.53906	1251.612
1122.40234	1568.67951
1121.26563	2051.1566399999997
1120.12793	2406.59268
1118.99023	3026.5629099999996
1117.85352	3467.8730599999994
1116.71484	4137.41408
1115.57715	4759.98907
1114.43945	5226.52528
1113.30078	5918.31273
1112.16211	6269.875539999999
1111.02246	6689.13311
1109.88379	7135.97108
1108.74414	7029.682390000001
1107.60449	7183.534659999999
1106.46387	7036.762949999999
1105.32422	7043.3554699999995
1104.18359	6623.994
1103.04297	6346.70696
1101.90234	6289.7514200000005
1100.76074	5599.20084
1099.61914	5469.90714
1098.47754	5494.80187
1097.33594	4827.28851
1096.19336	4357.33958
1095.05176	4325.01851
1093.90918	4025.1666400000013
1092.76563	3569.5814100000007
1091.62305	3235.48091
1090.47949	2951.1930900000025
1089.33594	2796.8536999999997
1088.19238	3260.38565
1087.04785	3519.08771
1085.90332	5531.567199999998
1084.75879	7266.645960000002
1083.61426	10643.090910000003
1082.46973	14808.241649999996
1081.32422	20329.20987
1080.17871	26173.77468
1079.0332	32099.3212
1077.88672	39261.93253
1076.74023	47813.395240000005
1075.59375	56559.49787
1074.44727	66647.99184
1073.30078	75173.63477
1072.15332	81883.01047
1071.00586	84975.04634
1069.8584	85303.38956000001
1068.70996	81286.13796
1067.56152	75006.12367
1066.41309	67131.32102
1065.26465	58775.82005000001
1064.11621	50429.13991
1062.9668	42366.48731
1061.81738	35151.871360000005
1060.66797	29308.111599999997
1059.51758	25056.75666
1058.36816	21815.079059999996
1057.21777	16357.920010000002
1056.06738	14915.410020000001
1054.91602	13167.186620000002
1053.76465	11739.34504
1052.61328	10663.216509999998
1051.46191	9962.87329
1050.31055	8612.921610000001
1049.1582	7352.37226
1048.00586	6355.97303
1046.85352	5453.8319200000005
1045.7002	4892.84197
1044.54785	4085.83285
1043.39453	4120.1795
1042.24023	3493.4540700000002
1041.08691	2966.8894099999998
1039.93262	2872.2557100000004
1038.77832	2559.3738699999994
1037.62402	2505.0107399999997
1036.46973	2464.74039
1035.31445	2554.31235
1034.15918	2514.5482199999997
1033.00391	2799.68757
1031.84766	3423.83209
1030.69238	3901.69744
1029.53613	4626.28875
1028.37891	5658.27688
1027.22266	8187.70663
1026.06543	12855.48157
1024.9082	20919.069379999997
1023.75098	30589.02583
1022.59375	37297.637520000004
1021.43555	38960.6958
1020.27734	33163.549139999996
1019.11914	23890.634720000002
1017.95996	14775.23127
1016.80078	8171.077480000001
1015.6416	4391.709379999999
1014.48242	3070.605780000001
1013.32324	2769.8534500000005
1012.16309	3242.7599900000005
1011.00293	3387.9523
1009.84277	3337.2340400000003
1008.68164	3565.417839999999
1007.52051	3653.59522
1006.35938	3475.48336
1005.19824	3701.84901
1004.03711	4745.87402
1002.875	7469.241570000001
1001.71289	15225.018759999999
1000.55078	30231.90692
999.3877	48184.01491
998.22461	55630.74996
997.06152	44981.012780000005
995.89844	25140.160819999997
994.73438	9643.31242
993.57129	3174.84357
992.40723	469.39670000000024
991.24219	-858.7000200000002
990.07813	-1629.1736099999998
988.91309	-1918.8924500000003
987.74805	-1956.52725
986.58301	-2117.45961
985.41699	-2111.1757800000005
984.25098	-2701.1565199999995
983.08496	-2799.57564
981.91895	-3346.6954699999997
980.75195	-3216.09548
979.58496	-3133.61703
978.41797	-3268.72887
977.25098	-3208.54137
976.08301	-3140.70715
974.91504	-3032.75749
973.74707	-2883.36514
972.5791	-2815.9333400000005
971.41016	-2290.12656
970.24219	-2316.7856300000003
969.07227	-2083.8206200000004
967.90332	-1982.6974100000002
966.7334	-1727.2672400000001
965.56348	-1490.6014700000003
964.39356	-1199.1397999999997
963.22363	-1249.5832899999998
962.05273	-1065.33606
960.88184	-931.4325800000001
959.71094	-654.5530700000002
958.54004	-457.9481699999999
957.36816	-142.70197000000007
956.19629	-130.87863000000016
955.02441	65.02138000000014
953.85156	-100.85336000000007
952.67969	180.85688000000005
951.50684	204.9071899999999
950.33398	322.82106999999996
949.16016	156.35562000000004
947.98633	410.92389000000003
946.8125	536.37897
945.63867	517.39723
944.46484	268.08214999999996
943.29004	252.27078000000006
942.11523	211.5243599999999
940.94043	264.08889
939.76465	159.14728999999988
938.58887	149.99829
937.41309	214.2791299999999
936.23731	233.1721500000001
935.06055	143.3035699999998
933.88379	124.03311000000008
932.70703	-65.84337999999991
931.53027	42.76989000000003
930.35254	-1.33782999999994
929.17578	22.70327999999995
927.99805	41.4866199999999
926.81934	8.685109999999895
925.6416	-85.63898000000006
924.46289	52.467440000000124
923.28418	113.91173000000003
922.10449	39.690740000000005
920.92481	-125.19069999999999
919.74609	-128.47870999999998
919.55176	-283.00954
918.38672	-277.29097
917.2207	-231.0615899999999
916.05469	-367.38311
914.8877	-453.94921000000005
913.72168	-312.14026
912.55469	-357.48039000000006
911.3877	-421.60706999999996
910.2207	-338.22078
909.05273	-210.45452
907.88574	-332.68485
906.71777	-390.14444000000003
905.54883	-265.01884999999993
904.38086	-166.66454999999996
903.21191	-223.58758
902.04297	-197.84624999999994
900.87402	-61.25066000000004
899.7041	38.68020000000001
898.53516	100.29468999999995
897.36523	143.44319000000007
896.19434	113.85846000000004
895.02441	11.947369999999978
893.85352	5.522889999999961
892.68262	-225.01482999999996
891.51172	-91.03652
890.34082	-149.00847
889.16895	-447.87597
887.99707	-388.29707
886.8252	-162.79755999999998
885.65332	-349.84568
884.48047	-290.11944
883.30762	-339.70621
882.13477	3.6485100000000017
880.96191	6.425080000000001
879.78809	-90.63916999999998
878.61426	-107.94635
877.44043	31.34759
876.2666	-113.89451
875.0918	106.66362
873.91699	206.43311999999997
872.74219	-60.806360000000005
871.56738	17.613210000000002
870.3916	166.779
869.21582	128.42164
868.04004	168.06465999999998
866.86426	204.40938999999997
865.6875	157.01952
864.51074	149.3377
863.33398	168.39521
862.15723	186.72024
860.97949	-33.70236
859.80273	-61.85674
858.625	-85.33855
857.44629	49.546310000000005
856.26856	58.37235
855.08984	-0.9118200000000058
853.91113	-11.242539999999991
852.73145	117.61189000000002
851.55273	-45.52354000000001
850.37305	-2.8763899999999865
849.19336	-50.34274000000002
848.01367	-34.65447999999998
846.83301	-68.44536
845.65234	129.90238000000005
844.47168	56.82999999999993
843.29102	137.06691
842.11035	110.68988000000002
840.92871	203.14293999999995
839.74707	202.76686000000007
838.56445	-43.647519999999986
837.38281	138.41084
836.2002	-13.229690000000005
835.01758	-112.00917000000004
833.83496	48.367860000000064
832.65137	20.83757000000014
831.46777	70.79592000000002
830.28418	219.61639999999989
829.10059	242.71357000000012
827.91699	313.11205999999993
826.73242	287.32681
825.54785	332.9677099999999
824.36328	380.57338000000004
823.17773	438.38472
821.99219	424.73797000000013
820.80664	367.78779999999983
819.62109	382.00748999999996
818.43457	316.66768
817.24902	373.17398000000003
816.0625	368.3821499999999
814.875	391.00775999999996
813.68848	366.17939
812.50098	293.25274000000013
811.31348	163.39791999999989
810.12598	-16.19243000000006
808.9375	47.39657999999986
807.74902	31.634270000000015
806.56055	-240.10462000000007
805.37207	-402.43866000000014
804.18262	-458.66756
802.99414	-481.02931999999987
801.80371	-830.3416800000001
800.61426	-685.8058599999999
799.42481	-637.39491
798.23438	-850.70496
797.04395	-837.9951700000001
795.85254	-822.58164
794.66211	-705.5785599999999
793.4707	-610.5942500000001
792.2793	-658.95015
791.08789	-691.06951
789.89551	-499.40866000000005
788.70313	-483.19343000000003
787.51074	-526.9129399999999
786.31836	-521.36828
785.125	-490.34835
783.93164	-560.9665
782.73828	-481.38009
781.54492	-687.88662
780.35059	-663.99157
779.15625	-582.11433
777.96191	-626.04616
776.76758	-657.31194
775.57227	-687.58645
774.37695	-805.79367
773.18164	-852.2994799999999
771.98633	-810.03135
770.79004	-861.0700000000002
769.59375	-712.2945400000001
768.39746	-563.25118
767.20117	-323.24760000000003
766.00391	-597.4146099999999
764.80664	-626.36805
763.60938	-502.92241
762.41211	-346.5934199999999
761.21387	-444.91960000000006
760.01563	-333.63847
758.81738	-213.07027000000005
757.61816	-147.96434
756.41992	-40.24669999999992
755.2207	95.5007099999998
754.02148	593.3850600000001
752.82129	776.47173
751.62109	1072.52477
750.4209	1332.32916
749.2207	1304.15935
748.02051	1154.6100299999998
746.81934	989.42263
745.61816	1078.22384
744.41699	1115.9536799999998
743.21484	1131.72687
742.0127	1488.22254
740.81055	1942.29032
739.6084	2191.85282
738.40625	2431.1171999999997
737.20313	2369.7748100000003
736.0	1957.3273599999998
734.7959	1650.59469
733.59277	1458.40164
732.38867	1243.1900100000003
731.18457	1184.9940700000002
729.97949	789.9330799999998
728.77539	823.2386799999997
727.57031	797.9397299999998
726.36523	633.1433300000001
725.16016	548.8781299999998
723.9541	389.59846000000016
722.74805	374.2619400000001
721.54199	132.7819300000001
720.33496	-199.40473999999995
719.12891	-282.67096000000015
717.92188	-301.5248999999999
716.71484	-358.61975000000007
715.50684	-486.08801000000017
714.29883	-592.4738600000001
713.09082	-935.2641300000003
711.88281	-967.7465500000001
710.67481	-1286.3130800000001
709.46582	-1506.02299
708.25684	-1950.78852
707.04785	-2009.4979200000002
705.83789	-2350.2058100000004
704.62793	-2970.1010100000003
703.41797	-3159.1094399999997
702.20801	-3527.3874499999997
700.99805	-3877.8229300000003
699.78711	-4415.6142
698.57617	-4394.61381
697.36426	-3977.7675800000006
696.15332	-2872.12215
694.94141	-1539.3200500000003
693.72949	354.3257199999989
692.5166	3008.090550000001
691.30469	4476.293319999999
690.0918	4967.382899999999
688.87891	4923.399940000001
687.66504	4943.288090000002
686.45117	3938.2457400000003
685.23731	3273.78125
684.02344	2807.5769699999983
682.80957	1898.8834399999996
681.59473	1726.6818199999989
680.37988	1513.0732900000003
679.16504	1485.4730099999988
677.94922	1415.8639900000007
676.7334	1298.3252400000001
675.51758	1422.3285699999997
674.30176	1353.2623199999998
673.08496	1321.9402099999998
671.86914	944.0056599999998
670.65137	1039.8525799999998
669.43457	1132.54772
668.2168	1058.7727000000004
667.0	932.0899300000001
665.78125	939.39959
664.56348	812.7785899999999
663.34473	883.5242000000003
662.12598	566.01793
660.90723	664.9384500000001
659.68848	966.7263899999998
658.46875	729.82347
657.24902	618.8654800000002
656.0293	701.9420599999999
654.80859	577.4081700000002
653.58789	461.77341
652.36719	507.81572000000006
651.14648	457.28639999999996
649.92481	446.3438100000001
648.7041	447.19552
647.48242	302.56492000000003
646.25977	326.46361
645.03711	185.23083999999994
643.81543	363.18778999999995
642.5918	364.06617000000006
641.36914	447.77123000000006
640.14551	463.45696
638.92188	429.24676
637.69824	324.42544
636.47461	465.40367000000015
635.25	508.76087000000007
634.02539	925.80558
632.80078	806.01016
631.5752	962.49731
630.34961	1034.79965
629.12402	850.2874300000001
627.89844	885.2893000000001
626.67188	942.5432500000002
625.44531	960.78162
624.21875	1002.89555
622.99219	683.4447299999999
621.76465	775.1241399999999
620.53711	869.4053799999999
619.30957	1094.86202
618.08106	1399.8944700000002
616.85254	1545.31706
615.62402	2103.45994
614.39551	2278.69387
613.16699	2065.8646000000003
611.9375	1834.60644
610.70801	1567.1374400000002
609.47754	1568.30164
608.24805	1450.8049099999998
607.01758	1496.9075699999999
605.78711	1492.7798799999998
604.55566	1526.07764
603.3252	1442.51168
602.09375	1631.9864699999998
600.86133	1546.1123599999999
599.62988	1535.65187
598.39746	1316.25702
597.16504	1269.17119
595.93262	1235.4929000000002
594.69922	1011.81716
593.46582	991.75271
592.23242	898.96867
590.99902	705.00427
589.76465	452.66515000000004
588.53027	389.09614
587.2959	281.08778
586.06152	35.22716
584.82617	52.70645999999999
583.59082	50.46366999999999
582.35547	-14.037949999999995
581.11914	-215.79435
579.88281	-224.29981
578.64648	-234.78974
577.41016	-248.16059
