2000.04395	6.327310000000001
1901.7627	59.40521
1900.78027	-137.31880999999998
1899.79785	-0.1833300000000051
1898.81543	-111.0651
1897.83203	-85.20741
1896.84961	-42.90341
1895.86621	37.48219
1894.88281	-215.88198
1893.89844	53.105290000000004
1892.91504	-139.68601999999998
1891.93066	-169.58544
1890.94727	-94.73503
1889.96289	66.69639000000001
1888.97754	-120.06804999999999
1887.99316	-37.04716
1887.00781	-144.78467999999998
1886.02344	-49.696130000000004
1885.03809	-66.13102
1884.05176	-120.61557
1883.06641	32.87616
1882.08106	-48.30769
1881.09473	-170.58032
1880.1084	-86.51187
1879.12207	-122.87061
1878.13574	33.78513
1877.14844	86.32154
1876.16211	30.62053
1875.17481	-136.78618
1874.1875	-101.37625000000001
1873.19922	43.451499999999996
1872.21191	20.69486
1871.22363	-15.61125
1870.23633	-23.23278
1869.24805	-45.06398
1868.25879	36.06327
1867.27051	44.71762
1866.28223	-81.68051
1865.29297	29.740449999999996
1864.30371	23.908179999999998
1863.31445	69.54203
1862.32422	-96.64251999999999
1861.33496	-20.559360000000005
1860.34473	55.78748
1859.35449	-61.80503
1858.36426	-56.8559
1857.37402	-36.045230000000004
1856.38379	42.73133
1855.39258	-32.60597
1854.40137	-60.27085
1853.41016	83.11273999999999
1852.41895	-123.91196
1851.42676	-119.57489
1850.43555	-231.27504
1849.44336	-111.79713
1848.45117	-55.80555999999999
1847.45898	-141.64748
1846.4668	-124.07427000000001
1845.47363	15.68167
1844.48047	-52.6552
1843.48731	-79.55662
1842.49414	-96.32691
1841.50098	-13.961930000000002
1840.50684	-86.38006
1839.51367	-184.94411
1838.51953	-172.82143
1837.52539	-123.05713
1836.53027	64.3907
1835.53613	-245.37158
1834.54102	-89.74969
1833.5459	1.0084499999999963
1832.55078	-60.8258
1831.55566	-201.16808
1830.56055	-71.00308
1829.56445	-67.61495
1828.56836	-129.84449999999998
1827.57227	-114.78747999999999
1826.57617	-117.13577000000001
1825.58008	-117.68905
1824.58301	-8.541620000000002
1823.58594	-120.61980999999999
1822.58887	-10.987939999999995
1821.5918	-35.56678000000001
1820.59473	-81.22006
1819.59668	-80.20413
1818.59961	-146.86828000000003
1817.60156	-134.21748000000002
1816.60352	-0.06958999999999094
1815.60449	-130.13338
1814.60645	-36.424549999999996
1813.60742	-181.35927
1812.6084	-25.174419999999998
1811.60938	47.267179999999996
1810.61035	-24.647289999999998
1809.61035	-199.5344
1808.61133	-110.90235000000001
1807.61133	-51.59971
1806.61133	-146.10039
1805.61035	-116.06512999999998
1804.61035	-72.10481000000001
1803.60938	-60.913719999999984
1802.6084	-18.426370000000006
1801.60742	-99.20568
1800.60645	10.395459999999986
1799.60547	-107.61073999999999
1798.60352	-117.28442999999999
1797.60156	-67.93028
1796.59961	-90.55549
1795.59766	-51.780540000000016
1794.5957	-85.82021
1793.59277	87.16073
1792.58984	-118.87316000000001
1791.58789	-66.55947
1790.58398	-50.185050000000004
1789.58106	-133.18986999999998
1788.57715	-108.08259999999999
1787.57422	-89.45151999999999
1786.57031	-124.25195
1785.56641	-22.247030000000002
1784.56152	-52.65453
1783.55762	-195.50597
1782.55273	-77.01118
1781.54785	6.873509999999996
1780.54297	-30.529700000000002
1779.53809	-77.17903000000001
1778.53223	48.245509999999996
1777.52734	-165.57596999999998
1776.52148	-204.08548
1775.51563	-69.54595
1774.50879	21.5753
1773.50293	-22.68344
1772.49609	-106.39876000000001
1771.48926	-39.402379999999994
1770.48242	-94.96410999999999
1769.47559	-133.43257
1768.46777	-187.59816
1767.46094	-180.67917
1766.45313	-159.93293
1765.44531	-108.33688000000001
1764.4375	-87.76550999999999
1763.42871	-162.62727
1762.4209	-103.20682
1761.41211	-139.85031
1760.40332	-19.656019999999984
1759.39356	-177.02882
1758.38477	-73.17054999999999
1757.375	15.832920000000001
1756.36621	-110.15837
1755.35645	-83.51535
1754.3457	44.05171000000001
1753.33594	-60.05093999999998
1752.3252	-14.402410000000003
1751.31543	84.14457999999999
1750.30469	174.53008
1749.29297	191.62731
1748.28223	63.70454
1747.27051	131.16067
1746.25977	-62.57428
1745.24805	35.22854
1744.23535	121.86865
1743.22363	67.46545
1742.21191	-3.62261
1741.19922	172.56941
1740.18652	78.6098
1739.17383	76.10282000000001
1738.16016	59.697410000000005
1737.14746	-82.32238
1736.13379	56.169219999999996
1735.12012	27.24597
1734.10645	96.31047
1733.0918	-3.6684699999999992
1732.07813	-16.59535
1731.06348	-64.17323999999999
1730.04883	-55.15957
1729.03418	-127.03990999999999
1728.01953	-113.65719999999999
1727.00391	-88.2458
1725.98828	18.07721
1724.97266	-151.36163
1723.95703	-109.79413
1722.94141	-91.30096
1721.92481	-33.41862999999999
1720.90918	-183.5273
1719.89258	-389.95585
1718.87598	-235.76356
1717.8584	-162.97875
1716.8418	-243.34648
1715.82422	-191.43534999999997
1714.80664	-280.42422999999997
1713.78906	-167.59093000000001
1712.77051	-360.6162
1711.75293	-354.63709
1710.73438	-358.42327
1709.71582	-308.18894
1708.69727	-470.78508
1707.67871	-431.75902
1706.65918	-518.48082
1705.64063	-391.5414
1704.62109	-470.8959
1703.60059	-400.37618000000003
1702.58106	-545.00546
1701.56152	-414.55073000000004
1700.54102	-448.06919
1699.52051	-470.8814
1698.5	-276.92569000000003
1697.47852	-407.56345999999996
1696.45801	-416.59772
1695.43652	-350.47677
1694.41504	-443.85682
1693.39356	-569.69137
1692.37207	-525.96361
1691.34961	-715.61375
1690.32715	-762.3072
1689.30469	-489.11288
1688.28223	-542.73592
1687.25977	-784.28956
1686.23633	-778.89359
1685.21387	-757.10516
1684.19043	-740.5754999999999
1683.16602	-699.79096
1682.14258	-708.8482
1681.11914	-755.4034399999999
1680.09473	-794.66926
1679.07031	-1067.80883
1678.0459	-858.36077
1677.02051	-963.3468799999999
1675.99609	-932.1613799999999
1674.9707	-1003.9241499999999
1673.94531	-1132.8173
1672.91992	-1156.52102
1671.89356	-1087.17364
1670.86816	-1145.71369
1669.8418	-1265.99295
1668.81543	-1140.8201
1667.78906	-1244.00908
1666.76172	-1128.0858
1665.73535	-1225.83784
1664.70801	-1233.37813
1663.68066	-1192.22046
1662.65332	-1307.70017
1661.625	-1410.81367
1660.59766	-1388.0753599999998
1659.56934	-1433.7499
1658.54102	-1218.20904
1657.5127	-1600.08493
1656.4834	-1648.05116
1655.45508	-1649.49945
1654.42578	-1628.92087
1653.39648	-1556.7955299999999
1652.36621	-1865.97321
1651.33691	-1867.56568
1650.30664	-1956.0091300000001
1649.27637	-1989.73392
1648.24609	-2179.64759
1647.21582	-2218.4769699999997
1646.18555	-2160.27604
1645.1543	-2230.79859
1644.12305	-2365.08245
1643.0918	-2389.08422
1642.06055	-2629.54342
1641.02832	-2617.14128
1639.99707	-2812.9324699999997
1638.96484	-2990.90362
1637.93164	-2752.01807
1636.89941	-2786.7345299999997
1635.86719	-3033.0279200000004
1634.83398	-3137.1816400000002
1633.80078	-3199.81554
1632.76758	-3027.93482
1631.73438	-3272.92961
1630.7002	-3395.2357899999997
1629.66602	-3399.97396
1628.63184	-3590.8058799999994
1627.59766	-3611.5802799999997
1626.56348	-3863.3115700000003
1625.52832	-3984.28428
1624.49316	-4157.01027
1623.45801	-4013.5236
1622.42285	-4323.32132
1621.3877	-4448.73727
1620.35156	-4525.17199
1619.31543	-4634.87479
1618.2793	-4831.931780000001
1617.24316	-4822.5681
1616.20703	-5031.99175
1615.16992	-5181.7639
1614.13281	-5247.20165
1613.0957	-5545.09995
1612.05859	-5670.46693
1611.02051	-5852.47516
1609.9834	-6286.87838
1608.94531	-6499.80393
1607.90723	-6716.99846
1606.86816	-7094.961300000001
1605.83008	-7370.457960000001
1604.79102	-7775.050040000001
1603.75195	-8202.454810000001
1602.71289	-8845.84025
1601.67383	-9530.96154
1600.63379	-10288.49489
1599.59473	-10867.89222
1598.55469	-11743.05367
1597.51367	-12548.89245
1596.47363	-13842.866960000001
1595.43359	-14827.49348
1594.39258	-15595.845839999998
1593.35156	-16740.37801
1592.31055	-17729.60263
1591.26856	-18698.78551
1590.22754	-19415.3821
1589.18555	-20474.29803
1588.14356	-21204.78924
1587.10059	-21435.25381
1586.05859	-21684.574929999995
1585.01563	-21829.757899999997
1583.97266	-21434.624639999995
1582.92969	-21348.733930000002
1581.88672	-21002.306729999997
1580.84375	-20751.358930000002
1579.79981	-19734.38441
1578.75586	-19851.72913
1577.71191	-19328.90607
1576.66699	-18965.64267
1575.62305	-19004.208359999997
1574.57813	-20000.69256
1573.5332	-21010.08008
1572.48828	-21890.148699999998
1571.44336	-22435.81428
1570.39746	-23006.97363
1569.35156	-22313.80149
1568.30566	-21263.572620000003
1567.25977	-19229.91344
1566.21387	-17675.68474
1565.16699	-16579.20907
1564.12012	-15015.513719999999
1563.07324	-13328.53453
1562.02637	-12335.22989
1560.97852	-11492.703520000003
1559.93066	-11106.18261
1558.88379	-10340.971730000001
1557.83496	-9649.21977
1556.78711	-9476.17132
1555.73926	-9543.394839999999
1554.69043	-9372.715349999999
1553.6416	-9317.91732
1552.59277	-9205.773519999999
1551.54297	-9415.6891
1550.49414	-9571.50201
1549.44434	-9853.94037
1548.39453	-10057.847300000001
1547.34473	-10265.40785
1546.29395	-10636.32674
1545.24414	-10760.163349999999
1544.19336	-10594.23574
1543.14258	-10561.54131
1542.09082	-10585.916679999998
1541.04004	-10376.7754
1539.98828	-9993.944780000002
1538.93652	-9479.487869999999
1537.88477	-9086.089390000001
1536.83301	-8899.80144
1535.78027	-8548.62489
1534.72754	-8008.940329999999
1533.67481	-7694.26195
1532.62207	-7242.72395
1531.56934	-6977.072249999999
1530.51563	-6733.20403
1529.46191	-6206.94074
1528.4082	-6054.11877
1527.35449	-5859.54978
1526.29981	-5619.94646
1525.24609	-5197.097000000001
1524.19141	-4850.87638
1523.13672	-4727.507320000001
1522.08106	-4501.87184
1521.02637	-4397.44761
1519.9707	-4035.3697500000003
1518.91504	-3915.93799
1517.85938	-3854.63386
1516.80273	-3468.13062
1515.74707	-3321.0629
1514.69043	-3153.53354
1513.63379	-3197.9138599999997
1512.57715	-2995.44227
1511.51953	-3054.32953
1510.46191	-2895.0259699999997
1509.40527	-2562.24856
1508.34668	-2754.0621
1507.28906	-2705.5903900000003
1506.23145	-2453.72433
1505.17285	-2512.82742
1504.11426	-2523.53383
1503.05566	-2471.51482
1501.99609	-2540.42488
1500.9375	-2381.28947
1499.87793	-2125.27708
1498.81836	-2180.70104
1497.75781	-2052.69808
1496.69824	-2114.82983
1495.6377	-1983.97447
1494.57715	-2176.5582799999997
1493.5166	-2233.7486799999997
1492.45606	-2214.0008500000004
1491.39453	-1987.3248399999998
1490.33301	-1953.4681799999998
1489.27148	-1913.5738600000002
1488.20996	-1962.6056499999997
1487.14844	-1927.2042800000002
1486.08594	-1747.4858700000002
1485.02344	-1768.16672
1483.96094	-2014.44861
1482.89844	-1935.6941900000002
1481.83496	-1948.8473999999997
1480.77246	-1965.79932
1479.70898	-1916.2393700000002
1478.64453	-2098.07052
1477.58106	-2265.8389300000003
1476.51758	-2518.22469
1475.45313	-2733.8626999999997
1474.38867	-2934.5719099999997
1473.32324	-3314.97772
1472.25879	-3207.09347
1471.19336	-3344.5579799999996
1470.12793	-3108.31596
1469.0625	-3198.4283100000002
1467.99707	-3122.12347
1466.93066	-2937.4934900000003
1465.86523	-2863.35314
1464.79883	-2874.4478900000004
1463.73145	-2820.39654
1462.66504	-3091.29621
1461.59766	-2898.5739900000003
1460.53027	-2953.58049
1459.46289	-2797.38885
1458.39551	-2729.1585200000004
1457.32715	-2595.57346
1456.25977	-2242.5788300000004
1455.19141	-2018.92834
1454.12305	-1704.48586
1453.05371	-1631.1468599999998
1451.98535	-1475.05029
1450.91602	-1265.61188
1449.84668	-1098.66452
1448.77637	-1027.70533
1447.70703	-947.7960699999999
1446.63672	-1074.2369700000002
1445.56641	-877.05336
1444.49609	-781.77548
1443.42578	-709.33107
1442.35449	-583.30444
1441.2832	-594.06097
1440.21191	-638.0518199999999
1439.14063	-564.84646
1438.06934	-544.48169
1436.99707	-518.44605
1435.92481	-691.08147
1434.85254	-606.68914
1433.78027	-506.74679000000003
1432.70703	-452.62654
1431.63379	-627.9430299999999
1430.56055	-664.68647
1429.48731	-404.34456
1428.41309	-355.1655
1427.33984	-428.65948
1426.26563	-429.81390999999996
1425.19141	-388.73213999999996
1424.11621	-411.77286
1423.04199	-414.18858
1421.9668	-437.67852
1420.8916	-261.08627
1419.81641	-544.72089
1418.74023	-469.84391999999997
1417.66504	-525.06064
1416.58887	-495.45605
1415.5127	-640.08696
1414.43555	-680.1625700000001
1413.35938	-574.84523
1412.28223	-734.98943
1411.20508	-621.75831
1410.12793	-773.44545
1409.04981	-853.5310000000001
1407.97266	-867.84075
1406.89453	-876.00297
1405.81641	-1138.60891
1404.73731	-1116.79792
1403.65918	-1108.97781
1402.58008	-1154.0305799999999
1401.50098	-1098.10909
1400.42188	-942.75605
1399.3418	-919.23677
1398.2627	-687.23357
1397.18262	-683.17824
1396.10254	-619.34048
1395.02148	-440.44982999999996
1393.94141	-507.69928999999996
1392.86035	-445.05132
1391.7793	-454.47494
1390.69824	-190.86469
1389.61621	-240.70877000000002
1388.53516	-597.51858
1387.45313	-453.58556
1386.37109	-343.59979
1385.28809	-321.12385
1384.20606	-214.88171000000003
1383.12305	-284.14651
1382.04004	-166.27926
1380.95703	-217.82091
1379.87305	-307.81551
1378.78906	-88.03491000000002
1377.70508	-345.16926
1376.62109	-272.61562999999995
1375.53711	-151.10088000000002
1374.45215	-223.53381000000002
1373.36719	-154.46862
1372.28223	-240.80679999999995
1371.19727	-369.90765
1370.11231	-189.94432
1369.02637	-174.66943
1367.94043	-195.60969
1366.85449	-280.06831
1365.76758	-155.00136999999998
1364.68164	-142.90771999999998
1363.59473	-141.88903
1362.50781	-134.64187
1361.41992	-99.87463
1360.33301	-103.27224999999999
1359.24512	-139.65586000000002
1358.15723	-29.975449999999995
1357.06934	85.70759
1355.98145	-22.32409
1354.89258	23.81244000000001
1353.80371	-40.41608000000001
1352.71484	42.464960000000005
1351.625	219.32707
1350.53613	12.927880000000002
1349.44629	-40.68290000000002
1348.35645	-70.92935999999999
1347.2666	-117.79225
1346.17578	-113.38782
1345.08594	-108.38454
1343.99512	-159.43803000000003
1342.90332	-198.40918000000002
1341.8125	-220.87719
1340.7207	-143.19913
1339.62988	-96.28649999999999
1338.53809	-152.73372999999998
1337.44531	-27.797470000000004
1336.35352	-166.51639
1335.26074	-60.06746000000001
1334.16797	-6.185190000000006
1333.0752	76.33058
1331.98145	-67.37729999999999
1330.88867	37.55617999999998
1329.79492	-135.63184
1328.70117	-82.19860999999997
1327.60645	-6.859939999999995
1326.5127	-21.800970000000007
1325.41797	-37.27817999999999
1324.32324	-46.35795999999999
1323.22754	-128.47553999999997
1322.13281	-162.62937
1321.03711	-375.95782
1319.94141	-472.37742000000003
1318.8457	-530.0730599999999
1317.75	-641.87206
1316.65332	-652.9591
1315.55664	-602.75141
1314.45996	-739.4578
1313.36328	-802.4119299999999
1312.26563	-864.2845
1311.16797	-787.91961
1310.07031	-863.2458500000001
1308.97266	-788.4345800000001
1307.87402	-860.68245
1306.77637	-900.2746
1305.67773	-965.7801099999999
1304.5791	-986.86393
1303.47949	-1072.38776
1302.38086	-1209.41573
1301.28125	-1332.69554
1300.18164	-1497.42862
1299.08106	-1464.7379899999999
1297.98145	-1444.5809599999998
1296.88086	-1855.5242799999999
1295.78027	-1893.0342500000002
1294.67969	-2185.48117
1293.57813	-2306.2759100000003
1292.47656	-2334.32443
1291.375	-2458.14534
1290.27344	-2725.77095
1289.17188	-2860.04194
1288.06934	-2734.1458300000004
1286.9668	-2794.6651100000004
1285.86426	-2849.5465599999998
1284.76172	-2818.61957
1283.6582	-2888.6405699999996
1282.55469	-2957.9537
1281.45117	-2853.31828
1280.34766	-2729.09268
1279.24414	-2520.6571
1278.13965	-2233.00083
1277.03516	-2226.10426
1275.93066	-1849.82314
1274.8252	-1623.66309
1273.7207	-1439.8458800000003
1272.61523	-1355.86174
1271.50879	-1248.43597
1270.40332	-1281.9616099999998
1269.29785	-1085.27762
1268.19141	-986.0210800000001
1267.08496	-948.81131
1265.97754	-887.8134500000001
1264.87109	-855.24434
1263.76367	-841.8935199999999
1262.65625	-737.63324
1261.54883	-835.3651299999999
1260.44043	-841.63768
1259.33301	-901.6390700000001
1258.22461	-863.26991
1257.11523	-826.88087
1256.00684	-807.73234
1254.89746	-767.2113400000001
1253.78809	-833.11567
1252.67871	-833.26929
1251.56934	-691.89752
1250.45898	-614.54763
1249.34961	-676.29189
1248.23926	-581.66607
1247.12793	-545.3093
1246.01758	-535.35873
1244.90625	-542.8896900000001
1243.79492	-494.12255000000005
1242.68359	-400.40211999999997
1241.57129	-325.29185000000007
1240.45996	-251.72051000000002
1239.34766	-336.05392
1238.23438	-269.21672
1237.12207	-255.12739
1236.00879	-312.50032
1234.89648	-397.01707000000005
1233.78223	-329.21051
1232.66895	-450.18695999999994
1231.55566	-396.83952000000005
1230.44141	-479.58762
1229.32715	-408.68415000000005
1228.21191	-590.0237999999999
1227.09766	-548.07484
1225.98242	-548.48626
1224.86719	-566.31224
1223.75195	-430.50883999999996
1222.63574	-393.2072
1221.52051	-371.46319
1220.4043	-442.59896000000003
1219.28711	-315.48796
1218.1709	-211.81844
1217.05371	-333.09481
1215.93652	-410.59943
1214.81934	-477.33725000000004
1213.70215	-522.8629500000001
1212.58398	-698.12836
1211.46582	-622.73778
1210.34766	-709.8397
1209.22949	-757.1061699999999
1208.11035	-876.89373
1206.99219	-926.43599
1205.87305	-1018.14184
1204.75293	-1191.6797199999999
1203.63379	-1297.5626000000002
1202.51367	-1379.3008100000002
1201.39356	-1674.0328999999997
1200.27344	-1787.41844
1199.15234	-1915.7803600000002
1198.03223	-2303.56608
1196.91113	-2647.90315
1195.79004	-2945.28604
1194.66797	-3236.8756399999997
1193.5459	-3579.13414
1192.42481	-3821.9736399999997
1191.30176	-4047.0476099999996
1190.17969	-4262.1713500000005
1189.05664	-4591.822450000001
1187.93359	-4634.07009
1186.81055	-4641.029200000001
1185.6875	-4670.7437199999995
1184.56348	-4648.29142
1183.44043	-4483.48588
1182.31641	-4458.0165799999995
1181.19141	-4237.89722
1180.06738	-3783.7790299999997
1178.94238	-3405.1864299999997
1177.81738	-2820.69689
1176.69238	-2301.3019700000004
1175.56641	-1957.6651199999997
1174.44043	-1485.8666699999999
1173.31445	-1140.2341099999999
1172.18848	-1030.12158
1171.0625	-931.6968
1169.93555	-898.98317
1168.80859	-740.67662
1167.68164	-812.8663999999999
1166.55371	-743.48021
1165.42676	-599.74551
1164.29883	-636.42727
1163.1709	-530.77625
1162.04199	-437.78369
1160.91406	-467.77194
1159.78516	-470.11561000000006
1158.65625	-424.76251
1157.52637	-271.48758
1156.39746	-355.28414
1155.26758	-193.15992
1154.1377	-193.94644
1153.00684	-189.73585
1151.87695	-78.90642
1150.74609	-91.6752
1149.61523	-24.680709999999998
1148.48438	-60.34953
1147.35254	26.953470000000003
1146.2207	17.466030000000003
1145.08887	40.39032999999999
1143.95703	42.95553
1142.8252	59.52281
1141.69238	-30.82869
1140.55957	-79.80392
1139.42676	-102.3049
1138.29297	-187.81004000000001
1137.15918	-187.78543000000002
1136.02539	-183.39098
1134.8916	-230.20087
1133.75781	-470.38281
1132.62305	-535.81287
1131.48828	-718.69262
1130.35352	-1065.3305
1129.21777	-1093.45504
1128.08301	-1132.0415699999999
1126.94727	-1198.1658900000002
1125.81152	-1246.36958
1124.67481	-1273.6969
1123.53906	-1251.49884
1122.40234	-1208.4403
1121.26563	-1275.7911100000001
1120.12793	-1344.15951
1118.99023	-1455.9658299999999
1117.85352	-1637.1730900000002
1116.71484	-1821.82395
1115.57715	-1940.2545800000003
1114.43945	-2114.8974500000004
1113.30078	-2335.37331
1112.16211	-2501.5428
1111.02246	-2594.4931100000003
1109.88379	-2768.8214
1108.74414	-2862.4764199999995
1107.60449	-2886.8888
1106.46387	-3131.51769
1105.32422	-3271.4240699999996
1104.18359	-3372.67897
1103.04297	-3710.3795899999996
1101.90234	-4039.04741
1100.76074	-4347.816489999999
1099.61914	-4832.74447
1098.47754	-5141.45081
1097.33594	-5797.52204
1096.19336	-6501.27248
1095.05176	-7360.9651300000005
1093.90918	-8397.690289999999
1092.76563	-9440.091199999999
1091.62305	-10647.328409999998
1090.47949	-12155.87868
1089.33594	-13645.74079
1088.19238	-15040.227139999999
1087.04785	-16196.61346
1085.90332	-17337.255060000003
1084.75879	-18392.69584
1083.61426	-19150.81192
1082.46973	-19786.11577
1081.32422	-20421.54648
1080.17871	-20660.81321
1079.0332	-21111.43271
1077.88672	-21535.134850000002
1076.74023	-21666.21121
1075.59375	-22107.3615
1074.44727	-22140.09996
1073.30078	-22826.53906
1072.15332	-23043.72781
1071.00586	-23278.512250000003
1069.8584	-22614.563570000002
1068.70996	-21626.44797
1067.56152	-20306.10289
1066.41309	-18174.135029999998
1065.26465	-16427.428
1064.11621	-14222.776100000001
1062.9668	-12288.28222
1061.81738	-10569.479710000001
1060.66797	-8830.02952
1059.51758	-7629.8141399999995
1058.36816	-6519.633830000001
1057.21777	-6264.891019999999
1056.06738	-5686.709359999999
1054.91602	-5399.17642
1053.76465	-4962.5050599999995
1052.61328	-4662.17973
1051.46191	-3734.07373
1050.31055	-3679.0178400000004
1049.1582	-3530.8952000000004
1048.00586	-3421.1612400000004
1046.85352	-3229.6964000000003
1045.7002	-2908.17732
1044.54785	-2826.25345
1043.39453	-2675.91462
1042.24023	-2739.3827199999996
1041.08691	-2715.74969
1039.93262	-2645.0384799999997
1038.77832	-2819.25327
1037.62402	-2848.87152
1036.46973	-2962.2251800000004
1035.31445	-3209.16665
1034.15918	-3287.40405
1033.00391	-3448.9025200000005
1031.84766	-3576.41956
1030.69238	-3807.9168199999995
1029.53613	-4193.52045
1028.37891	-4748.1443899999995
1027.22266	-5552.436070000001
1026.06543	-6355.48083
1024.9082	-7979.093220000001
1023.75098	-9256.37407
1022.59375	-10399.06951
1021.43555	-10292.597660000001
1020.27734	-9345.927909999999
1019.11914	-8005.1904700000005
1017.95996	-6652.862969999999
1016.80078	-5781.1214899999995
1015.6416	-5606.3340800000005
1014.48242	-5380.90154
1013.32324	-5381.80438
1012.16309	-5242.22414
1011.00293	-4925.7885400000005
1009.84277	-4435.64071
1008.68164	-3881.61427
1007.52051	-3339.16882
1006.35938	-3033.79753
1005.19824	-2986.5489399999997
1004.03711	-2930.9503200000004
1002.875	-3335.1832399999994
1001.71289	-4156.96537
1000.55078	-6090.554989999999
999.3877	-8398.31956
998.22461	-10214.53032
997.06152	-9989.67814
995.89844	-8084.58723
994.73438	-6825.137290000001
993.57129	-6149.398
992.40723	-5934.40737
991.24219	-6089.4809000000005
990.07813	-6160.32833
988.91309	-6265.03271
987.74805	-6724.79861
986.58301	-6826.5502400000005
985.41699	-6866.899710000001
984.25098	-6807.2286
983.08496	-6567.20406
981.91895	-6333.014139999999
980.75195	-5956.85946
979.58496	-5616.56988
978.41797	-5347.12764
977.25098	-4984.67898
976.08301	-4719.60946
974.91504	-4406.06111
973.74707	-4158.16278
972.5791	-3920.86758
971.41016	-3569.2509200000004
970.24219	-3331.98223
969.07227	-3192.52262
967.90332	-2824.8453
966.7334	-2633.31138
965.56348	-2361.3209500000003
964.39356	-2214.8632
963.22363	-2072.53714
962.05273	-1936.53337
960.88184	-1825.95487
959.71094	-1601.95119
958.54004	-1561.93259
957.36816	-1324.1286
956.19629	-1327.7338
955.02441	-1150.9484499999999
953.85156	-1145.28213
952.67969	-990.5929000000001
951.50684	-904.8615800000001
950.33398	-1040.0309
949.16016	-1025.84753
947.98633	-1087.26275
946.8125	-1038.10067
945.63867	-1112.67319
944.46484	-1058.92282
943.29004	-1127.0372499999999
942.11523	-1049.09113
940.94043	-956.33442
939.76465	-966.1357300000001
938.58887	-895.7383100000001
937.41309	-985.82239
936.23731	-792.87483
935.06055	-773.9095900000001
933.88379	-890.3927099999999
932.70703	-951.45786
931.53027	-857.45951
930.35254	-904.4582999999999
929.17578	-934.22633
927.99805	-855.42817
926.81934	-887.0374300000001
925.6416	-942.87907
924.46289	-891.8980099999999
923.28418	-754.73117
922.10449	-902.18083
920.92481	-924.62873
919.74609	-935.84671
919.55176	-985.97782
918.38672	-784.88522
917.2207	-856.82859
916.05469	-909.48698
914.8877	-894.74622
913.72168	-820.11011
912.55469	-860.08176
911.3877	-856.18497
910.2207	-847.6874399999999
909.05273	-779.1253499999999
907.88574	-891.98591
906.71777	-812.95213
905.54883	-848.57856
904.38086	-803.4512
903.21191	-762.95622
902.04297	-727.7621899999999
900.87402	-728.2742400000001
899.7041	-613.0366399999999
898.53516	-516.54971
897.36523	-602.4764299999999
896.19434	-565.8871999999999
895.02441	-671.88482
893.85352	-465.85056000000003
892.68262	-497.49850999999995
891.51172	-381.3322
890.34082	-408.28141999999997
889.16895	-405.094
887.99707	-413.99837
886.8252	-284.25039
885.65332	-186.97534000000002
884.48047	-193.71472
883.30762	-114.95279
882.13477	-71.78005999999999
880.96191	-106.12867
879.78809	3.0584300000000013
878.61426	-20.204570000000004
877.44043	-46.50644
876.2666	-57.59671999999999
875.0918	170.52988
873.91699	54.3198
872.74219	37.90403
871.56738	-6.237870000000001
870.3916	10.691709999999993
869.21582	20.845979999999997
868.04004	21.6121
866.86426	-54.69345
865.6875	41.638169999999995
864.51074	63.11563
863.33398	-18.717970000000008
862.15723	67.55933
860.97949	-18.919400000000003
859.80273	-122.69902
858.625	-27.823700000000002
857.44629	-18.99446
856.26856	-31.44279
855.08984	-16.98838
853.91113	-205.522
852.73145	-63.060810000000004
851.55273	-196.93487
850.37305	-222.0138
849.19336	-269.33097000000004
848.01367	-340.61716
846.83301	-395.54085
845.65234	-348.01707
844.47168	-567.89349
843.29102	-566.7456
842.11035	-484.55032
840.92871	-618.04978
839.74707	-685.78799
838.56445	-742.45111
837.38281	-834.5001100000001
836.2002	-676.6898900000001
835.01758	-809.8739
833.83496	-863.5491099999999
832.65137	-832.78127
831.46777	-935.0155399999999
830.28418	-996.1494
829.10059	-1011.1957199999999
827.91699	-955.7787500000001
826.73242	-1087.13428
825.54785	-1027.53208
824.36328	-1073.83565
823.17773	-976.95222
821.99219	-974.6086799999999
820.80664	-1017.44082
819.62109	-950.6595299999999
818.43457	-1051.9785299999999
817.24902	-971.81408
816.0625	-845.0697200000001
814.875	-898.8093200000001
813.68848	-996.17246
812.50098	-916.44576
811.31348	-907.1741900000001
810.12598	-905.37192
808.9375	-843.18857
807.74902	-912.14039
806.56055	-927.59622
805.37207	-993.28263
804.18262	-1008.60308
802.99414	-1082.26346
801.80371	-1119.83617
800.61426	-1105.392
799.42481	-1058.36527
798.23438	-1102.14489
797.04395	-1040.9202200000002
795.85254	-923.23275
794.66211	-934.22677
793.4707	-775.37679
792.2793	-811.57528
791.08789	-779.81704
789.89551	-677.6679300000001
788.70313	-618.6425800000001
787.51074	-563.99667
786.31836	-628.61104
785.125	-537.57201
783.93164	-557.7250799999999
782.73828	-416.17845
781.54492	-505.22361
780.35059	-545.61081
779.15625	-616.01533
777.96191	-626.6901399999999
776.76758	-649.5220300000001
775.57227	-841.44989
774.37695	-975.94488
773.18164	-1140.0301
771.98633	-1161.7643699999999
770.79004	-1213.7089500000002
769.59375	-1178.52627
768.39746	-1013.08759
767.20117	-1044.94715
766.00391	-1071.64954
764.80664	-900.9808
763.60938	-860.2672200000001
762.41211	-882.02573
761.21387	-950.3998300000001
760.01563	-782.5126300000001
758.81738	-851.2494300000001
757.61816	-803.8032000000001
756.41992	-801.3602399999999
755.2207	-768.8868000000001
754.02148	-682.8236200000001
752.82129	-507.6381399999999
751.62109	-430.75264000000004
750.4209	-393.72429999999997
749.2207	-625.44752
748.02051	-664.47212
746.81934	-852.2381399999999
745.61816	-1071.29596
744.41699	-1067.45043
743.21484	-1287.0470300000002
742.0127	-1420.46765
740.81055	-1366.8317200000001
739.6084	-1595.3121
738.40625	-1643.84542
737.20313	-1605.44061
736.0	-1722.42639
734.7959	-1891.3554100000001
733.59277	-1941.9385499999999
732.38867	-1966.1900999999998
731.18457	-1966.33027
729.97949	-1914.3296
728.77539	-1839.94702
727.57031	-1820.35263
726.36523	-1784.76442
725.16016	-1848.72082
723.9541	-1735.6860900000001
722.74805	-1944.65973
721.54199	-1883.45916
720.33496	-1962.1963
719.12891	-2094.9548400000003
717.92188	-2106.52017
716.71484	-2260.29237
715.50684	-2304.60871
714.29883	-2373.2044
713.09082	-2577.81003
711.88281	-2753.87177
710.67481	-3077.8860400000003
709.46582	-3350.21621
708.25684	-3656.63077
707.04785	-4047.41418
705.83789	-4514.02902
704.62793	-5019.861900000001
703.41797	-5551.76624
702.20801	-6151.2489
700.99805	-6898.82384
699.78711	-7631.643979999999
698.57617	-8337.50914
697.36426	-8867.79224
696.15332	-9340.73043
694.94141	-10234.41563
693.72949	-11043.21822
692.5166	-11448.65969
691.30469	-11943.28285
690.0918	-12142.35538
688.87891	-11796.67989
687.66504	-10995.500479999999
686.45117	-9980.49523
685.23731	-9052.910530000001
684.02344	-7999.253840000001
682.80957	-7386.65294
681.59473	-6790.62989
680.37988	-6211.780720000001
679.16504	-6079.016680000001
677.94922	-5871.65682
676.7334	-5757.33907
675.51758	-5578.05876
674.30176	-5390.7024599999995
673.08496	-4981.50346
671.86914	-4641.03737
670.65137	-4101.05666
669.43457	-3658.14601
668.2168	-3325.31628
667.0	-2934.82215
665.78125	-2740.52317
664.56348	-2554.51071
663.34473	-2188.0063099999998
662.12598	-2192.82529
660.90723	-2067.9265
659.68848	-1863.82225
658.46875	-1799.04523
657.24902	-1814.40066
656.0293	-1729.22061
654.80859	-1619.34302
653.58789	-1487.4342
652.36719	-1403.3851499999998
651.14648	-1445.62584
649.92481	-1384.6133499999999
648.7041	-1414.48081
647.48242	-1368.993
646.25977	-1267.1662
645.03711	-1244.3116
643.81543	-1171.22764
642.5918	-1181.61288
641.36914	-1176.2400799999998
640.14551	-1102.38145
638.92188	-1149.21904
637.69824	-1176.82897
636.47461	-1169.3907199999999
635.25	-1188.46535
634.02539	-1023.93797
632.80078	-952.04723
631.5752	-982.3583099999998
630.34961	-1064.78113
629.12402	-1051.5551
627.89844	-1051.62115
626.67188	-891.4440699999999
625.44531	-1002.8566900000001
624.21875	-874.2288400000001
622.99219	-965.41286
621.76465	-859.5733900000001
620.53711	-985.31253
619.30957	-663.37525
618.08106	-613.2997499999999
616.85254	-570.01558
615.62402	-528.50779
614.39551	-538.5125300000001
613.16699	-439.95138
611.9375	-458.19730000000004
610.70801	-311.92541000000006
609.47754	-248.08806999999996
608.24805	-195.05559000000002
607.01758	-163.96523
605.78711	-91.92121999999999
604.55566	-26.881820000000005
603.3252	-45.07092999999999
602.09375	50.35940999999998
600.86133	-6.846500000000006
599.62988	20.790980000000005
598.39746	-39.73255
597.16504	-29.84952
595.93262	-63.80285
594.69922	-33.67661
593.46582	29.694999999999997
592.23242	53.85149
590.99902	15.88478
589.76465	-11.829009999999997
588.53027	-174.49862000000002
587.2959	16.299499999999995
586.06152	-63.738479999999996
584.82617	-133.68595
583.59082	-38.28989
582.35547	-117.71476
581.11914	-225.1512
579.88281	-244.52594
578.64648	-149.26595
577.41016	-108.47392
