2000.04395	-135.33414
1901.7627	31.761549999999996
1900.78027	-214.81512999999998
1899.79785	-56.99655
1898.81543	-20.758970000000005
1897.83203	-297.68144
1896.84961	59.41562999999999
1895.86621	46.11985
1894.88281	-96.77947999999999
1893.89844	139.26093
1892.91504	39.83153999999999
1891.93066	-93.49027
1890.94727	-73.47323
1889.96289	16.127779999999998
1888.97754	-164.78724
1887.99316	-0.6998499999999979
1887.00781	-97.79302
1886.02344	-21.195880000000002
1885.03809	271.32078
1884.05176	45.47037
1883.06641	-54.79502
1882.08106	44.26996
1881.09473	-48.11207999999999
1880.1084	85.19855999999999
1879.12207	-15.831920000000004
1878.13574	30.12636
1877.14844	15.58433
1876.16211	64.73048
1875.17481	-72.94143
1874.1875	-128.85918
1873.19922	-147.95104
1872.21191	-70.84273
1871.22363	-92.01972
1870.23633	9.790849999999999
1869.24805	-103.39169
1868.25879	-103.93334
1867.27051	16.452360000000002
1866.28223	83.89334
1865.29297	-31.41510000000001
1864.30371	21.17868
1863.31445	23.737280000000002
1862.32422	41.4928
1861.33496	-101.83474999999999
1860.34473	-37.2163
1859.35449	16.892650000000003
1858.36426	-64.78023999999999
1857.37402	-29.239840000000008
1856.38379	-191.48212999999998
1855.39258	-51.91525
1854.40137	7.406499999999994
1853.41016	182.26271
1852.41895	35.59975
1851.42676	-167.28396
1850.43555	-245.17942
1849.44336	-130.48915
1848.45117	-60.04095999999999
1847.45898	-59.209590000000006
1846.4668	-99.50257
1845.47363	114.79429
1844.48047	-76.43645000000001
1843.48731	-91.44921
1842.49414	11.909669999999991
1841.50098	17.06675
1840.50684	-86.86632999999999
1839.51367	-99.13283
1838.51953	-58.47798
1837.52539	-158.10557
1836.53027	-120.02496000000001
1835.53613	-242.72608
1834.54102	-142.789
1833.5459	-244.64598
1832.55078	-37.955709999999996
1831.55566	-128.40773
1830.56055	-128.45794
1829.56445	-22.44932999999999
1828.56836	32.27298999999999
1827.57227	29.839240000000018
1826.57617	-189.13638
1825.58008	-128.05068
1824.58301	284.86577
1823.58594	56.85211000000001
1822.58887	144.03622000000001
1821.5918	25.08175999999999
1820.59473	-76.60437
1819.59668	-102.89165000000001
1818.59961	-184.90351
1817.60156	-130.16079000000002
1816.60352	14.90118000000001
1815.60449	-226.38168000000002
1814.60645	7.428150000000002
1813.60742	-66.8963
1812.6084	-14.818610000000007
1811.60938	-106.28308
1810.61035	-28.77794
1809.61035	-71.08248
1808.61133	-146.40339
1807.61133	-38.291250000000005
1806.61133	166.87985000000003
1805.61035	-167.79889999999997
1804.61035	-173.11847
1803.60938	-55.98272
1802.6084	73.26663
1801.60742	-49.74963
1800.60645	-30.15065
1799.60547	-61.55814999999998
1798.60352	-63.44297999999999
1797.60156	3.194890000000001
1796.59961	-104.75995
1795.59766	-230.02158000000003
1794.5957	15.414870000000008
1793.59277	31.47167
1792.58984	-33.536910000000006
1791.58789	-19.018269999999994
1790.58398	-83.35164
1789.58106	-127.97308
1788.57715	-95.49301999999999
1787.57422	-71.91942
1786.57031	-99.4389
1785.56641	-266.31414
1784.56152	-20.55532
1783.55762	-184.80752999999999
1782.55273	-116.29975
1781.54785	119.75059999999999
1780.54297	-174.61337
1779.53809	-233.272
1778.53223	105.93100000000001
1777.52734	-231.72105
1776.52148	-199.20799
1775.51563	-136.26869
1774.50879	-12.23872
1773.50293	-78.26523
1772.49609	-169.54135
1771.48926	-174.24126
1770.48242	-144.85861
1769.47559	-309.66241
1768.46777	-86.81141
1767.46094	-161.21797
1766.45313	-176.75095
1765.44531	-95.06428000000001
1764.4375	-132.18313999999998
1763.42871	-203.11647000000002
1762.4209	-94.78811
1761.41211	-151.29787
1760.40332	-178.93169999999998
1759.39356	-55.400270000000006
1758.38477	-97.05229
1757.375	203.97188000000003
1756.36621	185.72116999999997
1755.35645	232.45199999999997
1754.3457	145.79065
1753.33594	-9.258929999999992
1752.3252	143.91410000000002
1751.31543	101.57341
1750.30469	237.88392
1749.29297	265.38764999999995
1748.28223	100.54789
1747.27051	38.90499
1746.25977	49.21994000000001
1745.24805	74.56793
1744.23535	67.48524
1743.22363	82.28465
1742.21191	-7.01258
1741.19922	271.31567
1740.18652	111.85266
1739.17383	53.26735000000001
1738.16016	98.71658000000001
1737.14746	-12.165149999999997
1736.13379	53.644679999999994
1735.12012	-88.05233
1734.10645	16.757229999999993
1733.0918	60.88105000000001
1732.07813	88.29029
1731.06348	-15.607050000000001
1730.04883	-121.81599
1729.03418	112.64937
1728.01953	74.31215000000002
1727.00391	36.225120000000004
1725.98828	-50.42465
1724.97266	31.972760000000008
1723.95703	-112.38159
1722.94141	-246.84939
1721.92481	-146.68430999999998
1720.90918	-94.66801
1719.89258	-303.62289
1718.87598	-81.47198000000003
1717.8584	-159.34994999999998
1716.8418	-145.99768
1715.82422	-282.34313
1714.80664	-73.35027
1713.78906	-118.25901999999999
1712.77051	-27.59474
1711.75293	-184.08831999999998
1710.73438	-277.55980999999997
1709.71582	44.35996
1708.69727	-69.56418000000002
1707.67871	-279.81118000000004
1706.65918	-219.41255999999993
1705.64063	-57.977210000000014
1704.62109	-105.23177999999996
1703.60059	-150.32392000000004
1702.58106	-155.11158999999998
1701.56152	-140.27729
1700.54102	-144.17435
1699.52051	-282.61094
1698.5	-148.06454
1697.47852	-174.24480999999997
1696.45801	-74.19830999999999
1695.43652	-121.39618999999993
1694.41504	-16.885610000000042
1693.39356	-181.20441999999997
1692.37207	-150.25277000000006
1691.34961	-240.44442999999995
1690.32715	-173.72339
1689.30469	-315.46725000000004
1688.28223	-267.39505
1687.25977	-339.56176000000005
1686.23633	-230.27175999999997
1685.21387	-69.62527999999998
1684.19043	-278.6182799999999
1683.16602	-351.21930000000003
1682.14258	-429.28635
1681.11914	-255.44547999999998
1680.09473	-328.7723500000001
1679.07031	-384.0104799999999
1678.0459	-367.30165999999997
1677.02051	-275.50389999999993
1675.99609	-327.44201999999996
1674.9707	-312.1336
1673.94531	-549.7947199999999
1672.91992	-376.96596999999997
1671.89356	-544.54185
1670.86816	-551.0867800000001
1669.8418	-526.2477500000001
1668.81543	-493.5411099999999
1667.78906	-512.2406699999999
1666.76172	-693.62027
1665.73535	-648.72335
1664.70801	-523.00092
1663.68066	-827.8655100000001
1662.65332	-872.91737
1661.625	-870.77291
1660.59766	-833.4932899999999
1659.56934	-797.24179
1658.54102	-778.70708
1657.5127	-797.5425399999999
1656.4834	-1030.87558
1655.45508	-1075.95383
1654.42578	-836.5831599999999
1653.39648	-1054.2358
1652.36621	-1028.6416
1651.33691	-816.2868800000001
1650.30664	-1122.49195
1649.27637	-1049.09818
1648.24609	-1164.4157
1647.21582	-1200.5773399999998
1646.18555	-1128.13127
1645.1543	-1124.1468599999998
1644.12305	-1239.57494
1643.0918	-1439.40698
1642.06055	-1484.9239100000002
1641.02832	-1437.49156
1639.99707	-1690.9180999999999
1638.96484	-2014.4947500000003
1637.93164	-1810.0374800000002
1636.89941	-1680.1218
1635.86719	-1861.3484100000003
1634.83398	-1796.3536700000002
1633.80078	-1710.72546
1632.76758	-1860.14472
1631.73438	-1949.9628800000003
1630.7002	-1907.9140199999997
1629.66602	-1697.5069199999998
1628.63184	-1915.9336199999993
1627.59766	-1663.9135899999997
1626.56348	-1897.0695100000003
1625.52832	-2011.0291499999998
1624.49316	-2070.5152099999996
1623.45801	-1926.9594499999998
1622.42285	-1901.9733
1621.3877	-1872.74698
1620.35156	-1873.0563900000002
1619.31543	-1802.8427499999998
1618.2793	-2094.5257700000006
1617.24316	-1861.5034000000005
1616.20703	-1766.6588700000002
1615.16992	-1734.4399200000007
1614.13281	-1664.0535799999998
1613.0957	-1782.38987
1612.05859	-1993.2098500000002
1611.02051	-2161.57086
1609.9834	-2124.04195
1608.94531	-1828.36838
1607.90723	-2434.9573199999995
1606.86816	-2470.236820000001
1605.83008	-2262.8092800000004
1604.79102	-2239.861930000001
1603.75195	-2219.18699
1602.71289	-1947.79068
1601.67383	-2192.1556299999993
1600.63379	-2030.9021199999988
1599.59473	-1749.3292399999991
1598.55469	-1743.1576699999987
1597.51367	-1376.2034799999983
1596.47363	-870.716080000002
1595.43359	-488.3352699999996
1594.39258	8.7586500000034
1593.35156	1075.0575299999982
1592.31055	2008.8993299999966
1591.26856	3574.7750300000007
1590.22754	4731.477270000003
1589.18555	5978.699039999996
1588.14356	6727.787909999999
1587.10059	7756.192470000002
1586.05859	8212.751240000005
1585.01563	8546.258700000006
1583.97266	9328.23962
1582.92969	8985.15279
1581.88672	9081.46964
1580.84375	9991.707480000001
1579.79981	10140.34704
1578.75586	10437.140980000004
1577.71191	12545.947449999996
1576.66699	14901.985260000001
1575.62305	18960.53968
1574.57813	22263.190250000003
1573.5332	26013.301760000002
1572.48828	27224.466529999998
1571.44336	26995.00604
1570.39746	24321.458009999995
1569.35156	20639.03933
1568.30566	16362.568009999995
1567.25977	12984.813129999999
1566.21387	9842.44026
1565.16699	6993.218659999999
1564.12012	5446.1728
1563.07324	4646.862439999997
1562.02637	3104.6685499999985
1560.97852	2610.7051699999975
1559.93066	1987.5429699999986
1558.88379	1556.4491699999999
1557.83496	1068.3642099999997
1556.78711	807.6499700000004
1555.73926	188.3346500000007
1554.69043	-217.90699999999924
1553.6416	-972.2039400000012
1552.59277	-1502.4864099999995
1551.54297	-2420.6073099999994
1550.49414	-3022.4025199999996
1549.44434	-3857.6389800000006
1548.39453	-4652.79262
1547.34473	-5093.98988
1546.29395	-5716.62984
1545.24414	-6169.40749
1544.19336	-6566.551049999999
1543.14258	-6744.15643
1542.09082	-6633.092949999999
1541.04004	-6909.1641899999995
1539.98828	-6402.167740000001
1538.93652	-6333.952589999999
1537.88477	-5889.00839
1536.83301	-5580.7437
1535.78027	-5414.19478
1534.72754	-4825.152119999999
1533.67481	-4635.90214
1532.62207	-4182.5951700000005
1531.56934	-4203.348609999999
1530.51563	-3642.20544
1529.46191	-3540.52429
1528.4082	-3224.6789500000004
1527.35449	-3479.3392700000004
1526.29981	-3407.62517
1525.24609	-3073.2302400000003
1524.19141	-2609.16148
1523.13672	-2716.8738300000005
1522.08106	-2518.3139499999997
1521.02637	-2551.8821100000005
1519.9707	-2352.61315
1518.91504	-2198.9158899999998
1517.85938	-1967.5051399999998
1516.80273	-1530.8664600000002
1515.74707	-1464.8625200000001
1514.69043	-1414.52151
1513.63379	-1263.87941
1512.57715	-1255.35545
1511.51953	-1261.64332
1510.46191	-1325.4811999999997
1509.40527	-1037.17551
1508.34668	-1223.68636
1507.28906	-1407.0653000000002
1506.23145	-1163.31716
1505.17285	-1458.55828
1504.11426	-1242.4345599999997
1503.05566	-1110.34765
1501.99609	-1322.5955999999999
1500.9375	-1123.9344
1499.87793	-774.22053
1498.81836	-690.82158
1497.75781	-660.77736
1496.69824	-207.54565000000002
1495.6377	168.0313299999998
1494.57715	440.97593000000006
1493.5166	743.2777800000003
1492.45606	1494.12586
1491.39453	2080.0358200000005
1490.33301	2790.54286
1489.27148	3639.70269
1488.20996	4296.11688
1487.14844	5219.030339999999
1486.08594	5831.44162
1485.02344	6256.631869999999
1483.96094	5995.396000000001
1482.89844	6000.57077
1481.83496	5729.537310000001
1480.77246	5203.11865
1479.70898	4916.4799299999995
1478.64453	4254.90043
1477.58106	3967.0734199999997
1476.51758	3740.86869
1475.45313	4004.8680099999997
1474.38867	4153.508040000001
1473.32324	4019.2009900000003
1472.25879	3643.76163
1471.19336	2924.28186
1470.12793	2327.5144899999996
1469.0625	1418.2599899999996
1467.99707	409.2329100000002
1466.93066	-44.939780000000155
1465.86523	-613.7312200000001
1464.79883	-850.90596
1463.73145	-1333.4944400000002
1462.66504	-1223.4857999999997
1461.59766	-1573.5463100000002
1460.53027	-1486.5893
1459.46289	-1455.3423699999998
1458.39551	-1350.5640500000002
1457.32715	-1330.5431600000002
1456.25977	-1167.46655
1455.19141	-822.7342000000001
1454.12305	-286.80886999999984
1453.05371	-147.58791999999994
1451.98535	139.57383000000004
1450.91602	329.8646000000001
1449.84668	581.4684300000001
1448.77637	621.39805
1447.70703	613.1711600000001
1446.63672	441.88599
1445.56641	870.78112
1444.49609	614.62543
1443.42578	525.64036
1442.35449	639.20729
1441.2832	647.2073299999998
1440.21191	604.40583
1439.14063	521.8979899999999
1438.06934	643.00841
1436.99707	507.1539899999999
1435.92481	580.79531
1434.85254	688.43559
1433.78027	574.20937
1432.70703	622.2008
1431.63379	404.06706999999994
1430.56055	298.45911
1429.48731	550.60727
1428.41309	327.09737
1427.33984	149.46729
1426.26563	28.80088999999998
1425.19141	-24.108289999999954
1424.11621	50.20406000000003
1423.04199	68.40683000000001
1421.9668	-163.79531999999998
1420.8916	-123.23724000000001
1419.81641	-75.92149
1418.74023	-23.46220999999997
1417.66504	-48.995900000000006
1416.58887	-29.270430000000033
1415.5127	79.07401000000004
1414.43555	-24.7639200000001
1413.35938	49.34257000000002
1412.28223	-3.5313899999999876
1411.20508	-122.59201000000007
1410.12793	-479.9928
1409.04981	-456.58829000000003
1407.97266	-718.98838
1406.89453	-857.1095700000001
1405.81641	-1117.6213
1404.73731	-1078.81242
1403.65918	-1196.7365800000002
1402.58008	-1250.26479
1401.50098	-1166.28809
1400.42188	-874.0570299999999
1399.3418	-990.66515
1398.2627	-771.50119
1397.18262	-789.38534
1396.10254	-601.37582
1395.02148	-695.20421
1393.94141	-548.78769
1392.86035	-599.74533
1391.7793	-382.48105000000004
1390.69824	-248.89177999999998
1389.61621	-87.81460000000004
1388.53516	-511.74665000000005
1387.45313	-408.76609999999994
1386.37109	-142.96942
1385.28809	-93.20861000000002
1384.20606	41.329319999999996
1383.12305	74.69221000000005
1382.04004	60.73594000000003
1380.95703	125.88571999999999
1379.87305	107.51166999999998
1378.78906	237.98007999999993
1377.70508	151.95133999999996
1376.62109	354.6712
1375.53711	553.1733499999999
1374.45215	762.6785399999999
1373.36719	822.4286399999999
1372.28223	1151.7936
1371.19727	1259.8868400000001
1370.11231	1431.47359
1369.02637	1706.6688099999997
1367.94043	1654.14545
1366.85449	1932.37354
1365.76758	2133.98526
1364.68164	2344.03017
1363.59473	2480.34971
1362.50781	2635.17104
1361.41992	2873.43551
1360.33301	2805.86978
1359.24512	2839.87812
1358.15723	2880.32332
1357.06934	2687.68603
1355.98145	2634.90118
1354.89258	2561.59337
1353.80371	2163.9955499999996
1352.71484	2033.05081
1351.625	1973.62503
1350.53613	1740.1359400000001
1349.44629	1584.02296
1348.35645	1464.69369
1347.2666	1349.7155699999998
1346.17578	1349.70531
1345.08594	1651.3444499999998
1343.99512	1511.43626
1342.90332	1337.3790999999999
1341.8125	1429.63693
1340.7207	1375.7126099999998
1339.62988	1260.34468
1338.53809	1293.74658
1337.44531	1025.3629799999999
1336.35352	953.3723500000001
1335.26074	918.0332599999999
1334.16797	788.22998
1333.0752	796.53764
1331.98145	747.66387
1330.88867	968.8811900000001
1329.79492	561.3499899999999
1328.70117	574.9740800000001
1327.60645	864.8245100000001
1326.5127	787.96901
1325.41797	816.5024699999999
1324.32324	829.83648
1323.22754	819.87798
1322.13281	652.9700500000001
1321.03711	725.6859900000001
1319.94141	539.26405
1318.8457	540.5786099999999
1317.75	518.7431899999999
1316.65332	264.63837
1315.55664	203.64251000000002
1314.45996	117.00108999999998
1313.36328	25.227510000000166
1312.26563	-50.500609999999824
1311.16797	-107.0060400000001
1310.07031	-349.80817000000013
1308.97266	-396.90128000000004
1307.87402	-493.73769000000004
1306.77637	-536.46317
1305.67773	-567.50811
1304.5791	-510.3553599999999
1303.47949	-676.81394
1302.38086	-554.61983
1301.28125	-818.7802499999999
1300.18164	-844.95313
1299.08106	-882.9635099999999
1297.98145	-932.64517
1296.88086	-1239.3859499999999
1295.78027	-1243.9212200000002
1294.67969	-1441.05045
1293.57813	-1535.6471900000001
1292.47656	-1576.5465299999998
1291.375	-1798.58199
1290.27344	-1941.73164
1289.17188	-2078.4179200000003
1288.06934	-2242.2548400000005
1286.9668	-2269.6602300000004
1285.86426	-2355.5574199999996
1284.76172	-2245.6157799999996
1283.6582	-2283.3148899999997
1282.55469	-2324.32382
1281.45117	-2459.8549000000003
1280.34766	-2480.4486300000003
1279.24414	-2250.24853
1278.13965	-1924.62034
1277.03516	-2022.5629999999999
1275.93066	-1687.90933
1274.8252	-1432.1282400000002
1273.7207	-1192.55194
1272.61523	-1115.52123
1271.50879	-850.9118600000002
1270.40332	-1066.90295
1269.29785	-1049.58139
1268.19141	-870.2798700000001
1267.08496	-767.10724
1265.97754	-683.5243
1264.87109	-574.3201499999999
1263.76367	-571.4537899999999
1262.65625	-495.67787000000004
1261.54883	-509.36254999999994
1260.44043	-564.7969499999999
1259.33301	-435.3011100000001
1258.22461	-425.1408600000001
1257.11523	-465.3357199999999
1256.00684	-369.75669000000005
1254.89746	-219.83398999999997
1253.78809	-135.53003
1252.67871	-26.003510000000006
1251.56934	4.2868499999999585
1250.45898	93.39048000000003
1249.34961	-41.400570000000016
1248.23926	7.074199999999905
1247.12793	5.080109999999991
1246.01758	-366.4608
1244.90625	-229.44172000000003
1243.79492	-437.49753000000004
1242.68359	-472.43884
1241.57129	-443.03683000000007
1240.45996	-282.87972
1239.34766	-447.33324
1238.23438	-481.32864
1237.12207	-343.65504
1236.00879	-358.23145
1234.89648	-504.72062000000005
1233.78223	-463.56562999999994
1232.66895	-585.2299099999999
1231.55566	-543.0107700000001
1230.44141	-495.89414
1229.32715	-686.30052
1228.21191	-629.67076
1227.09766	-666.48446
1225.98242	-642.94645
1224.86719	-477.03231
1223.75195	-521.59731
1222.63574	-384.85487
1221.52051	-506.50837
1220.4043	-319.26542
1219.28711	-257.47433
1218.1709	-99.65988999999999
1217.05371	-242.76048999999998
1215.93652	-156.37425000000002
1214.81934	-195.64553
1213.70215	-296.30268
1212.58398	-409.33564000000007
1211.46582	-204.25734000000006
1210.34766	-289.14896999999996
1209.22949	-406.42814999999996
1208.11035	-474.50445
1206.99219	-402.47502
1205.87305	-562.5184600000001
1204.75293	-526.8267799999999
1203.63379	-721.89628
1202.51367	-978.49661
1201.39356	-1027.8334399999999
1200.27344	-1126.5768899999998
1199.15234	-1243.04196
1198.03223	-1331.6263900000001
1196.91113	-1644.0274200000001
1195.79004	-1672.9585300000003
1194.66797	-1677.4609599999994
1193.5459	-1664.9799600000001
1192.42481	-1610.8518099999997
1191.30176	-1579.7316899999996
1190.17969	-1428.21713
1189.05664	-1259.0073900000007
1187.93359	-1054.60646
1186.81055	-839.0188200000002
1185.6875	-345.27935999999954
1184.56348	113.83284999999978
1183.44043	575.3223500000004
1182.31641	796.2297600000002
1181.19141	999.5532200000007
1180.06738	1326.8933300000008
1178.94238	1131.6509699999997
1177.81738	1068.9058899999995
1176.69238	851.8661199999997
1175.56641	680.3446400000003
1174.44043	512.1445600000002
1173.31445	555.98324
1172.18848	453.35474
1171.0625	475.24221999999986
1169.93555	424.80275000000006
1168.80859	674.4197300000001
1167.68164	628.1939
1166.55371	896.105
1165.42676	1136.6894000000002
1164.29883	1013.1007
1163.1709	1032.39745
1162.04199	959.0327000000001
1160.91406	834.12865
1159.78516	757.05355
1158.65625	645.9089399999999
1157.52637	761.62746
1156.39746	522.08077
1155.26758	495.2827
1154.1377	396.45081000000005
1153.00684	277.06825000000003
1151.87695	193.6546
1150.74609	282.2313
1149.61523	154.43617999999998
1148.48438	259.15928
1147.35254	215.74559
1146.2207	320.92735
1145.08887	281.17801
1143.95703	110.7902
1142.8252	44.02171
1141.69238	-25.30734
1140.55957	-165.28814
1139.42676	-205.51259
1138.29297	-239.66106000000002
1137.15918	-235.8539
1136.02539	-170.13393
1134.8916	-350.52848
1133.75781	-463.05665
1132.62305	-298.02083000000005
1131.48828	-472.22700000000003
1130.35352	-700.71477
1129.21777	-508.5013200000001
1128.08301	-547.98115
1126.94727	-341.07901000000015
1125.81152	-104.11692999999991
1124.67481	-34.17363999999998
1123.53906	62.36578999999983
1122.40234	489.3843499999998
1121.26563	548.7701699999998
1120.12793	757.0570400000001
1118.99023	930.5529000000001
1117.85352	1321.4795
1116.71484	1224.63479
1115.57715	1486.8870200000001
1114.43945	1725.7166900000002
1113.30078	2031.6691699999997
1112.16211	2199.7339299999994
1111.02246	2156.4846799999996
1109.88379	2171.543350000001
1108.74414	2171.57448
1107.60449	2173.0156099999995
1106.46387	1990.4001499999995
1105.32422	1885.1044900000006
1104.18359	1769.9715399999995
1103.04297	1223.6010100000003
1101.90234	1056.2855999999992
1100.76074	597.4908800000003
1099.61914	320.83732000000055
1098.47754	-171.85632999999962
1097.33594	-769.3008499999996
1096.19336	-1311.5393300000005
1095.05176	-1933.9590200000002
1093.90918	-2528.83238
1092.76563	-3366.21645
1091.62305	-4093.7944799999987
1090.47949	-4809.54616
1089.33594	-5411.3133
1088.19238	-5918.489349999998
1087.04785	-5978.0441200000005
1085.90332	-5794.958190000001
1084.75879	-4995.41459
1083.61426	-3989.168850000002
1082.46973	-2463.5200700000023
1081.32422	36.18642999999793
1080.17871	2412.1477300000006
1079.0332	5550.657140000003
1077.88672	9625.432529999998
1076.74023	13865.817110000004
1075.59375	18747.38459
1074.44727	23454.890270000004
1073.30078	28507.712889999995
1072.15332	31894.34641
1071.00586	34090.77290999999
1069.8584	35220.27237
1068.70996	35030.32545999999
1067.56152	33736.209610000005
1066.41309	30751.27805
1065.26465	28272.55052
1064.11621	26186.7571
1062.9668	22825.897460000004
1061.81738	19084.2073
1060.66797	15946.109639999999
1059.51758	13323.633609999999
1058.36816	10405.778279999999
1057.21777	6378.93564
1056.06738	5714.425650000001
1054.91602	4810.546970000001
1053.76465	3909.988590000001
1052.61328	3501.9420899999996
1051.46191	3688.89966
1050.31055	3039.2868499999995
1049.1582	2518.8912999999993
1048.00586	2099.4007699999993
1046.85352	1722.9173700000001
1045.7002	1664.9606199999998
1044.54785	1257.76987
1043.39453	1209.9255900000003
1042.24023	1025.0160799999999
1041.08691	824.7727100000002
1039.93262	806.5330600000007
1038.77832	637.80991
1037.62402	871.8125
1036.46973	855.8551399999997
1035.31445	512.0882300000003
1034.15918	467.1800599999997
1033.00391	328.71099999999933
1031.84766	394.57037000000037
1030.69238	578.8200000000006
1029.53613	676.3805499999999
1028.37891	1117.5571500000005
1027.22266	2048.752529999999
1026.06543	4362.619269999999
1024.9082	8058.081099999999
1023.75098	12660.559039999998
1022.59375	16674.29768
1021.43555	18112.66455
1020.27734	15654.32453
1019.11914	11073.37105
1017.95996	6535.598450000001
1016.80078	3263.4925200000007
1015.6416	889.08536
1014.48242	-168.41569999999956
1013.32324	-423.89850000000024
1012.16309	-219.04763000000003
1011.00293	-91.43881000000056
1009.84277	311.4249600000003
1008.68164	545.15319
1007.52051	824.9184599999999
1006.35938	939.5668500000002
1005.19824	985.5863200000003
1004.03711	1278.9042899999995
1002.875	2553.8939100000007
1001.71289	5709.95821
1000.55078	12546.990900000003
999.3877	20441.58913
998.22461	24042.296830000003
997.06152	18941.801840000004
995.89844	9905.139339999998
994.73438	2715.78507
993.57129	-899.8693200000007
992.40723	-2283.7771299999995
991.24219	-3045.38752
990.07813	-3661.6228300000002
988.91309	-3891.73913
987.74805	-4217.00723
986.58301	-4200.1710299999995
985.41699	-4342.232900000001
984.25098	-4500.53347
983.08496	-4531.82662
981.91895	-4543.359049999999
980.75195	-4407.51076
979.58496	-4025.76962
978.41797	-3908.36107
977.25098	-3802.42126
976.08301	-3720.97509
974.91504	-3290.25993
973.74707	-3289.0987799999994
972.5791	-3247.03722
971.41016	-2829.3467200000005
970.24219	-2692.79228
969.07227	-2376.43402
967.90332	-2003.7104700000002
966.7334	-1819.37173
965.56348	-1874.4446700000003
964.39356	-1557.8378599999996
963.22363	-1292.13242
962.05273	-1397.8604100000002
960.88184	-1346.3791800000001
959.71094	-1102.30167
958.54004	-959.5474099999999
957.36816	-646.22986
956.19629	-646.97244
955.02441	-473.7206799999999
953.85156	-485.88674000000003
952.67969	-336.63934000000006
951.50684	-313.2588300000001
950.33398	-334.3785700000001
949.16016	-302.8217400000001
947.98633	-518.45893
946.8125	-259.48173999999995
945.63867	-460.53422999999987
944.46484	-468.42291
943.29004	-450.29189999999994
942.11523	-395.96819000000005
940.94043	-476.38688
939.76465	-396.01427
938.58887	-462.08783000000005
937.41309	-440.19114
936.23731	-438.29873999999995
935.06055	-520.4620500000001
933.88379	-558.00619
932.70703	-579.9586099999999
931.53027	-658.38111
930.35254	-638.67041
929.17578	-626.48586
927.99805	-663.9933000000001
926.81934	-679.5612000000001
925.6416	-786.6728
924.46289	-718.15643
923.28418	-702.00414
922.10449	-773.1655099999999
920.92481	-849.38733
919.74609	-856.0754
919.55176	-938.30498
918.38672	-838.16205
917.2207	-757.6503399999999
916.05469	-956.09329
914.8877	-907.18394
913.72168	-839.44344
912.55469	-823.62061
911.3877	-772.5629899999999
910.2207	-659.8479
909.05273	-697.9220799999999
907.88574	-732.95164
906.71777	-804.0041500000001
905.54883	-657.05949
904.38086	-724.5105199999999
903.21191	-680.61196
902.04297	-620.04481
900.87402	-658.8417400000001
899.7041	-534.2141899999999
898.53516	-568.73882
897.36523	-666.4372099999999
896.19434	-535.6576
895.02441	-539.48614
893.85352	-627.06334
892.68262	-433.4464
891.51172	-454.56496
890.34082	-300.91164
889.16895	-350.3988
887.99707	-345.39187000000004
886.8252	-363.436
885.65332	-333.56959
884.48047	-465.53247999999996
883.30762	-221.45535999999998
882.13477	-103.26222
880.96191	-188.36268
879.78809	25.230339999999998
878.61426	61.845839999999995
877.44043	171.46481
876.2666	41.44782
875.0918	215.33118000000002
873.91699	122.83178
872.74219	53.77597
871.56738	244.58388
870.3916	75.04710999999999
869.21582	-87.40312
868.04004	20.58912
866.86426	-10.556400000000004
865.6875	40.93349
864.51074	-110.69429
863.33398	-123.06388
862.15723	57.905950000000004
860.97949	-76.69699
859.80273	-163.76674
858.625	-41.98132
857.44629	1.2206000000000046
856.26856	79.57356999999999
855.08984	83.97923
853.91113	-256.38274
852.73145	-262.93943
851.55273	-261.81215
850.37305	-149.03089999999997
849.19336	-218.05158000000003
848.01367	-212.33162000000002
846.83301	-371.97285999999997
845.65234	-280.63757
844.47168	-482.87199000000004
843.29102	-631.34647
842.11035	-367.02461
840.92871	-480.54655
839.74707	-565.95486
838.56445	-450.37728999999996
837.38281	-545.83437
836.2002	-500.81553
835.01758	-449.8351
833.83496	-355.02563
832.65137	-261.4583899999999
831.46777	-335.5930599999999
830.28418	-101.21050000000014
829.10059	-341.23717
827.91699	-375.09821
826.73242	-257.56357
825.54785	-385.3573000000001
824.36328	-6.665390000000116
823.17773	-350.88901999999996
821.99219	-405.6138299999999
820.80664	-312.20427000000007
819.62109	-262.80940999999996
818.43457	-239.81772999999998
817.24902	-457.64236000000005
816.0625	-217.16894000000002
814.875	-412.3628400000001
813.68848	-419.35174000000006
812.50098	-424.80486999999994
811.31348	-471.76065000000006
810.12598	-427.4326
808.9375	-532.0796200000001
807.74902	-587.02161
806.56055	-582.3526400000001
805.37207	-770.38516
804.18262	-790.9284
802.99414	-694.21786
801.80371	-751.35832
800.61426	-735.3699200000001
799.42481	-701.51112
798.23438	-720.2078300000001
797.04395	-591.2743800000001
795.85254	-640.32807
794.66211	-557.3217299999999
793.4707	-487.03029000000004
792.2793	-423.18620999999996
791.08789	-410.92266000000006
789.89551	-537.23612
788.70313	-327.08490000000006
787.51074	-507.09425
786.31836	-537.37411
785.125	-545.50847
783.93164	-553.37968
782.73828	-477.80845
781.54492	-671.59304
780.35059	-486.84544
779.15625	-411.71445
777.96191	-525.15752
776.76758	-572.02936
775.57227	-808.74789
774.37695	-956.36633
773.18164	-1150.02514
771.98633	-1157.8139999999999
770.79004	-1250.8150600000001
769.59375	-1226.9575300000001
768.39746	-996.52105
767.20117	-788.00017
766.00391	-807.82611
764.80664	-986.24896
763.60938	-687.26437
762.41211	-842.3426999999999
761.21387	-862.95266
760.01563	-810.5116300000001
758.81738	-803.82329
757.61816	-689.6902600000001
756.41992	-551.5211499999999
755.2207	-429.70522000000005
754.02148	-177.74745000000007
752.82129	218.99736000000007
751.62109	517.21471
750.4209	563.0807500000001
749.2207	469.12456
748.02051	446.88005
746.81934	457.10159
745.61816	226.41427
744.41699	227.00288
743.21484	207.53070000000002
742.0127	142.1458799999998
740.81055	333.3105800000001
739.6084	165.8310899999999
738.40625	327.63453000000004
737.20313	51.40409
736.0	107.92184999999972
734.7959	-7.916540000000168
733.59277	-97.78366000000005
732.38867	-122.71940999999993
731.18457	-168.05841999999984
729.97949	-14.446309999999812
728.77539	-240.50594999999998
727.57031	-348.63668000000007
726.36523	-677.5676099999998
725.16016	-804.53178
723.9541	-945.87237
722.74805	-1140.51235
721.54199	-1325.1148
720.33496	-1522.50463
719.12891	-1463.2138100000002
717.92188	-1675.84466
716.71484	-1740.9805900000001
715.50684	-1568.2868700000001
714.29883	-1733.4578099999999
713.09082	-1730.6274700000001
711.88281	-1825.44198
710.67481	-2188.30893
709.46582	-2649.77348
708.25684	-2860.93451
707.04785	-3357.26726
705.83789	-3656.63952
704.62793	-4030.5950300000004
703.41797	-4534.4215699999995
702.20801	-5125.0177
700.99805	-5730.223190000001
699.78711	-6275.426449999999
698.57617	-6511.921179999999
697.36426	-6556.91431
696.15332	-6280.468830000001
694.94141	-6005.0305
693.72949	-5574.13424
692.5166	-4483.397730000001
691.30469	-3689.8316799999993
690.0918	-3533.39444
688.87891	-3353.91842
687.66504	-3670.4570299999996
686.45117	-3460.49547
685.23731	-3341.334960000001
684.02344	-3181.6803500000005
682.80957	-3308.51891
681.59473	-3281.3465000000006
680.37988	-3180.6166500000004
679.16504	-3295.7389100000005
677.94922	-3119.6191599999997
676.7334	-2980.08394
675.51758	-2770.08134
674.30176	-2400.63075
673.08496	-2194.56907
671.86914	-2192.8395600000003
670.65137	-1594.51753
669.43457	-1399.2149799999997
668.2168	-1216.07154
667.0	-910.7213499999998
665.78125	-919.1008999999999
664.56348	-911.19101
663.34473	-784.5953
662.12598	-813.6308700000002
660.90723	-586.9537600000001
659.68848	-672.40032
658.46875	-583.32729
657.24902	-527.32861
656.0293	-334.96431000000007
654.80859	-32.49088000000006
653.58789	-75.39492999999993
652.36719	-9.844679999999926
651.14648	-231.78256999999985
649.92481	-303.83624999999984
648.7041	-424.4221
647.48242	-348.7581999999999
646.25977	-480.86475999999993
645.03711	-394.18138999999996
643.81543	-201.54989
642.5918	-216.0618199999999
641.36914	-327.0664199999999
640.14551	-161.78377
638.92188	-118.4872499999999
637.69824	-74.31724000000008
636.47461	-152.48963999999978
635.25	-36.99339999999984
634.02539	-133.1043299999999
632.80078	105.55226999999991
631.5752	26.353510000000142
630.34961	70.02634000000012
629.12402	87.78620999999998
627.89844	122.88646000000017
626.67188	25.036170000000084
625.44531	-9.978510000000142
624.21875	-122.70668000000012
622.99219	-193.29044
621.76465	-142.98615000000007
620.53711	-104.46419000000003
619.30957	147.13429999999994
618.08106	271.35247000000004
616.85254	435.9413299999999
615.62402	678.05527
614.39551	922.9203099999999
613.16699	968.4931399999999
611.9375	1105.6424499999998
610.70801	1123.33141
609.47754	1369.3184899999999
608.24805	1366.31687
607.01758	1299.5185299999998
605.78711	1183.3632599999999
604.55566	1257.7909
603.3252	1057.89254
602.09375	1222.1677399999999
600.86133	1300.1532499999998
599.62988	1240.3143499999999
598.39746	1310.93891
597.16504	982.5903800000001
595.93262	946.3613099999999
594.69922	1005.5812
593.46582	973.24636
592.23242	651.84892
590.99902	572.29614
589.76465	257.18480999999997
588.53027	234.54072000000002
587.2959	258.65769
586.06152	-95.99951999999999
584.82617	-11.622959999999999
583.59082	-87.146
582.35547	-66.88847
581.11914	-302.61789999999996
579.88281	-238.59326000000001
578.64648	-150.22356
577.41016	-24.263540000000006
