2000.04395	-195.92112
1901.7627	134.24325
1900.78027	-40.220089999999985
1899.79785	7.247389999999996
1898.81543	-15.76415
1897.83203	22.52727
1896.84961	69.9376
1895.86621	-85.22764000000001
1894.88281	-80.76689999999999
1893.89844	62.033759999999994
1892.91504	-23.721909999999994
1891.93066	-131.23847
1890.94727	-87.86302
1889.96289	-69.60468
1888.97754	-249.01878
1887.99316	8.784599999999998
1887.00781	-55.29437
1886.02344	-86.41227
1885.03809	163.91389
1884.05176	24.41758
1883.06641	-45.30006
1882.08106	47.934160000000006
1881.09473	53.94059999999999
1880.1084	-189.36994
1879.12207	-49.0552
1878.13574	56.47569
1877.14844	-94.69885000000001
1876.16211	137.5029
1875.17481	-37.5
1874.1875	-295.33611
1873.19922	-90.3283
1872.21191	-89.24593
1871.22363	31.310070000000003
1870.23633	-63.826829999999994
1869.24805	-25.645639999999997
1868.25879	-46.54807
1867.27051	7.555009999999999
1866.28223	136.83969
1865.29297	-18.139250000000004
1864.30371	67.28246
1863.31445	78.50383
1862.32422	-20.66546
1861.33496	158.60482
1860.34473	128.04059
1859.35449	-67.47516
1858.36426	-2.885559999999998
1857.37402	-38.29281
1856.38379	46.99106
1855.39258	-33.92416
1854.40137	5.161709999999999
1853.41016	87.46529
1852.41895	-130.01291
1851.42676	-160.24797
1850.43555	-164.3506
1849.44336	-2.3865399999999966
1848.45117	-9.93014999999999
1847.45898	-5.167200000000008
1846.4668	-284.71419000000003
1845.47363	-18.27188
1844.48047	-159.77031
1843.48731	-129.87014
1842.49414	-106.71898
1841.50098	-102.34054
1840.50684	-207.0367
1839.51367	-162.33787999999998
1838.51953	-16.639749999999992
1837.52539	32.02037
1836.53027	47.709270000000004
1835.53613	-200.68254
1834.54102	-108.65387
1833.5459	-141.53324
1832.55078	-77.21096
1831.55566	-101.06362999999999
1830.56055	3.890979999999999
1829.56445	147.67827999999997
1828.56836	-38.18915999999999
1827.57227	-48.368919999999974
1826.57617	-217.49332
1825.58008	-70.58041
1824.58301	149.99177
1823.58594	-13.742419999999981
1822.58887	84.98559
1821.5918	-55.957930000000005
1820.59473	19.275470000000013
1819.59668	88.41167999999999
1818.59961	-171.24687
1817.60156	-61.76471000000001
1816.60352	-17.591409999999996
1815.60449	-134.67430000000002
1814.60645	146.72179
1813.60742	43.41819000000001
1812.6084	56.982879999999994
1811.60938	132.76340000000002
1810.61035	133.53259
1809.61035	-167.17871
1808.61133	6.048439999999999
1807.61133	8.881830000000008
1806.61133	-101.45691
1805.61035	51.32176000000001
1804.61035	-16.14290000000001
1803.60938	-109.18234999999999
1802.6084	-13.287719999999993
1801.60742	47.64935
1800.60645	-61.54712000000001
1799.60547	-126.20371999999999
1798.60352	34.37023000000002
1797.60156	-32.3939
1796.59961	-168.71622
1795.59766	47.345699999999994
1794.5957	-33.61799
1793.59277	13.781860000000002
1792.58984	-177.17179000000002
1791.58789	-26.385239999999996
1790.58398	9.791309999999996
1789.58106	-127.276
1788.57715	-94.29114999999999
1787.57422	-155.90197999999998
1786.57031	69.53002000000001
1785.56641	-53.92514
1784.56152	-97.90892
1783.55762	-118.70764
1782.55273	83.71928
1781.54785	70.72982999999999
1780.54297	-134.8588
1779.53809	-88.09868
1778.53223	-59.483700000000006
1777.52734	-172.8131
1776.52148	-305.7319
1775.51563	-177.67018000000002
1774.50879	89.87610000000001
1773.50293	105.59886
1772.49609	-157.98755
1771.48926	-54.76452999999999
1770.48242	-159.56745999999998
1769.47559	-280.48704
1768.46777	-215.40516
1767.46094	-98.77452
1766.45313	-32.404459999999986
1765.44531	-153.36674000000002
1764.4375	-186.75432999999998
1763.42871	28.152719999999988
1762.4209	52.54020000000001
1761.41211	-177.88369
1760.40332	-102.15048999999999
1759.39356	-57.63837000000001
1758.38477	-50.36251999999999
1757.375	15.486670000000004
1756.36621	145.68009
1755.35645	-134.89068
1754.3457	215.63646
1753.33594	154.59404000000004
1752.3252	-50.029650000000004
1751.31543	-33.75173000000001
1750.30469	331.43882
1749.29297	216.6079
1748.28223	96.256
1747.27051	244.53886
1746.25977	41.80851
1745.24805	109.35573
1744.23535	205.90031
1743.22363	154.30648
1742.21191	126.16371
1741.19922	220.17163
1740.18652	65.29693
1739.17383	77.40225000000001
1738.16016	37.851330000000004
1737.14746	11.8582
1736.13379	-49.67783
1735.12012	4.3796800000000005
1734.10645	36.16654
1733.0918	68.61444
1732.07813	-87.63838
1731.06348	41.92119
1730.04883	-89.99489
1729.03418	-201.48489
1728.01953	-69.94112
1727.00391	-74.72657
1725.98828	-17.423789999999997
1724.97266	-186.44678
1723.95703	-73.88034999999999
1722.94141	-224.36476
1721.92481	-50.808539999999994
1720.90918	-214.62452
1719.89258	-399.49121
1718.87598	-214.34409000000002
1717.8584	-103.56759
1716.8418	-395.02964
1715.82422	-152.41388999999998
1714.80664	-287.99998999999997
1713.78906	-83.1951
1712.77051	-214.80805
1711.75293	-346.97645
1710.73438	-251.81280999999998
1709.71582	-62.77638999999999
1708.69727	-189.85215
1707.67871	-246.67598000000004
1706.65918	-311.95566999999994
1705.64063	-287.8509
1704.62109	-385.61021999999997
1703.60059	-333.49242000000004
1702.58106	-487.14032
1701.56152	-393.81584000000004
1700.54102	-349.67291
1699.52051	-318.27387
1698.5	-182.52476000000001
1697.47852	-331.55093999999997
1696.45801	-223.20326999999997
1695.43652	-479.71412999999995
1694.41504	-217.0628
1693.39356	-499.31871
1692.37207	-378.06663000000003
1691.34961	-520.61812
1690.32715	-503.8687
1689.30469	-468.79851
1688.28223	-307.0582
1687.25977	-494.56253000000004
1686.23633	-516.9010599999999
1685.21387	-347.6586
1684.19043	-608.7550899999999
1683.16602	-338.82789
1682.14258	-473.65824000000003
1681.11914	-403.2104
1680.09473	-481.86219000000006
1679.07031	-640.39018
1678.0459	-556.6317999999999
1677.02051	-558.7076399999999
1675.99609	-842.02829
1674.9707	-729.2874999999999
1673.94531	-832.2417799999998
1672.91992	-715.82809
1671.89356	-937.44859
1670.86816	-783.6841900000001
1669.8418	-912.9951900000001
1668.81543	-924.9198899999999
1667.78906	-715.8271599999999
1666.76172	-897.59125
1665.73535	-890.30358
1664.70801	-864.97675
1663.68066	-832.8358400000001
1662.65332	-852.6637000000001
1661.625	-1015.9668800000001
1660.59766	-1074.31341
1659.56934	-1070.87131
1658.54102	-1061.87716
1657.5127	-987.9918799999999
1656.4834	-1184.39023
1655.45508	-1443.38157
1654.42578	-1211.14755
1653.39648	-1022.6396699999999
1652.36621	-1310.65473
1651.33691	-1342.1501
1650.30664	-1472.0877100000002
1649.27637	-1438.24777
1648.24609	-1637.1657
1647.21582	-1638.61067
1646.18555	-1508.26017
1645.1543	-1791.8005399999997
1644.12305	-1677.7756299999999
1643.0918	-1896.17834
1642.06055	-1992.6922200000001
1641.02832	-2190.81121
1639.99707	-2075.9469099999997
1638.96484	-2184.19482
1637.93164	-2190.46021
1636.89941	-2062.85801
1635.86719	-2146.8884500000004
1634.83398	-2146.6855800000003
1633.80078	-2324.76171
1632.76758	-2557.37946
1631.73438	-2510.68358
1630.7002	-2540.23714
1629.66602	-2493.8632399999997
1628.63184	-2721.4172699999995
1627.59766	-2709.57851
1626.56348	-2961.0466800000004
1625.52832	-3127.9496799999997
1624.49316	-3136.44197
1623.45801	-3018.1027599999998
1622.42285	-3256.0821800000003
1621.3877	-3337.39883
1620.35156	-3545.11583
1619.31543	-3723.7562
1618.2793	-3676.0282100000004
1617.24316	-3871.6603800000003
1616.20703	-3746.47454
1615.16992	-4075.8193200000005
1614.13281	-4228.56823
1613.0957	-4111.39988
1612.05859	-4324.09999
1611.02051	-4561.15119
1609.9834	-4864.03365
1608.94531	-4708.32566
1607.90723	-4796.43901
1606.86816	-4856.632320000001
1605.83008	-5069.911330000001
1604.79102	-5138.514270000001
1603.75195	-5540.594700000001
1602.71289	-5689.49625
1601.67383	-6135.55456
1600.63379	-6327.65993
1599.59473	-6518.8306999999995
1598.55469	-7265.5873599999995
1597.51367	-7563.965199999999
1596.47363	-7969.347920000002
1595.43359	-8058.830389999999
1594.39258	-8116.084119999998
1593.35156	-8444.182700000001
1592.31055	-7970.00302
1591.26856	-7510.771840000001
1590.22754	-7097.778589999998
1589.18555	-6575.629090000002
1588.14356	-6599.501149999996
1587.10059	-6208.467679999998
1586.05859	-5962.6178999999975
1585.01563	-5530.299889999998
1583.97266	-5690.010379999996
1582.92969	-5162.019079999998
1581.88672	-4627.948329999999
1580.84375	-4063.448769999999
1579.79981	-3447.5025700000006
1578.75586	-3203.3082399999985
1577.71191	-1497.3162200000006
1576.66699	-111.53035999999702
1575.62305	2505.7740600000034
1574.57813	4434.073070000002
1573.5332	6622.805670000002
1572.48828	7027.833720000002
1571.44336	5544.41229
1570.39746	3807.2861399999965
1569.35156	1394.586199999998
1568.30566	-650.6859000000004
1567.25977	-1898.6438999999991
1566.21387	-3332.3663799999995
1565.16699	-3973.490320000001
1564.12012	-4557.686569999998
1563.07324	-4243.881700000002
1562.02637	-4584.40372
1560.97852	-4481.879790000001
1559.93066	-4812.247070000001
1558.88379	-4524.13091
1557.83496	-4541.888720000001
1556.78711	-4446.478929999999
1555.73926	-5113.334779999999
1554.69043	-5152.301049999999
1553.6416	-5755.96957
1552.59277	-5832.691489999999
1551.54297	-6249.6131700000005
1550.49414	-6512.13055
1549.44434	-7081.1009
1548.39453	-7471.24916
1547.34473	-7946.90394
1546.29395	-8344.587599999999
1545.24414	-8520.192649999999
1544.19336	-8676.69118
1543.14258	-8672.90374
1542.09082	-8837.578539999999
1541.04004	-8566.341929999999
1539.98828	-8441.90651
1538.93652	-8160.735059999999
1537.88477	-7582.4642
1536.83301	-7545.28765
1535.78027	-7263.65864
1534.72754	-6788.9409399999995
1533.67481	-6716.268230000001
1532.62207	-6343.20308
1531.56934	-6353.413189999999
1530.51563	-5879.32128
1529.46191	-5406.46436
1528.4082	-5352.37719
1527.35449	-5097.759190000001
1526.29981	-4959.08001
1525.24609	-4646.169330000001
1524.19141	-4099.35923
1523.13672	-4047.3541800000003
1522.08106	-3797.8999999999996
1521.02637	-3805.5405600000004
1519.9707	-3360.7301
1518.91504	-3194.80664
1517.85938	-3125.4929899999997
1516.80273	-2943.69824
1515.74707	-2829.28104
1514.69043	-2517.92636
1513.63379	-2445.66298
1512.57715	-2458.9839300000003
1511.51953	-2412.5276599999997
1510.46191	-2353.5997899999998
1509.40527	-2229.61844
1508.34668	-2205.3455400000003
1507.28906	-2200.6452600000002
1506.23145	-1888.62283
1505.17285	-1998.22595
1504.11426	-1783.9561699999997
1503.05566	-1935.9087399999999
1501.99609	-1915.30928
1500.9375	-1872.0114900000003
1499.87793	-1655.0724599999999
1498.81836	-1639.01995
1497.75781	-1477.88491
1496.69824	-1452.7728200000001
1495.6377	-1399.2378300000003
1494.57715	-1256.67556
1493.5166	-1055.44256
1492.45606	-763.8417900000002
1491.39453	-308.1951399999998
1490.33301	179.7462300000002
1489.27148	660.05449
1488.20996	691.12347
1487.14844	1218.4600199999995
1486.08594	1493.9216000000001
1485.02344	1465.41507
1483.96094	1341.9130900000005
1482.89844	1421.91061
1481.83496	737.78755
1480.77246	607.62671
1479.70898	555.2599599999999
1478.64453	338.97195999999985
1477.58106	163.73845999999958
1476.51758	101.61283000000003
1475.45313	123.37973000000011
1474.38867	251.9357799999998
1473.32324	384.69025000000056
1472.25879	222.2733500000004
1471.19336	-268.27819
1470.12793	-483.69743000000017
1469.0625	-902.0864500000002
1467.99707	-1270.35034
1466.93066	-1668.7281100000002
1465.86523	-1745.4208
1464.79883	-1801.4634500000002
1463.73145	-1888.7067200000001
1462.66504	-2200.1983299999997
1461.59766	-2126.1898600000004
1460.53027	-2016.14996
1459.46289	-2174.8200399999996
1458.39551	-1915.4226900000003
1457.32715	-1971.65144
1456.25977	-1955.5910600000002
1455.19141	-1821.37232
1454.12305	-1480.03809
1453.05371	-1307.0412299999998
1451.98535	-1074.42349
1450.91602	-1034.37777
1449.84668	-975.0327599999999
1448.77637	-938.6165199999999
1447.70703	-818.80034
1446.63672	-838.33599
1445.56641	-640.24266
1444.49609	-603.84713
1443.42578	-598.74436
1442.35449	-460.74696
1441.2832	-622.57583
1440.21191	-558.21721
1439.14063	-465.09792
1438.06934	-402.80210999999997
1436.99707	-514.21085
1435.92481	-604.3361
1434.85254	-586.23878
1433.78027	-654.36747
1432.70703	-489.35702000000003
1431.63379	-452.08263
1430.56055	-609.63097
1429.48731	-524.35762
1428.41309	-449.04253
1427.33984	-580.43377
1426.26563	-495.94306
1425.19141	-358.12192
1424.11621	-355.01041
1423.04199	-318.51404
1421.9668	-483.31620999999996
1420.8916	-326.16047000000003
1419.81641	-536.43614
1418.74023	-529.70668
1417.66504	-364.63862
1416.58887	-432.36709
1415.5127	-560.03409
1414.43555	-700.27872
1413.35938	-639.99328
1412.28223	-644.79247
1411.20508	-570.9458300000001
1410.12793	-882.1224400000001
1409.04981	-792.7777500000001
1407.97266	-955.8768299999999
1406.89453	-963.48577
1405.81641	-1096.6577
1404.73731	-1145.4702499999999
1403.65918	-1097.8289100000002
1402.58008	-1116.70876
1401.50098	-1138.81242
1400.42188	-850.39815
1399.3418	-933.69362
1398.2627	-675.62318
1397.18262	-583.66902
1396.10254	-530.41315
1395.02148	-261.28835999999995
1393.94141	-271.00935
1392.86035	-262.47022
1391.7793	-72.91991000000002
1390.69824	214.78708
1389.61621	-7.88900000000001
1388.53516	-211.71801000000005
1387.45313	-41.769529999999975
1386.37109	-67.67313000000001
1385.28809	163.46152999999993
1384.20606	182.67620999999997
1383.12305	161.09287
1382.04004	120.87961999999999
1380.95703	85.11649999999997
1379.87305	52.68055000000004
1378.78906	293.96213
1377.70508	24.253649999999993
1376.62109	-23.75720000000001
1375.53711	164.33479
1374.45215	162.3791
1373.36719	265.46611
1372.28223	178.5444000000001
1371.19727	278.18286
1370.11231	275.97029
1369.02637	361.61015
1367.94043	313.31548999999995
1366.85449	254.98518
1365.76758	567.7698700000001
1364.68164	286.77022999999997
1363.59473	339.93809000000005
1362.50781	459.21534999999994
1361.41992	392.77547000000004
1360.33301	362.59549
1359.24512	504.33612999999997
1358.15723	483.24604999999997
1357.06934	462.44859999999994
1355.98145	544.4535400000001
1354.89258	403.11875999999995
1353.80371	562.34961
1352.71484	552.0386599999999
1351.625	831.43765
1350.53613	597.2788899999999
1349.44629	540.4074800000001
1348.35645	353.40652
1347.2666	305.25164
1346.17578	426.22918000000004
1345.08594	470.83291
1343.99512	346.299
1342.90332	47.51300999999995
1341.8125	163.16464000000002
1340.7207	348.9819600000001
1339.62988	328.31728000000004
1338.53809	367.6140200000001
1337.44531	380.42382999999995
1336.35352	357.92533000000003
1335.26074	551.21991
1334.16797	575.6048
1333.0752	350.80199000000005
1331.98145	336.63938999999993
1330.88867	235.0602
1329.79492	471.70459999999997
1328.70117	286.97933
1327.60645	265.32085000000006
1326.5127	279.0392
1325.41797	147.8403
1324.32324	162.59222
1323.22754	-74.44153999999997
1322.13281	-254.87066
1321.03711	-198.80397000000005
1319.94141	-208.80354000000005
1318.8457	-456.58099
1317.75	-399.82315
1316.65332	-484.06414
1315.55664	-551.94733
1314.45996	-597.26859
1313.36328	-749.9871199999999
1312.26563	-699.16742
1311.16797	-743.2097100000001
1310.07031	-703.7788100000001
1308.97266	-889.1911200000001
1307.87402	-973.17571
1306.77637	-939.21668
1305.67773	-1063.46739
1304.5791	-916.8124499999999
1303.47949	-858.95127
1302.38086	-1080.46569
1301.28125	-1238.91581
1300.18164	-1385.95755
1299.08106	-1386.89799
1297.98145	-1401.99508
1296.88086	-1850.84609
1295.78027	-2000.91066
1294.67969	-2169.99735
1293.57813	-2332.65317
1292.47656	-2536.99856
1291.375	-2802.32924
1290.27344	-3064.74836
1289.17188	-3369.2287700000006
1288.06934	-3435.2745500000005
1286.9668	-3558.0169800000003
1285.86426	-3564.0695699999997
1284.76172	-3355.31549
1283.6582	-3598.47004
1282.55469	-3587.92123
1281.45117	-3549.28691
1280.34766	-3203.5184000000004
1279.24414	-3077.17663
1278.13965	-2786.00425
1277.03516	-2546.38918
1275.93066	-2220.78762
1274.8252	-2008.9659500000002
1273.7207	-1584.86785
1272.61523	-1601.4250299999999
1271.50879	-1471.6990300000002
1270.40332	-1296.0066499999998
1269.29785	-1165.31711
1268.19141	-1057.31194
1267.08496	-991.8435100000002
1265.97754	-896.58106
1264.87109	-821.31871
1263.76367	-937.7089899999999
1262.65625	-804.8134600000001
1261.54883	-853.91487
1260.44043	-845.76432
1259.33301	-866.93129
1258.22461	-884.35581
1257.11523	-887.74344
1256.00684	-826.05134
1254.89746	-849.52867
1253.78809	-905.7389300000001
1252.67871	-779.9452200000001
1251.56934	-845.32983
1250.45898	-636.61693
1249.34961	-668.38043
1248.23926	-724.1391600000001
1247.12793	-624.57614
1246.01758	-609.07671
1244.90625	-566.7976900000001
1243.79492	-629.88463
1242.68359	-542.63095
1241.57129	-379.27792000000005
1240.45996	-449.44984
1239.34766	-499.26182
1238.23438	-561.12989
1237.12207	-474.32501
1236.00879	-483.03667
1234.89648	-637.37571
1233.78223	-461.72454999999997
1232.66895	-539.4856199999999
1231.55566	-452.78351000000004
1230.44141	-470.52573
1229.32715	-421.08469
1228.21191	-468.69556
1227.09766	-480.32341
1225.98242	-437.28069
1224.86719	-520.94377
1223.75195	-480.65707
1222.63574	-500.11026000000004
1221.52051	-434.1345
1220.4043	-423.41346
1219.28711	-441.81341
1218.1709	-406.55528000000004
1217.05371	-282.55548
1215.93652	-609.53038
1214.81934	-508.49977
1213.70215	-536.12007
1212.58398	-612.5836800000001
1211.46582	-715.0408000000001
1210.34766	-779.22284
1209.22949	-739.1508799999999
1208.11035	-919.02486
1206.99219	-941.8657099999999
1205.87305	-1104.2187000000001
1204.75293	-1152.33527
1203.63379	-1124.8384800000001
1202.51367	-1282.25839
1201.39356	-1600.7070999999996
1200.27344	-1684.7652999999998
1199.15234	-1683.3597100000002
1198.03223	-1909.31059
1196.91113	-2235.30599
1195.79004	-2227.95254
1194.66797	-2451.0681399999994
1193.5459	-2556.42796
1192.42481	-2476.4846199999997
1191.30176	-2518.9921899999995
1190.17969	-2649.3204
1189.05664	-2639.46662
1187.93359	-2466.8396199999997
1186.81055	-2195.1142800000002
1185.6875	-1965.5796499999997
1184.56348	-1748.28287
1183.44043	-1385.2074299999995
1182.31641	-1284.2966099999994
1181.19141	-1072.9370099999996
1180.06738	-816.4069599999993
1178.94238	-640.5157799999997
1177.81738	-454.1505100000004
1176.69238	-234.7103000000002
1175.56641	-140.73323999999957
1174.44043	7.967560000000049
1173.31445	89.55232999999998
1172.18848	131.66394000000014
1171.0625	96.74319999999989
1169.93555	-38.240099999999984
1168.80859	43.00957000000017
1167.68164	28.74041000000011
1166.55371	-106.44011
1165.42676	-58.979979999999955
1164.29883	-292.19697
1163.1709	-174.46261999999996
1162.04199	-248.56294000000003
1160.91406	-200.88074999999998
1159.78516	-266.56965
1158.65625	-266.77477000000005
1157.52637	-95.76465999999999
1156.39746	111.53291999999999
1155.26758	11.326889999999992
1154.1377	-20.453629999999976
1153.00684	-114.91754
1151.87695	39.34262000000001
1150.74609	-35.71719
1149.61523	-35.22466
1148.48438	142.06588
1147.35254	149.1627
1146.2207	108.57394
1145.08887	96.00459
1143.95703	-3.4054100000000034
1142.8252	-7.275039999999997
1141.69238	-25.88528
1140.55957	-91.44181
1139.42676	-166.44415
1138.29297	-174.94423
1137.15918	-164.18959999999998
1136.02539	-54.79285999999999
1134.8916	-172.16111
1133.75781	-353.0857
1132.62305	-425.05601
1131.48828	-642.32511
1130.35352	-658.8304700000001
1129.21777	-881.11887
1128.08301	-794.6725499999999
1126.94727	-526.3717900000001
1125.81152	-492.73045
1124.67481	-469.11310000000003
1123.53906	-332.1106500000001
1122.40234	-143.78764999999999
1121.26563	-302.3158900000001
1120.12793	-71.5026499999999
1118.99023	35.864919999999984
1117.85352	-26.223140000000058
1116.71484	208.42311999999993
1115.57715	149.6265199999998
1114.43945	432.4495999999999
1113.30078	359.8139500000002
1112.16211	235.44169999999986
1111.02246	196.39630000000034
1109.88379	121.14540000000034
1108.74414	-1.139379999999619
1107.60449	113.80027999999947
1106.46387	-201.90941999999995
1105.32422	-353.07958999999937
1104.18359	-430.8092200000001
1103.04297	-804.2412800000002
1101.90234	-1228.0825700000005
1100.76074	-1574.7185899999995
1099.61914	-2020.1563399999995
1098.47754	-2330.12244
1097.33594	-2853.5552399999997
1096.19336	-3664.02614
1095.05176	-4468.3267000000005
1093.90918	-5369.724469999999
1092.76563	-6301.01869
1091.62305	-7219.846229999999
1090.47949	-8306.631129999998
1089.33594	-9296.78009
1088.19238	-9867.974699999999
1087.04785	-10902.62615
1085.90332	-11020.904480000001
1084.75879	-11042.92436
1083.61426	-10528.72256
1082.46973	-9625.795460000001
1081.32422	-8415.571380000001
1080.17871	-6842.350319999998
1079.0332	-4807.233489999999
1077.88672	-2389.80184
1076.74023	565.7663299999986
1075.59375	3322.4275599999964
1074.44727	6648.968399999998
1073.30078	9730.873050000002
1072.15332	11996.069069999998
1071.00586	13415.663529999998
1069.8584	14849.557529999998
1068.70996	15171.661399999997
1067.56152	14504.932260000001
1066.41309	12862.477270000003
1065.26465	11660.679420000004
1064.11621	10080.194599999999
1062.9668	8367.31738
1061.81738	6707.28543
1060.66797	5208.947540000001
1059.51758	4127.569160000001
1058.36816	3150.463819999999
1057.21777	1334.3311400000002
1056.06738	1295.7293600000012
1054.91602	917.3672800000004
1053.76465	364.99543000000085
1052.61328	276.1574299999993
1051.46191	826.23657
1050.31055	449.2868499999995
1049.1582	200.6539899999998
1048.00586	-82.41271000000052
1046.85352	-83.73058000000037
1045.7002	-63.496900000000096
1044.54785	-140.11807
1043.39453	-440.81294000000025
1042.24023	-603.27567
1041.08691	-605.8044399999999
1039.93262	-819.9530299999997
1038.77832	-997.77603
1037.62402	-881.4978000000001
1036.46973	-1094.3050200000002
1035.31445	-1416.6107500000003
1034.15918	-1237.65857
1033.00391	-1665.3834800000004
1031.84766	-1505.98578
1030.69238	-1677.1160299999997
1029.53613	-1785.87482
1028.37891	-1622.1010499999993
1027.22266	-1141.5770600000005
1026.06543	-66.51550000000134
1024.9082	1679.0859799999998
1023.75098	3925.0590399999983
1022.59375	5800.830880000001
1021.43555	6233.678219999998
1020.27734	4850.799140000001
1019.11914	2649.9609
1017.95996	716.1072400000012
1016.80078	-758.3019100000001
1015.6416	-2112.5606399999997
1014.48242	-2548.1085699999994
1013.32324	-2780.23102
1012.16309	-2686.4812199999997
1011.00293	-2358.6160600000003
1009.84277	-2055.48178
1008.68164	-1329.3560900000002
1007.52051	-1032.9917
1006.35938	-696.0727999999995
1005.19824	-591.5545499999998
1004.03711	-223.75660000000016
1002.875	366.4945000000007
1001.71289	1912.0666100000008
1000.55078	5391.203790000001
999.3877	9744.47194
998.22461	11562.86519
997.06152	9037.299890000002
995.89844	3839.6490999999987
994.73438	-805.4590700000008
993.57129	-2867.38983
992.40723	-3763.63894
991.24219	-4245.84211
990.07813	-4696.64041
988.91309	-4857.2611
987.74805	-5120.773590000001
986.58301	-4952.96424
985.41699	-5076.226070000001
984.25098	-5057.43069
983.08496	-5107.467000000001
981.91895	-4864.35319
980.75195	-4681.88833
979.58496	-4369.70065
978.41797	-4034.95336
977.25098	-3755.30248
976.08301	-3185.69311
974.91504	-3094.07268
973.74707	-2925.8025199999993
972.5791	-2537.1264600000004
971.41016	-2260.8386
970.24219	-2021.1204700000003
969.07227	-1876.4206000000001
967.90332	-1654.6413800000003
966.7334	-1647.60318
965.56348	-1511.8732000000002
964.39356	-1117.5650899999998
963.22363	-1031.8586799999998
962.05273	-1029.67261
960.88184	-836.9085300000002
959.71094	-615.5315800000001
958.54004	-582.54314
957.36816	-385.43291999999997
956.19629	-393.56149000000005
955.02441	-304.92886999999985
953.85156	-268.30307000000016
952.67969	-293.28625
951.50684	-401.5287800000001
950.33398	-524.6785000000001
949.16016	-588.9211700000001
947.98633	-698.72199
946.8125	-639.5419899999999
945.63867	-808.2824599999999
944.46484	-677.99951
943.29004	-753.83942
942.11523	-590.0678600000001
940.94043	-537.39775
939.76465	-691.77108
938.58887	-636.5326
937.41309	-582.95695
936.23731	-559.1764499999999
935.06055	-698.3218800000001
933.88379	-676.1515199999999
932.70703	-641.5596899999999
931.53027	-624.15797
930.35254	-705.0132099999998
929.17578	-694.6310699999999
927.99805	-773.8476
926.81934	-675.2241700000001
925.6416	-736.5806299999999
924.46289	-504.24053999999995
923.28418	-422.16105999999996
922.10449	-498.07791
920.92481	-512.36032
919.74609	-520.72703
919.55176	-505.62416999999994
918.38672	-493.84557
917.2207	-521.35084
916.05469	-588.2398000000001
914.8877	-869.07244
913.72168	-689.63193
912.55469	-764.1637800000001
911.3877	-692.3730899999999
910.2207	-815.4093899999999
909.05273	-711.19084
907.88574	-749.6069
906.71777	-698.4341000000001
905.54883	-762.81539
904.38086	-716.22631
903.21191	-717.74888
902.04297	-819.0155699999999
900.87402	-667.45104
899.7041	-590.8256799999999
898.53516	-457.01023
897.36523	-535.68979
896.19434	-586.15109
895.02441	-534.08624
893.85352	-526.99861
892.68262	-378.05911999999995
891.51172	-406.03725000000003
890.34082	-324.60695
889.16895	-479.86599
887.99707	-288.85913000000005
886.8252	-174.99437999999998
885.65332	-219.68714
884.48047	-269.31922
883.30762	-127.5093
882.13477	-74.87971999999999
880.96191	-117.07965
879.78809	-54.566449999999996
878.61426	95.94296
877.44043	57.96192
876.2666	101.71257
875.0918	139.69384
873.91699	69.23310000000001
872.74219	179.02243
871.56738	152.14341000000002
870.3916	214.33096999999998
869.21582	70.70228
868.04004	210.53151
866.86426	151.45031
865.6875	97.66674
864.51074	74.59211
863.33398	111.8049
862.15723	37.44706
860.97949	-38.13381
859.80273	-116.01914
858.625	-29.85695
857.44629	-57.1807
856.26856	-117.59654
855.08984	-151.91528
853.91113	-240.36131999999998
852.73145	-283.25011
851.55273	-236.46822
850.37305	-342.20263
849.19336	-429.18946000000005
848.01367	-456.93537000000003
846.83301	-492.88968
845.65234	-457.46034999999995
844.47168	-518.03402
843.29102	-428.99672
842.11035	-374.01418
840.92871	-519.74409
839.74707	-504.3532
838.56445	-725.99632
837.38281	-760.2426800000001
836.2002	-556.38804
835.01758	-579.40157
833.83496	-675.74478
832.65137	-571.8680299999999
831.46777	-672.2156699999999
830.28418	-668.3081000000001
829.10059	-668.40166
827.91699	-540.7162500000001
826.73242	-691.4400400000001
825.54785	-593.3125000000001
824.36328	-630.2949100000001
823.17773	-528.6955399999999
821.99219	-542.1064499999999
820.80664	-403.0527800000001
819.62109	-550.4861
818.43457	-487.33781
817.24902	-483.46457
816.0625	-398.55083
814.875	-277.23174000000006
813.68848	-566.87487
812.50098	-459.7545799999999
811.31348	-567.6038500000001
810.12598	-614.40422
808.9375	-575.3342
807.74902	-453.80896000000007
806.56055	-361.29560000000004
805.37207	-520.32117
804.18262	-429.06044999999995
802.99414	-520.36813
801.80371	-531.3625300000001
800.61426	-682.35976
799.42481	-437.21885
798.23438	-433.2869300000001
797.04395	-424.6252400000001
795.85254	-434.76609
794.66211	-595.5520999999999
793.4707	-513.1236700000001
792.2793	-528.5926099999999
791.08789	-490.06318000000005
789.89551	-608.38607
788.70313	-509.72931000000005
787.51074	-429.2966799999999
786.31836	-530.79627
785.125	-443.63838999999996
783.93164	-516.5264699999999
782.73828	-492.34907999999996
781.54492	-552.37954
780.35059	-503.98145999999997
779.15625	-501.56813
777.96191	-628.8294
776.76758	-631.9353900000001
775.57227	-854.32421
774.37695	-834.4156399999999
773.18164	-1054.46681
771.98633	-1058.40872
770.79004	-1036.7319300000001
769.59375	-1038.08273
768.39746	-903.35068
767.20117	-835.18969
766.00391	-955.80405
764.80664	-782.39641
763.60938	-941.84333
762.41211	-914.41261
761.21387	-907.35711
760.01563	-608.26151
758.81738	-782.58871
757.61816	-795.5156
756.41992	-648.0001199999999
755.2207	-602.7035700000001
754.02148	-395.9684000000001
752.82129	-35.208999999999946
751.62109	-11.871720000000096
750.4209	92.15545999999995
749.2207	32.38322999999991
748.02051	66.52068000000008
746.81934	-49.5297599999999
745.61816	-154.12272000000007
744.41699	-208.63482
743.21484	-452.70489
742.0127	-423.9689900000001
740.81055	-311.9566299999999
739.6084	-434.23324
738.40625	-413.91013999999996
737.20313	-392.84652000000006
736.0	-491.92471
734.7959	-614.8380500000001
733.59277	-620.9607899999999
732.38867	-558.8909199999998
731.18457	-622.0792899999999
729.97949	-752.3344999999999
728.77539	-706.7695000000001
727.57031	-726.79818
726.36523	-1012.2139699999999
725.16016	-895.8987800000001
723.9541	-1107.60223
722.74805	-1299.12349
721.54199	-1341.8876300000002
720.33496	-1397.89034
719.12891	-1495.5105600000002
717.92188	-1531.26269
716.71484	-1787.1762700000002
715.50684	-1868.27387
714.29883	-1951.00065
713.09082	-2127.1836300000004
711.88281	-2220.98654
710.67481	-2555.4025500000002
709.46582	-2754.38011
708.25684	-3078.4662500000004
707.04785	-3506.43163
705.83789	-4002.7064800000003
704.62793	-4212.666560000001
703.41797	-4798.826599999999
702.20801	-5298.98767
700.99805	-5874.5844
699.78711	-6761.676329999999
698.57617	-7220.84611
697.36426	-7343.585210000001
696.15332	-7312.75326
694.94141	-7543.20677
693.72949	-7180.8608
692.5166	-6686.060330000001
691.30469	-6240.5934
690.0918	-6175.4920999999995
688.87891	-6001.305139999999
687.66504	-5850.22607
686.45117	-5309.6234
685.23731	-5069.81641
684.02344	-4626.841970000001
682.80957	-4472.72032
681.59473	-4077.06354
680.37988	-3653.7572800000003
679.16504	-3578.2616100000005
677.94922	-3431.17507
676.7334	-3415.81929
675.51758	-3249.5361700000003
674.30176	-2912.7992
673.08496	-2593.49998
671.86914	-2280.1501000000003
670.65137	-1908.9223200000001
669.43457	-1784.9139499999997
668.2168	-1365.2348699999998
667.0	-1312.53605
665.78125	-1058.05146
664.56348	-1142.40121
663.34473	-1066.8237
662.12598	-1054.4922000000001
660.90723	-808.10879
659.68848	-712.0999099999999
658.46875	-461.29836
657.24902	-234.24108999999999
656.0293	19.22452999999996
654.80859	-33.42362000000003
653.58789	-231.41055000000006
652.36719	-224.51032999999984
651.14648	-303.86058
649.92481	-281.6156699999999
648.7041	-316.14921000000004
647.48242	-375.41328999999996
646.25977	-436.0100299999999
645.03711	-681.92895
643.81543	-373.8611000000001
642.5918	-427.9127699999999
641.36914	-411.04761999999994
640.14551	-479.69325000000003
638.92188	-495.13073999999995
637.69824	-514.0893400000001
636.47461	-497.9683399999999
635.25	-453.6879799999999
634.02539	-191.16450999999995
632.80078	-236.42855999999995
631.5752	-238.85754999999983
630.34961	-217.36299999999994
629.12402	-209.96477000000004
627.89844	-302.85101999999995
626.67188	-123.24831999999992
625.44531	-19.529539999999997
624.21875	10.87882999999988
622.99219	163.0509300000001
621.76465	285.3830499999999
620.53711	253.63474999999994
619.30957	167.15651000000003
618.08106	76.15075000000002
616.85254	357.7115899999999
615.62402	395.34506999999996
614.39551	544.6076899999999
613.16699	473.03244000000007
611.9375	490.11938
610.70801	472.16522000000003
609.47754	491.96735000000007
608.24805	533.42259
607.01758	659.7212900000001
605.78711	637.34946
604.55566	588.4080299999999
603.3252	822.79805
602.09375	826.37679
600.86133	685.69128
599.62988	668.7171199999999
598.39746	682.61518
597.16504	639.86504
595.93262	609.09684
594.69922	578.60018
593.46582	487.4789
592.23242	444.71412000000004
590.99902	426.95696
589.76465	205.54592
588.53027	217.98426
587.2959	150.28480000000002
586.06152	33.20685
584.82617	108.30888
583.59082	0.2872599999999963
582.35547	-27.436709999999998
581.11914	-248.36135
579.88281	-328.83409
578.64648	-130.77882
577.41016	-86.68638
