2000.04395	-129.46427
1901.7627	198.44310000000002
1900.78027	-270.01144999999997
1899.79785	103.84824
1898.81543	-247.0784
1897.83203	-81.88199999999999
1896.84961	-99.65485
1895.86621	-261.63513
1894.88281	-181.35388999999998
1893.89844	12.950949999999999
1892.91504	-218.07587
1891.93066	-118.63098
1890.94727	97.63885
1889.96289	167.3437
1888.97754	87.91486
1887.99316	69.49551
1887.00781	-93.56092
1886.02344	33.548469999999995
1885.03809	56.37894000000001
1884.05176	121.15596
1883.06641	-183.22825
1882.08106	2.7057800000000043
1881.09473	106.22779
1880.1084	-54.13653
1879.12207	-22.307299999999998
1878.13574	13.54351
1877.14844	39.75523
1876.16211	3.727039999999999
1875.17481	-187.61283
1874.1875	-180.98904000000002
1873.19922	-18.97534999999999
1872.21191	-155.23655
1871.22363	-152.61492
1870.23633	84.25017
1869.24805	-97.06678
1868.25879	76.07071
1867.27051	-154.50701
1866.28223	-29.42724
1865.29297	-157.19694
1864.30371	-25.24851
1863.31445	-192.17021
1862.32422	351.73049
1861.33496	0.2894599999999983
1860.34473	-46.55818
1859.35449	-130.42721
1858.36426	-304.16533000000004
1857.37402	-290.68453
1856.38379	-115.52609
1855.39258	129.76959
1854.40137	-11.481830000000002
1853.41016	37.620819999999995
1852.41895	129.25333
1851.42676	-237.91566999999998
1850.43555	-239.0676
1849.44336	-303.03935
1848.45117	-110.08568
1847.45898	-179.46269999999998
1846.4668	-75.63103000000001
1845.47363	1.06271
1844.48047	45.36744
1843.48731	-92.77222
1842.49414	-189.48829999999998
1841.50098	46.27602999999999
1840.50684	-21.951519999999988
1839.51367	39.94937
1838.51953	-237.15282000000002
1837.52539	105.18840999999999
1836.53027	135.64185
1835.53613	-186.91377999999997
1834.54102	11.14527000000001
1833.5459	-218.41345
1832.55078	9.519260000000003
1831.55566	41.14729
1830.56055	-105.74015
1829.56445	4.69980000000001
1828.56836	-20.14573999999999
1827.57227	-49.33009999999999
1826.57617	-124.72502000000001
1825.58008	-135.97466
1824.58301	91.93312999999999
1823.58594	48.187870000000004
1822.58887	8407.174710000001
1821.5918	976.7079200000001
1820.59473	-98.36388
1819.59668	-14.821150000000003
1818.59961	0.9731499999999755
1817.60156	-150.64977000000002
1816.60352	101.77836000000002
1815.60449	-63.29969
1814.60645	-50.10339999999999
1813.60742	-163.0922
1812.6084	-22.865130000000008
1811.60938	141.2281
1810.61035	172.84851
1809.61035	180.32214000000002
1808.61133	228.86745000000002
1807.61133	107.03517999999997
1806.61133	46.50344
1805.61035	198.8607
1804.61035	204.99659
1803.60938	-39.01544999999999
1802.6084	-8.102720000000005
1801.60742	193.17275
1800.60645	-24.032470000000004
1799.60547	65.84134000000003
1798.60352	20.533660000000026
1797.60156	160.66539
1796.59961	-24.10365999999999
1795.59766	124.41559999999998
1794.5957	80.81076
1793.59277	-37.11800000000001
1792.58984	-19.169050000000013
1791.58789	-28.96719
1790.58398	-100.93626
1789.58106	-69.82072
1788.57715	-35.47512999999999
1787.57422	73.30213000000002
1786.57031	71.42688000000001
1785.56641	-24.59617
1784.56152	82.554
1783.55762	-144.12355
1782.55273	-80.92811
1781.54785	-114.21337000000001
1780.54297	-178.42423
1779.53809	-242.41091
1778.53223	188.92289
1777.52734	45.55357000000001
1776.52148	10.880590000000012
1775.51563	-50.36839
1774.50879	-183.51299
1773.50293	146.47448
1772.49609	-225.66647
1771.48926	-79.06743999999999
1770.48242	-85.96401
1769.47559	23.832159999999988
1768.46777	-226.21609999999998
1767.46094	-26.111559999999997
1766.45313	-289.03348
1765.44531	-39.67472000000001
1764.4375	-169.98872
1763.42871	-66.24272
1762.4209	102.93347000000001
1761.41211	2.975859999999983
1760.40332	50.35074
1759.39356	54.62413000000001
1758.38477	99.77527999999998
1757.375	305.24617
1756.36621	224.60605999999996
1755.35645	126.11942000000002
1754.3457	145.11506
1753.33594	445.82225000000005
1752.3252	493.95237000000003
1751.31543	-43.629170000000016
1750.30469	46.87965
1749.29297	80.59293000000001
1748.28223	189.04013999999998
1747.27051	190.23818
1746.25977	-74.5157
1745.24805	124.6886
1744.23535	142.58494
1743.22363	-221.45806
1742.21191	-73.26759
1741.19922	152.10499
1740.18652	152.09408
1739.17383	33.44121000000001
1738.16016	84.88633
1737.14746	-86.06362
1736.13379	-257.18122
1735.12012	-32.13839
1734.10645	-206.65769999999998
1733.0918	-448.84157
1732.07813	-132.68022
1731.06348	113.3048
1730.04883	-88.36981
1729.03418	-107.14209
1728.01953	-111.37083
1727.00391	152.99408
1725.98828	-73.83834999999999
1724.97266	7.256310000000006
1723.95703	393.32177
1722.94141	-38.985209999999995
1721.92481	-41.35634999999999
1720.90918	131.53784
1719.89258	-142.3365
1718.87598	-114.38247000000001
1717.8584	-0.9794699999999921
1716.8418	-233.47796
1715.82422	32.790340000000015
1714.80664	106.35014000000001
1713.78906	-99.79048
1712.77051	92.64722999999998
1711.75293	209.23239
1710.73438	-172.21372
1709.71582	148.09879
1708.69727	93.54710999999998
1707.67871	-97.24669
1706.65918	111.56583
1705.64063	50.866570000000024
1704.62109	290.25452
1703.60059	-66.00119000000001
1702.58106	-77.21482999999995
1701.56152	-103.96909
1700.54102	176.14971999999995
1699.52051	199.81292000000002
1698.5	86.59861000000001
1697.47852	72.60084000000006
1696.45801	100.53877999999997
1695.43652	-53.86307999999997
1694.41504	44.07526999999999
1693.39356	-166.60207000000003
1692.37207	49.5397099999999
1691.34961	8.816070000000082
1690.32715	241.86772999999994
1689.30469	221.95547999999997
1688.28223	34.218169999999986
1687.25977	53.44292999999993
1686.23633	50.81955000000005
1685.21387	309.79373
1684.19043	19.252260000000092
1683.16602	114.94226000000003
1682.14258	81.35951999999997
1681.11914	-3.764509999999973
1680.09473	-207.63447000000008
1679.07031	17.232750000000124
1678.0459	-131.60975999999994
1677.02051	-303.2678199999999
1675.99609	-58.971009999999865
1674.9707	-612.45516
1673.94531	-486.3892699999999
1672.91992	-222.64400999999998
1671.89356	-369.25334
1670.86816	-485.3085800000001
1669.8418	-646.8133600000001
1668.81543	-453.4432099999999
1667.78906	-351.13667
1666.76172	-150.87723000000005
1665.73535	-469.21669999999995
1664.70801	-155.16284999999993
1663.68066	-367.16733
1662.65332	-391.51502000000005
1661.625	-466.3577500000001
1660.59766	-494.4303
1659.56934	-397.99857
1658.54102	-286.78837999999996
1657.5127	-238.55822999999987
1656.4834	-623.2502099999999
1655.45508	-536.2717
1654.42578	-260.12465999999995
1653.39648	-178.6668299999999
1652.36621	-49.089969999999994
1651.33691	-94.87122999999997
1650.30664	6.8459499999999025
1649.27637	-205.6955899999998
1648.24609	170.19929000000002
1647.21582	-100.83856999999989
1646.18555	-464.91764999999987
1645.1543	-447.5678799999996
1644.12305	-547.3336099999997
1643.0918	-437.2220400000001
1642.06055	-728.98128
1641.02832	-705.3325099999997
1639.99707	-727.7886999999996
1638.96484	-880.7022700000002
1637.93164	-688.5532200000002
1636.89941	-628.8197999999998
1635.86719	-919.5537400000003
1634.83398	-723.4089600000002
1633.80078	-802.7930800000004
1632.76758	-689.2998699999998
1631.73438	-976.4836300000002
1630.7002	-976.8332099999998
1629.66602	-660.8841199999997
1628.63184	-1032.6592099999993
1627.59766	-799.9228699999999
1626.56348	-985.3702900000003
1625.52832	-945.40366
1624.49316	-1105.0503699999995
1623.45801	-994.6706299999996
1622.42285	-1199.0668000000005
1621.3877	-1292.97696
1620.35156	-1337.9301700000005
1619.31543	-1273.1315699999996
1618.2793	-1401.8575600000004
1617.24316	-1278.0693200000005
1616.20703	-1294.7277100000001
1615.16992	-1136.5390400000006
1614.13281	-1069.3045499999998
1613.0957	-1047.9303900000004
1612.05859	-1054.5882700000002
1611.02051	-797.7481099999995
1609.9834	-1129.7104100000006
1608.94531	-908.6647700000003
1607.90723	-574.6472699999995
1606.86816	-523.5878900000007
1605.83008	-287.3898500000014
1604.79102	15.092179999999644
1603.75195	395.70070999999916
1602.71289	652.0169299999998
1601.67383	1160.5679999999993
1600.63379	1527.2961200000009
1599.59473	2053.3358000000007
1598.55469	2230.3452500000003
1597.51367	3055.2682000000023
1596.47363	3336.293679999999
1595.43359	3937.56121
1594.39258	5284.922720000002
1593.35156	6259.8836999999985
1592.31055	7168.995029999998
1591.26856	8625.24378
1590.22754	9575.988989999998
1589.18555	9685.980289999996
1588.14356	10724.869940000004
1587.10059	11050.063569999998
1586.05859	11278.26296
1585.01563	11596.672770000005
1583.97266	12579.005240000006
1582.92969	12532.414510000002
1581.88672	13076.329020000001
1580.84375	14095.012160000002
1579.79981	14945.15954
1578.75586	16868.1527
1577.71191	19478.6076
1576.66699	22448.23917
1575.62305	27740.25062
1574.57813	32911.869940000004
1573.5332	37080.09864
1572.48828	39214.618879999995
1571.44336	38694.09588
1570.39746	35937.63378999999
1569.35156	31361.000259999993
1568.30566	25918.751599999996
1567.25977	21007.88344
1566.21387	16623.08869
1565.16699	12790.007720000001
1564.12012	10818.88765
1563.07324	8493.10267
1562.02637	6892.59042
1560.97852	6203.43173
1559.93066	5743.355469999999
1558.88379	5071.562450000001
1557.83496	4493.404250000001
1556.78711	4334.2036800000005
1555.73926	2984.3053500000005
1554.69043	2900.7746400000015
1553.6416	2359.70133
1552.59277	1725.89444
1551.54297	1007.26476
1550.49414	816.6990400000013
1549.44434	239.99773999999888
1548.39453	-349.0616600000012
1547.34473	-716.2359699999997
1546.29395	-1255.7563100000007
1545.24414	-1049.8093499999995
1544.19336	-1075.0774099999999
1543.14258	-1444.9484200000006
1542.09082	-1264.5607199999995
1541.04004	-818.8565699999999
1539.98828	-726.8029999999999
1538.93652	-532.4935999999998
1537.88477	-643.08554
1536.83301	-406.2632300000005
1535.78027	-422.3888700000007
1534.72754	-183.95362999999998
1533.67481	-715.1902300000002
1532.62207	-605.2726599999996
1531.56934	-871.6689199999992
1530.51563	-1023.4327300000004
1529.46191	-788.2205800000002
1528.4082	-987.5097600000008
1527.35449	-1319.4357
1526.29981	-1175.2977799999999
1525.24609	-1074.4731600000005
1524.19141	-970.7559600000004
1523.13672	-1123.7041500000005
1522.08106	-829.8808399999998
1521.02637	-881.4326500000002
1519.9707	-611.7918700000005
1518.91504	-704.67346
1517.85938	-466.1936099999998
1516.80273	-404.90967
1515.74707	-469.71604000000025
1514.69043	-466.3932199999999
1513.63379	-349.14527999999973
1512.57715	-520.9470000000001
1511.51953	-182.9402
1510.46191	-506.0989999999997
1509.40527	-255.5018
1508.34668	-258.2390999999998
1507.28906	-526.7023900000004
1506.23145	-483.14993000000004
1505.17285	-587.8094999999998
1504.11426	-424.9704499999998
1503.05566	-454.4520199999997
1501.99609	-1053.8445
1500.9375	-551.6870800000002
1499.87793	-356.5019000000002
1498.81836	-716.2273500000001
1497.75781	-639.75124
1496.69824	-388.06053999999995
1495.6377	-268.00358000000006
1494.57715	-313.53260999999975
1493.5166	-230.39019000000008
1492.45606	310.4415399999998
1491.39453	591.8656500000002
1490.33301	495.8893000000003
1489.27148	545.6887699999997
1488.20996	682.22723
1487.14844	1121.52887
1486.08594	1174.0636899999995
1485.02344	1219.9023800000004
1483.96094	977.0700700000002
1482.89844	1142.6689099999999
1481.83496	1002.8227100000004
1480.77246	899.8266599999997
1479.70898	1173.59492
1478.64453	1200.2432
1477.58106	1409.43426
1476.51758	1929.3081399999996
1475.45313	2355.5184000000004
1474.38867	2767.3649800000003
1473.32324	3537.6062599999996
1472.25879	3198.4686600000005
1471.19336	2777.92786
1470.12793	2614.27621
1469.0625	1517.3093
1467.99707	546.57251
1466.93066	82.2496799999999
1465.86523	-150.10964000000013
1464.79883	-791.6515600000002
1463.73145	-910.6819399999999
1462.66504	-856.3709399999998
1461.59766	-711.6545800000004
1460.53027	-910.46796
1459.46289	-1135.0533099999998
1458.39551	-748.55258
1457.32715	-705.4357399999999
1456.25977	-515.9099100000003
1455.19141	-484.55708000000004
1454.12305	-125.37113
1453.05371	-255.41030999999998
1451.98535	26.355080000000044
1450.91602	-143.26504
1449.84668	-70.85321999999996
1448.77637	-67.46377000000007
1447.70703	-193.4716699999999
1446.63672	-169.5429600000001
1445.56641	-91.32960000000003
1444.49609	-212.52453000000003
1443.42578	237.70421
1442.35449	-85.14769000000001
1441.2832	267.72673
1440.21191	-181.19297999999992
1439.14063	94.52134000000001
1438.06934	37.84367000000009
1436.99707	-187.82898
1435.92481	-128.73471999999992
1434.85254	27.090919999999983
1433.78027	-300.6049
1432.70703	-179.03275000000002
1431.63379	-417.44748999999996
1430.56055	-510.35489
1429.48731	-340.19946
1428.41309	-261.33982000000003
1427.33984	-502.6978
1426.26563	-406.35751999999997
1425.19141	-461.57032999999996
1424.11621	-445.04973
1423.04199	-409.39428000000004
1421.9668	-452.39074
1420.8916	-590.63644
1419.81641	-603.47073
1418.74023	-350.71042
1417.66504	-350.99733
1416.58887	-38.94105000000002
1415.5127	-344.69549
1414.43555	-271.10593000000006
1413.35938	-250.13405999999998
1412.28223	-184.11739
1411.20508	-378.2397500000001
1410.12793	-124.00243999999998
1409.04981	-340.82059000000004
1407.97266	-380.09745
1406.89453	-199.81859000000009
1405.81641	-607.88516
1404.73731	-747.1397399999998
1403.65918	-438.17136000000016
1402.58008	-619.11176
1401.50098	-317.09045000000003
1400.42188	-555.03106
1399.3418	-309.96542
1398.2627	261.8400200000001
1397.18262	240.52643
1396.10254	475.7735200000001
1395.02148	407.4639900000001
1393.94141	421.51088000000004
1392.86035	413.48226
1391.7793	465.92963
1390.69824	387.10391999999996
1389.61621	438.25348
1388.53516	326.4584799999999
1387.45313	463.48944000000006
1386.37109	515.87762
1385.28809	721.18278
1384.20606	758.8855599999999
1383.12305	775.1226000000001
1382.04004	511.37843
1380.95703	453.40214000000003
1379.87305	756.97773
1378.78906	559.96311
1377.70508	718.29815
1376.62109	719.43591
1375.53711	929.32631
1374.45215	700.43452
1373.36719	870.7441899999999
1372.28223	664.8642800000001
1371.19727	614.9604500000002
1370.11231	748.20064
1369.02637	1083.8087
1367.94043	753.2294300000001
1366.85449	555.1719400000001
1365.76758	828.80619
1364.68164	775.7129100000001
1363.59473	747.5231800000001
1362.50781	514.39779
1361.41992	557.93886
1360.33301	529.64779
1359.24512	642.9561799999999
1358.15723	362.74586999999997
1357.06934	697.12896
1355.98145	606.9068500000001
1354.89258	380.6231
1353.80371	431.60077
1352.71484	230.30147999999997
1351.625	198.41906
1350.53613	23.098060000000004
1349.44629	-127.62549000000001
1348.35645	-45.00007999999998
1347.2666	-223.90023
1346.17578	-309.05402000000004
1345.08594	-131.20046000000002
1343.99512	-397.57044
1342.90332	-130.78968000000003
1341.8125	-296.27578
1340.7207	-163.00999
1339.62988	-14.609539999999981
1338.53809	86.05600000000001
1337.44531	-44.49463
1336.35352	112.82660999999999
1335.26074	336.15685999999994
1334.16797	172.37937000000002
1333.0752	219.63013999999998
1331.98145	227.53896
1330.88867	496.81863
1329.79492	368.26136
1328.70117	506.65846999999997
1327.60645	582.88976
1326.5127	398.83216000000004
1325.41797	427.41294000000005
1324.32324	679.50226
1323.22754	458.86071
1322.13281	156.6191
1321.03711	216.24268999999993
1319.94141	43.570749999999975
1318.8457	200.56378000000007
1317.75	15.241300000000024
1316.65332	-118.80412999999999
1315.55664	-12.879209999999944
1314.45996	-141.97040000000004
1313.36328	-201.68099999999993
1312.26563	-53.91063999999983
1311.16797	78.18176999999991
1310.07031	39.128839999999855
1308.97266	52.14193
1307.87402	5.3602699999999
1306.77637	-34.23874000000001
1305.67773	184.94459000000006
1304.5791	25.169060000000172
1303.47949	-111.56350999999995
1302.38086	-3.9735299999999825
1301.28125	-34.26474999999982
1300.18164	44.42095999999992
1299.08106	116.28557
1297.98145	-15.136989999999969
1296.88086	-168.39058999999997
1295.78027	-110.68074000000024
1294.67969	115.88338999999996
1293.57813	-46.31748000000016
1292.47656	-76.64944000000014
1291.375	-17.797689999999875
1290.27344	-195.33943
1289.17188	-72.71821
1288.06934	-153.9616300000007
1286.9668	-283.44441000000006
1285.86426	36.586380000000645
1284.76172	107.57049000000006
1283.6582	-96.87054999999964
1282.55469	-98.18880999999965
1281.45117	-11.235029999999824
1280.34766	-165.42129000000023
1279.24414	8.029790000000048
1278.13965	49.12905000000001
1277.03516	94.56151
1275.93066	321.30990999999995
1274.8252	469.54399999999987
1273.7207	599.8706699999998
1272.61523	266.5694699999999
1271.50879	412.6859199999999
1270.40332	161.67755999999986
1269.29785	112.71974999999998
1268.19141	75.27200999999991
1267.08496	-15.771060000000034
1265.97754	132.99114999999983
1264.87109	57.572310000000016
1263.76367	-152.2427899999999
1262.65625	-240.0063
1261.54883	-60.94652999999994
1260.44043	67.54084000000012
1259.33301	-268.80453
1258.22461	-403.61712
1257.11523	-298.65346999999997
1256.00684	-136.64292
1254.89746	-356.47913000000005
1253.78809	-457.2478100000001
1252.67871	-365.24405
1251.56934	-622.1167
1250.45898	-343.78231
1249.34961	-341.72067000000004
1248.23926	-618.4367900000001
1247.12793	-446.2755900000001
1246.01758	-490.5749
1244.90625	-414.60059
1243.79492	-391.13681
1242.68359	-364.75952
1241.57129	-550.01962
1240.45996	-409.36173
1239.34766	-472.90943
1238.23438	-571.54483
1237.12207	-124.68858
1236.00879	-294.5325
1234.89648	-504.1045700000001
1233.78223	-268.65417999999994
1232.66895	-622.18521
1231.55566	-472.20796000000007
1230.44141	-473.06411
1229.32715	-638.43865
1228.21191	-438.5738
1227.09766	-546.49078
1225.98242	-436.07869999999997
1224.86719	-551.3763
1223.75195	-505.71698
1222.63574	-500.72594000000004
1221.52051	-484.82195
1220.4043	-474.01217
1219.28711	-323.34382
1218.1709	-321.29031
1217.05371	-302.51646999999997
1215.93652	-338.40213
1214.81934	-178.85592000000003
1213.70215	-245.30982
1212.58398	-336.18055000000004
1211.46582	8.844889999999964
1210.34766	-159.67459999999994
1209.22949	-120.25187999999991
1208.11035	-107.61992999999995
1206.99219	-82.01364999999987
1205.87305	-97.73233000000005
1204.75293	-4.140379999999823
1203.63379	-55.48807000000011
1202.51367	-152.29458
1201.39356	-150.66278999999986
1200.27344	-435.1176599999999
1199.15234	-274.83773999999994
1198.03223	-448.9066600000001
1196.91113	-371.17146
1195.79004	-549.5149200000001
1194.66797	-626.0251699999994
1193.5459	-893.9521300000001
1192.42481	-813.8737799999999
1191.30176	-683.4345699999994
1190.17969	-676.1443799999997
1189.05664	-488.4180299999998
1187.93359	-122.77980000000025
1186.81055	191.21799999999985
1185.6875	547.5780600000007
1184.56348	1079.4427100000003
1183.44043	1535.8350499999997
1182.31641	1539.80886
1181.19141	1394.8906200000001
1180.06738	1489.5569100000002
1178.94238	1260.59872
1177.81738	1128.62171
1176.69238	888.25308
1175.56641	633.1803400000003
1174.44043	186.95755000000008
1173.31445	238.34579000000008
1172.18848	122.38183000000004
1171.0625	39.7204999999999
1169.93555	-186.01585
1168.80859	-48.10028999999986
1167.68164	-23.620909999999867
1166.55371	-96.33958000000007
1165.42676	-100.85204999999996
1164.29883	-155.43763
1163.1709	-21.938479999999913
1162.04199	-136.04731000000004
1160.91406	-12.970469999999978
1159.78516	2.0847299999999223
1158.65625	123.76379999999995
1157.52637	15.262800000000027
1156.39746	61.05520000000001
1155.26758	106.73790000000002
1154.1377	54.661100000000005
1153.00684	50.46020999999999
1151.87695	58.61870000000002
1150.74609	-52.11213000000001
1149.61523	-101.43932000000001
1148.48438	108.41866
1147.35254	33.29199
1146.2207	67.70757
1145.08887	-61.03220999999999
1143.95703	22.622
1142.8252	0.15330000000000155
1141.69238	-109.62195
1140.55957	42.82571
1139.42676	-29.97578
1138.29297	-118.72094
1137.15918	9.452539999999999
1136.02539	7.822400000000016
1134.8916	147.36415999999997
1133.75781	-18.692819999999983
1132.62305	-34.98296000000005
1131.48828	-28.144420000000082
1130.35352	-76.88216000000011
1129.21777	49.585959999999886
1128.08301	5.627800000000207
1126.94727	184.72433999999998
1125.81152	197.84365000000003
1124.67481	234.56830000000014
1123.53906	422.1059
1122.40234	661.06574
1121.26563	598.1285699999999
1120.12793	732.8187600000001
1118.99023	923.6256600000002
1117.85352	1104.3584099999998
1116.71484	1167.9812200000001
1115.57715	1202.82989
1114.43945	996.1854400000002
1113.30078	1431.0143899999998
1112.16211	1401.5024899999999
1111.02246	1523.71612
1109.88379	1305.61805
1108.74414	1384.7824900000005
1107.60449	1516.5048699999998
1106.46387	1300.1032800000003
1105.32422	1294.2392600000003
1104.18359	1137.7825699999994
1103.04297	759.9008100000001
1101.90234	603.7641100000001
1100.76074	287.46354000000065
1099.61914	-73.86824999999953
1098.47754	-141.38464999999997
1097.33594	-747.0103199999994
1096.19336	-1104.2424499999997
1095.05176	-1666.1367600000012
1093.90918	-2289.04723
1092.76563	-2841.0172299999995
1091.62305	-3573.1978
1090.47949	-4008.471949999999
1089.33594	-4806.979310000001
1088.19238	-5358.300869999999
1087.04785	-5737.26873
1085.90332	-5620.165220000003
1084.75879	-5623.897010000001
1083.61426	-5098.694240000001
1082.46973	-4349.799360000001
1081.32422	-3531.0928600000007
1080.17871	-1994.33079
1079.0332	356.2547900000027
1077.88672	2824.7801899999977
1076.74023	6150.7311800000025
1075.59375	8898.615059999996
1074.44727	12127.609020000004
1073.30078	14521.087890000003
1072.15332	15803.029999999999
1071.00586	16157.9565
1069.8584	16751.55362
1068.70996	16580.48171
1067.56152	15292.318980000004
1066.41309	14106.44212
1065.26465	11779.741920000004
1064.11621	10197.327410000002
1062.9668	8271.030280000003
1061.81738	6218.832299999998
1060.66797	4558.8127700000005
1059.51758	4042.537910000001
1058.36816	3150.7645999999986
1057.21777	1343.582120000001
1056.06738	1428.1863900000008
1054.91602	1234.4004800000002
1053.76465	1155.9426899999999
1052.61328	1152.9860399999989
1051.46191	1663.94067
1050.31055	1656.1384099999996
1049.1582	1390.64325
1048.00586	1553.25526
1046.85352	1234.4627799999998
1045.7002	1428.1476400000001
1044.54785	1155.7640099999999
1043.39453	1247.27227
1042.24023	905.88571
1041.08691	1002.69751
1039.93262	895.3333499999999
1038.77832	642.9837299999999
1037.62402	595.9887699999999
1036.46973	624.7994799999997
1035.31445	315.90023999999994
1034.15918	-25.23352000000068
1033.00391	153.63726999999926
1031.84766	-152.46771999999964
1030.69238	47.73455000000013
1029.53613	-38.51789000000008
1028.37891	462.83205
1027.22266	849.6529199999995
1026.06543	1815.4981799999987
1024.9082	3222.76274
1023.75098	5027.754350000001
1022.59375	6643.159
1021.43555	7381.057129999997
1020.27734	6443.7014800000015
1019.11914	4338.017539999999
1017.95996	2328.7068500000005
1016.80078	531.1956400000008
1015.6416	-624.2979400000004
1014.48242	-1330.8043699999998
1013.32324	-1468.3989899999997
1012.16309	-1374.1262400000005
1011.00293	-1140.59555
1009.84277	-956.9793399999999
1008.68164	-620.6275700000006
1007.52051	-396.34814000000006
1006.35938	-286.93143999999984
1005.19824	-502.2212999999997
1004.03711	-192.91626000000042
1002.875	93.96226999999999
1001.71289	1455.5080200000002
1000.55078	3730.3649300000016
999.3877	7583.296160000002
998.22461	10329.718710000001
997.06152	10042.428800000002
995.89844	6643.965509999998
994.73438	1910.6952299999994
993.57129	-705.0895300000002
992.40723	-2086.07449
991.24219	-2519.0183800000004
990.07813	-2772.8459700000003
988.91309	-2721.5775000000003
987.74805	-2663.7162200000002
986.58301	-2183.2691800000002
985.41699	-2470.9443300000003
984.25098	-2636.74197
983.08496	-2719.87349
981.91895	-2959.892
980.75195	-3005.38576
979.58496	-2725.02768
978.41797	-2816.69152
977.25098	-2773.4625199999996
976.08301	-2436.8166499999998
974.91504	-2415.96245
973.74707	-2394.3618399999996
972.5791	-2301.3779200000004
971.41016	-1987.94809
970.24219	-2172.7701300000003
969.07227	-2165.73456
967.90332	-1932.6627400000002
966.7334	-1745.65664
965.56348	-1361.5423900000003
964.39356	-1150.1239299999997
963.22363	-1270.5648499999998
962.05273	-1346.3663300000003
960.88184	-1016.2525300000001
959.71094	-1130.8445700000002
958.54004	-944.1699699999999
957.36816	-832.8323399999999
956.19629	-774.6548700000001
955.02441	-524.3408
953.85156	-746.85653
952.67969	-515.98449
951.50684	-480.65177000000006
950.33398	-540.7977000000001
949.16016	-672.80136
947.98633	-554.3733
946.8125	-793.64263
945.63867	-770.2101299999999
944.46484	-898.33996
943.29004	-539.89505
942.11523	-667.5670100000001
940.94043	-648.85368
939.76465	-563.8820700000001
938.58887	-431.8618200000001
937.41309	-476.7332
936.23731	-452.0805999999999
935.06055	-646.3964100000001
933.88379	-436.94606999999985
932.70703	-549.39312
931.53027	-493.53547000000003
930.35254	-409.61614999999995
929.17578	-337.38789999999995
927.99805	-494.5743500000001
926.81934	-589.1491500000001
925.6416	-422.17444
924.46289	-567.3213799999999
923.28418	-618.6473
922.10449	-646.13559
920.92481	-508.36441
919.74609	-511.67158
919.55176	-739.0985599999999
918.38672	-512.816
917.2207	-580.86515
916.05469	-729.2872
914.8877	-868.2698300000001
913.72168	-681.1605
912.55469	-664.27787
911.3877	-529.7957899999999
910.2207	-662.05828
909.05273	-708.17759
907.88574	-689.95632
906.71777	-714.33817
905.54883	-623.48629
904.38086	-770.35446
903.21191	-866.21919
902.04297	-576.1291799999999
900.87402	-538.89356
899.7041	-497.11159
898.53516	-566.33045
897.36523	-522.59881
896.19434	-582.48294
895.02441	-528.62433
893.85352	-537.1186200000001
892.68262	-487.68073
891.51172	-501.96174
890.34082	-389.83591
889.16895	-320.11193000000003
887.99707	-325.19442000000004
886.8252	-294.94194
885.65332	-67.53048000000001
884.48047	-125.04454999999999
883.30762	-49.932100000000005
882.13477	277.85558000000003
880.96191	262.98028
879.78809	416.38348
878.61426	322.08290999999997
877.44043	317.28305
876.2666	58.64497
875.0918	79.39149
873.91699	111.79952
872.74219	89.38743
871.56738	36.22851
870.3916	-20.904200000000003
869.21582	-186.01026000000002
868.04004	-198.60501000000002
866.86426	-219.43777999999998
865.6875	120.82211000000001
864.51074	-78.99430999999998
863.33398	-94.64773000000001
862.15723	122.19290000000001
860.97949	-182.31706
859.80273	-151.43621000000002
858.625	-123.84830000000001
857.44629	-104.75592
856.26856	-49.76057
855.08984	-115.57892
853.91113	-194.65678
852.73145	-126.99184
851.55273	-105.2981
850.37305	-181.55171
849.19336	-438.31548000000004
848.01367	-218.74292
846.83301	-346.22375
845.65234	-324.89790999999997
844.47168	-324.64583000000005
843.29102	-490.50329999999997
842.11035	-459.14401
840.92871	-730.2036800000001
839.74707	-608.35268
838.56445	-625.6261
837.38281	-469.79366000000005
836.2002	-418.0401700000001
835.01758	-543.7595100000001
833.83496	-465.26122999999995
832.65137	-369.66255999999987
831.46777	-612.9214199999999
830.28418	-520.42785
829.10059	-525.00018
827.91699	-489.70923000000005
826.73242	-663.1305900000001
825.54785	-598.5755
824.36328	-714.44768
823.17773	-709.82237
821.99219	-678.9584399999999
820.80664	-565.4559800000001
819.62109	-544.9504
818.43457	-544.87712
817.24902	-618.26089
816.0625	-581.4495200000001
814.875	-491.7888100000001
813.68848	-635.54214
812.50098	-565.0853299999999
811.31348	-595.3639200000001
810.12598	-755.2409500000001
808.9375	-553.9149500000001
807.74902	-512.8464100000001
806.56055	-557.9034200000001
805.37207	-537.6397700000001
804.18262	-471.8877799999999
802.99414	-520.0363999999998
801.80371	-591.5798100000001
800.61426	-671.50355
799.42481	-582.2758
798.23438	-374.3339900000001
797.04395	-603.7088500000001
795.85254	-492.91407000000004
794.66211	-567.8420799999999
793.4707	-423.00548000000003
792.2793	-477.65556999999995
791.08789	-535.79053
789.89551	-735.57862
788.70313	-596.3871700000001
787.51074	-585.35446
786.31836	-722.3188700000001
785.125	-627.55176
783.93164	-663.61024
782.73828	-479.89014
781.54492	-601.58857
780.35059	-484.74818
779.15625	-658.6363799999999
777.96191	-555.0040799999999
776.76758	-527.7098500000001
775.57227	-761.7108000000001
774.37695	-745.35553
773.18164	-1098.61261
771.98633	-959.72269
770.79004	-1106.21196
769.59375	-944.9314700000001
768.39746	-869.22389
767.20117	-749.73356
766.00391	-705.28388
764.80664	-623.73347
763.60938	-342.82185000000004
762.41211	-308.3499499999999
761.21387	-360.09636
760.01563	-377.05589000000003
758.81738	-596.47188
757.61816	-678.23552
756.41992	-615.75748
755.2207	-561.6856300000002
754.02148	-434.69166000000007
752.82129	-371.49182999999994
751.62109	-339.62269000000003
750.4209	-265.42181000000005
749.2207	-178.12025000000006
748.02051	-263.19038
746.81934	-151.41256999999996
745.61816	-308.4884400000001
744.41699	-425.0158000000001
743.21484	-463.25604
742.0127	-471.3925800000002
740.81055	-133.66830000000004
739.6084	-332.43417
738.40625	-197.51829999999995
737.20313	-237.2276300000001
736.0	47.00412000000006
734.7959	-200.26530000000002
733.59277	-73.93894
732.38867	223.0383999999999
731.18457	310.17229
729.97949	522.6484099999998
728.77539	848.2438099999997
727.57031	894.47929
726.36523	614.2700400000001
725.16016	502.5558699999999
723.9541	178.10455999999976
722.74805	-120.20351000000005
721.54199	-144.05474000000004
720.33496	-410.78828999999996
719.12891	-591.5714700000001
717.92188	-836.32458
716.71484	-885.6096200000002
715.50684	-1083.96655
714.29883	-1203.74827
713.09082	-1150.53672
711.88281	-1358.99142
710.67481	-1597.2830500000002
709.46582	-1623.99833
708.25684	-2092.60297
707.04785	-2232.39855
705.83789	-2570.5065900000004
704.62793	-3019.55828
703.41797	-3189.1838999999995
702.20801	-3628.28955
700.99805	-3701.96624
699.78711	-4190.84247
698.57617	-4206.95805
697.36426	-4236.190920000001
696.15332	-3991.116290000001
694.94141	-4033.46458
693.72949	-4131.8764200000005
692.5166	-3522.4787800000013
691.30469	-3241.4869500000004
690.0918	-3040.71573
688.87891	-2935.6195899999984
687.66504	-2892.8105399999986
686.45117	-2576.3402000000006
685.23731	-2298.4873100000004
684.02344	-1771.1144300000005
682.80957	-1834.0208599999996
681.59473	-1308.5174000000006
680.37988	-1165.6269100000009
679.16504	-1149.65492
677.94922	-927.92263
676.7334	-567.5004399999998
675.51758	-498.21440000000075
674.30176	-486.58241
673.08496	-200.57542000000012
671.86914	56.248819999999796
670.65137	-15.002889999999752
669.43457	81.47447000000057
668.2168	446.32029999999986
667.0	125.91659000000027
665.78125	286.3715100000004
664.56348	179.07254000000012
663.34473	311.96122000000014
662.12598	233.65171999999984
660.90723	238.01438000000007
659.68848	218.32306999999992
658.46875	140.94920000000002
657.24902	-107.90002000000004
656.0293	-101.97236999999996
654.80859	-118.43557999999985
653.58789	-61.35232999999994
652.36719	-240.5404799999999
651.14648	-145.65366999999992
649.92481	-289.08466
648.7041	-201.85868000000005
647.48242	-331.4216499999999
646.25977	-295.72547999999995
645.03711	-197.35484999999994
643.81543	-90.37471000000005
642.5918	-19.163080000000036
641.36914	-83.28687999999988
640.14551	6.486010000000078
638.92188	73.90741000000003
637.69824	102.12734
636.47461	73.33275000000003
635.25	39.765260000000126
634.02539	50.22196000000008
632.80078	-57.23361999999997
631.5752	-239.62536999999986
630.34961	-24.954250000000002
629.12402	-80.66179000000011
627.89844	-53.134289999999964
626.67188	-185.07967999999994
625.44531	86.86474999999996
624.21875	-234.47499000000005
622.99219	-335.26908000000003
621.76465	-562.3458300000001
620.53711	-376.04854
619.30957	-85.61442
618.08106	25.679740000000038
616.85254	165.7285599999999
615.62402	473.66026
614.39551	301.10037
613.16699	320.17838000000006
611.9375	311.5179999999999
610.70801	210.87786
609.47754	313.8119
608.24805	390.93717000000004
607.01758	271.93370000000004
605.78711	213.77945000000003
604.55566	256.99561
603.3252	266.99660000000006
602.09375	463.66744000000006
600.86133	337.28533
599.62988	245.24147
598.39746	383.37815
597.16504	171.66639999999998
595.93262	62.00295999999999
594.69922	203.69921
593.46582	139.75038999999998
592.23242	117.59751999999999
590.99902	-11.343060000000001
589.76465	-80.53259
588.53027	-54.86834
587.2959	-40.73919
586.06152	63.725899999999996
584.82617	65.2077
583.59082	318.71045000000004
582.35547	339.02536
581.11914	134.63576999999998
579.88281	-180.88198
578.64648	-21.083259999999996
577.41016	-128.1738
