2000.04395	-53.39102
1901.7627	7.100429999999996
1900.78027	-139.91469999999998
1899.79785	7.939339999999994
1898.81543	46.33452999999999
1897.83203	80.33082
1896.84961	28.61529
1895.86621	-6.913599999999995
1894.88281	-113.74920999999999
1893.89844	-36.06639
1892.91504	-38.75449999999999
1891.93066	21.746820000000014
1890.94727	-170.04971999999998
1889.96289	-44.56872
1888.97754	-121.67614999999998
1887.99316	5.382669999999997
1887.00781	-46.24848
1886.02344	-18.850220000000007
1885.03809	129.85604
1884.05176	-57.88438
1883.06641	-156.45433
1882.08106	-138.13884000000002
1881.09473	-170.68998
1880.1084	-93.90915000000001
1879.12207	-120.63560000000001
1878.13574	-85.20347
1877.14844	32.60247
1876.16211	165.60223
1875.17481	104.46911
1874.1875	57.26847999999998
1873.19922	-108.01488
1872.21191	108.46211
1871.22363	-70.97408999999999
1870.23633	97.56953
1869.24805	-14.21436
1868.25879	-102.82991
1867.27051	-0.3910499999999999
1866.28223	-42.7411
1865.29297	130.91593999999998
1864.30371	30.219969999999996
1863.31445	-43.160399999999996
1862.32422	-16.792349999999995
1861.33496	10.273029999999999
1860.34473	160.71727
1859.35449	20.61434
1858.36426	94.74181000000002
1857.37402	-83.15234000000001
1856.38379	185.36890999999997
1855.39258	-132.06315999999998
1854.40137	-90.67071000000001
1853.41016	87.96602999999999
1852.41895	-91.07478
1851.42676	-237.13742
1850.43555	-236.54537
1849.44336	-166.25905
1848.45117	66.96706
1847.45898	-222.24523
1846.4668	-106.99933000000001
1845.47363	123.15253
1844.48047	-85.91032
1843.48731	-63.38759
1842.49414	108.78594
1841.50098	7.1338599999999985
1840.50684	-191.52335
1839.51367	-94.06035
1838.51953	-181.72398
1837.52539	47.12166999999998
1836.53027	-43.07053
1835.53613	-344.43273
1834.54102	-156.40170999999998
1833.5459	-167.77161999999998
1832.55078	-190.01247
1831.55566	-67.48492
1830.56055	92.57769
1829.56445	-39.771029999999996
1828.56836	-153.70475
1827.57227	-190.34027999999998
1826.57617	91.46904999999998
1825.58008	-1.5893199999999865
1824.58301	185.33375
1823.58594	4.749470000000002
1822.58887	-78.75118
1821.5918	-15.995540000000005
1820.59473	-67.80194
1819.59668	-178.35250000000002
1818.59961	-64.32757000000001
1817.60156	-96.16991000000002
1816.60352	-40.02229999999999
1815.60449	-94.85390000000001
1814.60645	-21.68141999999999
1813.60742	-213.47044
1812.6084	82.49061
1811.60938	-76.11613
1810.61035	-36.99432
1809.61035	1.9304300000000012
1808.61133	-63.87845
1807.61133	-144.6175
1806.61133	-3.9095200000000006
1805.61035	-154.50377999999998
1804.61035	-119.1042
1803.60938	-192.90345
1802.6084	-123.1379
1801.60742	-31.01073000000001
1800.60645	117.75322
1799.60547	-70.89132
1798.60352	-70.04646
1797.60156	-76.97935999999999
1796.59961	-327.61102
1795.59766	-15.940520000000006
1794.5957	-8.474310000000003
1793.59277	34.35403
1792.58984	12.836010000000002
1791.58789	-76.88081
1790.58398	-11.876249999999999
1789.58106	-251.13225999999997
1788.57715	77.44592
1787.57422	-38.71312999999999
1786.57031	-103.49866
1785.56641	-52.891130000000004
1784.56152	-13.302969999999998
1783.55762	-69.53044999999999
1782.55273	99.87008
1781.54785	25.330369999999995
1780.54297	157.7357
1779.53809	88.24276
1778.53223	181.322
1777.52734	-7.792429999999982
1776.52148	-107.15203
1775.51563	47.337230000000005
1774.50879	49.13169
1773.50293	162.56874
1772.49609	-17.580460000000016
1771.48926	104.95343000000001
1770.48242	28.951430000000002
1769.47559	-113.01150000000001
1768.46777	-66.58733999999998
1767.46094	45.62429999999999
1766.45313	74.37778
1765.44531	-107.89935000000001
1764.4375	-65.06427999999998
1763.42871	-56.045000000000016
1762.4209	91.95968
1761.41211	63.29889
1760.40332	42.21704
1759.39356	-104.79431
1758.38477	99.40596000000002
1757.375	44.83384000000001
1756.36621	146.97141
1755.35645	122.36807999999999
1754.3457	283.88937999999996
1753.33594	-3.9424499999999796
1752.3252	75.66026
1751.31543	75.69894
1750.30469	53.41832
1749.29297	9.8931
1748.28223	31.724079999999994
1747.27051	248.86834
1746.25977	103.15490000000001
1745.24805	95.40118
1744.23535	-8.512870000000007
1743.22363	133.85869
1742.21191	-75.79446
1741.19922	-61.733760000000004
1740.18652	66.91059
1739.17383	-31.635019999999997
1738.16016	44.674380000000006
1737.14746	-11.756009999999996
1736.13379	-49.48765
1735.12012	87.29641
1734.10645	46.181689999999996
1733.0918	-175.73657
1732.07813	156.00299
1731.06348	-169.03863
1730.04883	-154.736
1729.03418	-157.76115
1728.01953	4.489609999999999
1727.00391	-75.55859
1725.98828	-77.02801
1724.97266	26.993040000000008
1723.95703	-72.20335
1722.94141	92.54903000000002
1721.92481	-30.306139999999992
1720.90918	1.023600000000016
1719.89258	-252.10898
1718.87598	-217.49436000000003
1717.8584	13.05182000000002
1716.8418	-139.90995
1715.82422	-78.36591999999999
1714.80664	-42.66021999999998
1713.78906	-7.162429999999972
1712.77051	20.662269999999978
1711.75293	31.415130000000033
1710.73438	163.80471
1709.71582	145.98649
1708.69727	-70.58798999999999
1707.67871	-26.906760000000077
1706.65918	-73.82753999999994
1705.64063	-19.67752999999999
1704.62109	362.67304000000007
1703.60059	367.32467
1702.58106	320.86030000000005
1701.56152	186.25561
1700.54102	391.38147
1699.52051	504.04033999999996
1698.5	475.11817
1697.47852	320.6504
1696.45801	404.79799
1695.43652	166.18883000000005
1694.41504	275.8946
1693.39356	168.22532
1692.37207	117.80722999999989
1691.34961	-53.741179999999986
1690.32715	-28.604440000000068
1689.30469	-218.94234000000006
1688.28223	105.39760999999999
1687.25977	-132.24054
1686.23633	-204.73428
1685.21387	-106.68668000000002
1684.19043	-30.313409999999976
1683.16602	-44.15510000000006
1682.14258	-65.83909000000006
1681.11914	-220.74893999999995
1680.09473	-158.35395000000005
1679.07031	-318.24789999999996
1678.0459	-259.22231
1677.02051	-87.83220999999992
1675.99609	-440.29143999999985
1674.9707	-357.07488
1673.94531	-487.25486999999987
1672.91992	-144.09340999999995
1671.89356	-236.95254999999997
1670.86816	-268.9978500000001
1669.8418	-414.0755100000001
1668.81543	-236.8930999999999
1667.78906	-118.18500999999992
1666.76172	-318.18771000000004
1665.73535	-394.34114999999997
1664.70801	-268.65527999999995
1663.68066	-364.22128
1662.65332	-481.5182000000001
1661.625	-619.05343
1660.59766	-377.34619
1659.56934	-431.98905000000013
1658.54102	-325.3949499999999
1657.5127	-593.15942
1656.4834	-466.70163
1655.45508	-697.99533
1654.42578	-589.07278
1653.39648	-563.35104
1652.36621	-707.7188699999999
1651.33691	-741.8916099999999
1650.30664	-1095.0022000000001
1649.27637	-927.01749
1648.24609	-1105.55327
1647.21582	-1237.4195
1646.18555	-1390.52531
1645.1543	-1280.5428499999998
1644.12305	-1449.9910799999998
1643.0918	-1509.20031
1642.06055	-1564.7973200000001
1641.02832	-1726.7009099999998
1639.99707	-1821.1828699999999
1638.96484	-1890.9888900000003
1637.93164	-1710.7159400000003
1636.89941	-2033.22507
1635.86719	-1801.2523400000002
1634.83398	-1871.6163600000002
1633.80078	-2023.1297500000003
1632.76758	-2046.53485
1631.73438	-2156.11888
1630.7002	-2321.1410699999997
1629.66602	-2299.28536
1628.63184	-2484.3835699999995
1627.59766	-2413.98512
1626.56348	-2509.94597
1625.52832	-2643.8716799999997
1624.49316	-2644.8572499999996
1623.45801	-2701.4631099999997
1622.42285	-2618.0807200000004
1621.3877	-2828.2557699999998
1620.35156	-2980.24047
1619.31543	-3130.91062
1618.2793	-3355.1283100000005
1617.24316	-3423.70042
1616.20703	-3439.0162900000005
1615.16992	-3493.9245400000004
1614.13281	-3526.8192
1613.0957	-3962.75486
1612.05859	-3928.96058
1611.02051	-4071.69269
1609.9834	-4402.40596
1608.94531	-4534.75388
1607.90723	-4768.13945
1606.86816	-4787.170900000001
1605.83008	-5203.281930000001
1604.79102	-5051.359480000001
1603.75195	-5361.871070000001
1602.71289	-5612.47672
1601.67383	-5955.61022
1600.63379	-6638.0066099999995
1599.59473	-7006.73597
1598.55469	-7361.126419999999
1597.51367	-7198.414419999999
1596.47363	-7602.369400000001
1595.43359	-8193.4466
1594.39258	-8302.091929999999
1593.35156	-8954.810630000002
1592.31055	-9317.036220000002
1591.26856	-9696.228869999999
1590.22754	-9963.0657
1589.18555	-10375.1662
1588.14356	-10635.739439999998
1587.10059	-10907.87589
1586.05859	-10440.022199999996
1585.01563	-10221.360439999997
1583.97266	-9881.953739999997
1582.92969	-9753.282759999998
1581.88672	-9680.268639999998
1580.84375	-9285.81987
1579.79981	-8984.168590000001
1578.75586	-8477.241829999999
1577.71191	-7614.27521
1576.66699	-6354.903409999999
1575.62305	-4831.891959999997
1574.57813	-3702.39373
1573.5332	-2582.086909999998
1572.48828	-1790.6975299999976
1571.44336	-1737.911930000002
1570.39746	-2229.7880800000057
1569.35156	-2995.5212200000024
1568.30566	-3762.40855
1567.25977	-4431.608749999999
1566.21387	-5716.25115
1565.16699	-6137.603610000002
1564.12012	-6340.044969999999
1563.07324	-6178.846550000002
1562.02637	-6477.9564500000015
1560.97852	-6021.460840000002
1559.93066	-6399.56054
1558.88379	-6113.57915
1557.83496	-5665.99907
1556.78711	-5392.76556
1555.73926	-5592.38361
1554.69043	-5697.66872
1553.6416	-5875.452480000001
1552.59277	-5966.2041899999995
1551.54297	-6230.90419
1550.49414	-6646.460139999999
1549.44434	-6660.31281
1548.39453	-7356.112440000001
1547.34473	-7459.06459
1546.29395	-7650.34517
1545.24414	-7706.1150099999995
1544.19336	-7558.602319999999
1543.14258	-7578.4469500000005
1542.09082	-7439.341479999999
1541.04004	-7189.5670199999995
1539.98828	-6447.917260000001
1538.93652	-6211.094189999999
1537.88477	-6120.22421
1536.83301	-5968.31645
1535.78027	-5808.21846
1534.72754	-5118.9509499999995
1533.67481	-5108.80205
1532.62207	-4580.35835
1531.56934	-4446.62449
1530.51563	-4082.78039
1529.46191	-4151.14539
1528.4082	-3814.81323
1527.35449	-3937.9298400000002
1526.29981	-3743.83758
1525.24609	-3454.8889300000005
1524.19141	-3237.9846000000002
1523.13672	-3384.35552
1522.08106	-3330.9516399999998
1521.02637	-3215.2286700000004
1519.9707	-3023.0126900000005
1518.91504	-2826.6000999999997
1517.85938	-2742.6639499999997
1516.80273	-2731.83814
1515.74707	-2457.98459
1514.69043	-2227.05972
1513.63379	-2456.8504199999998
1512.57715	-2337.94755
1511.51953	-2439.67305
1510.46191	-2194.33691
1509.40527	-2195.89542
1508.34668	-2157.02859
1507.28906	-2042.86346
1506.23145	-1833.73287
1505.17285	-2061.9938899999997
1504.11426	-2004.7166599999998
1503.05566	-1898.2659799999997
1501.99609	-1984.9645
1500.9375	-1482.5817400000003
1499.87793	-1553.43867
1498.81836	-1491.2557900000002
1497.75781	-1570.39028
1496.69824	-1532.94055
1495.6377	-1449.0288500000001
1494.57715	-1591.61013
1493.5166	-1542.46111
1492.45606	-1454.69115
1491.39453	-1423.50678
1490.33301	-1217.9859399999998
1489.27148	-1128.0407200000002
1488.20996	-1419.64313
1487.14844	-1284.5967400000002
1486.08594	-816.2385600000002
1485.02344	-845.30978
1483.96094	-1048.2150900000001
1482.89844	-746.1689799999999
1481.83496	-868.8326899999997
1480.77246	-965.9802300000001
1479.70898	-760.5907500000001
1478.64453	-788.8451799999998
1477.58106	-980.4905400000002
1476.51758	-926.5370700000003
1475.45313	-705.6786199999997
1474.38867	-656.4087
1473.32324	-681.45307
1472.25879	-752.3704499999999
1471.19336	-1081.8485099999998
1470.12793	-1239.5731600000004
1469.0625	-1530.8349899999998
1467.99707	-1796.28308
1466.93066	-1904.1369200000001
1465.86523	-1927.32363
1464.79883	-2194.5924800000003
1463.73145	-2201.7668400000002
1462.66504	-2412.75497
1461.59766	-2294.4228900000003
1460.53027	-2173.92487
1459.46289	-2302.1597599999996
1458.39551	-2104.81027
1457.32715	-2119.12287
1456.25977	-1882.3035900000002
1455.19141	-1614.5091
1454.12305	-1424.9057699999998
1453.05371	-1122.8908299999998
1451.98535	-1097.98257
1450.91602	-1168.55448
1449.84668	-732.8903
1448.77637	-634.4492399999999
1447.70703	-531.1650299999999
1446.63672	-722.02151
1445.56641	-549.02836
1444.49609	-729.02529
1443.42578	-675.21295
1442.35449	-542.5110099999999
1441.2832	-732.28569
1440.21191	-594.4805299999999
1439.14063	-312.62179000000003
1438.06934	-430.62345999999997
1436.99707	-551.68479
1435.92481	-688.63091
1434.85254	-497.191
1433.78027	-320.17807999999997
1432.70703	-375.87152000000003
1431.63379	-588.74034
1430.56055	-515.03712
1429.48731	-307.15882
1428.41309	-266.8292
1427.33984	-464.95026
1426.26563	-432.15718
1425.19141	-252.86369
1424.11621	-33.79915
1423.04199	-118.45966000000004
1421.9668	28.285270000000025
1420.8916	53.664649999999995
1419.81641	-80.05772000000002
1418.74023	-20.132799999999975
1417.66504	-193.64188
1416.58887	45.143939999999986
1415.5127	-428.12287000000003
1414.43555	-347.01541000000003
1413.35938	-243.9927
1412.28223	-204.73430000000002
1411.20508	-449.55330000000004
1410.12793	-390.79691
1409.04981	-302.82682
1407.97266	-656.4704399999999
1406.89453	-859.8268800000001
1405.81641	-970.09924
1404.73731	-1020.4635999999999
1403.65918	-1093.047
1402.58008	-1119.13414
1401.50098	-1062.79218
1400.42188	-909.14319
1399.3418	-883.96955
1398.2627	-795.06487
1397.18262	-736.3414300000001
1396.10254	-541.28667
1395.02148	-484.04064999999997
1393.94141	-551.19629
1392.86035	-587.72709
1391.7793	-424.20084
1390.69824	-299.65909999999997
1389.61621	-679.70489
1388.53516	-718.5987
1387.45313	-501.11789
1386.37109	-567.6554
1385.28809	-425.69661
1384.20606	-370.94111000000004
1383.12305	-356.43597
1382.04004	-235.15012
1380.95703	-352.6248
1379.87305	-174.41152
1378.78906	-115.41677000000001
1377.70508	-251.81984
1376.62109	-317.62551999999994
1375.53711	-35.62401
1374.45215	189.81312000000003
1373.36719	162.74138
1372.28223	122.1247800000001
1371.19727	499.53553
1370.11231	993.2287200000001
1369.02637	1420.59056
1367.94043	1649.1544800000001
1366.85449	1647.6428300000002
1365.76758	1686.0358
1364.68164	1190.1638400000002
1363.59473	864.1605
1362.50781	861.4819600000001
1361.41992	428.58845999999994
1360.33301	460.84848000000005
1359.24512	257.36851
1358.15723	268.9688
1357.06934	173.32351
1355.98145	414.16616
1354.89258	292.60158
1353.80371	426.3800100000001
1352.71484	242.50259
1351.625	365.35830000000004
1350.53613	304.61942999999997
1349.44629	520.21522
1348.35645	596.44051
1347.2666	913.71252
1346.17578	1130.86803
1345.08594	1234.51327
1343.99512	1477.63377
1342.90332	1624.88948
1341.8125	1886.22567
1340.7207	1752.70993
1339.62988	1966.3297899999998
1338.53809	1834.75647
1337.44531	1902.8622499999997
1336.35352	1666.9248400000001
1335.26074	1508.1796299999999
1334.16797	1473.7105099999999
1333.0752	1151.7776900000001
1331.98145	598.23455
1330.88867	598.33187
1329.79492	413.05799999999994
1328.70117	176.50628
1327.60645	437.44109000000003
1326.5127	69.91572000000002
1325.41797	26.375279999999975
1324.32324	246.16348
1323.22754	99.43540999999999
1322.13281	-21.923839999999984
1321.03711	-155.79045000000002
1319.94141	-395.52252000000004
1318.8457	-502.86915
1317.75	-391.52085
1316.65332	-588.19154
1315.55664	-699.5759499999999
1314.45996	-563.7820200000001
1313.36328	-580.8133899999999
1312.26563	-844.06585
1311.16797	-850.8811000000001
1310.07031	-576.0952200000002
1308.97266	-723.28565
1307.87402	-807.43273
1306.77637	-800.42346
1305.67773	-893.94265
1304.5791	-743.7118599999999
1303.47949	-1033.99649
1302.38086	-1091.19567
1301.28125	-1157.10343
1300.18164	-1086.26874
1299.08106	-1057.03627
1297.98145	-1015.9705499999999
1296.88086	-1325.0349999999999
1295.78027	-1466.9319600000001
1294.67969	-1478.88309
1293.57813	-1583.55076
1292.47656	-1596.66775
1291.375	-1610.9959299999998
1290.27344	-1692.4170599999998
1289.17188	-1561.8981400000002
1288.06934	-1237.6620600000006
1286.9668	-1200.4475800000005
1285.86426	-1112.5183599999996
1284.76172	-986.1917099999996
1283.6582	-962.64887
1282.55469	-927.15805
1281.45117	-707.0145699999998
1280.34766	-567.9310500000001
1279.24414	-422.0937399999998
1278.13965	-189.31016
1277.03516	42.89159000000018
1275.93066	276.0735800000002
1274.8252	494.7776399999998
1273.7207	589.8779999999997
1272.61523	558.8370500000001
1271.50879	306.09997999999996
1270.40332	188.90461000000028
1269.29785	-1.65328999999997
1268.19141	81.2505299999998
1267.08496	-148.2637400000001
1265.97754	-189.33857000000012
1264.87109	-323.81666999999993
1263.76367	-350.63505999999995
1262.65625	-352.6554100000001
1261.54883	-442.2321099999999
1260.44043	-419.86321
1259.33301	-387.83883000000003
1258.22461	-577.3262
1257.11523	-628.3309899999999
1256.00684	-666.69059
1254.89746	-616.24824
1253.78809	-679.7112000000001
1252.67871	-617.6589
1251.56934	-671.94347
1250.45898	-403.60009
1249.34961	-643.63657
1248.23926	-710.31294
1247.12793	-516.0524
1246.01758	-483.15417
1244.90625	-348.1903000000001
1243.79492	-495.20349000000004
1242.68359	-525.01688
1241.57129	-492.46430000000004
1240.45996	-549.72435
1239.34766	-441.48115
1238.23438	-448.97738000000004
1237.12207	-437.15342
1236.00879	-421.31856000000005
1234.89648	-653.95209
1233.78223	-570.55946
1232.66895	-638.73268
1231.55566	-449.58000000000004
1230.44141	-439.96863
1229.32715	-489.19323
1228.21191	-448.18187
1227.09766	-409.67556
1225.98242	-493.68689
1224.86719	-519.50586
1223.75195	-451.83432
1222.63574	-420.71253
1221.52051	-455.02792
1220.4043	-546.39962
1219.28711	-405.90439000000003
1218.1709	-241.31946
1217.05371	-201.93028999999996
1215.93652	-422.86937
1214.81934	-306.53983000000005
1213.70215	-339.84571000000005
1212.58398	-385.05793000000006
1211.46582	-301.97191000000004
1210.34766	-358.04463
1209.22949	-59.65659999999991
1208.11035	-95.58343000000002
1206.99219	-85.07468999999992
1205.87305	-282.96329000000014
1204.75293	-179.41283999999996
1203.63379	-86.95353
1202.51367	-289.94046000000003
1201.39356	-495.5797799999998
1200.27344	-875.1469599999998
1199.15234	-1043.20737
1198.03223	-1556.6135700000002
1196.91113	-1716.9757900000002
1195.79004	-1914.60525
1194.66797	-2214.18362
1193.5459	-2604.08592
1192.42481	-2721.1355
1191.30176	-2791.8840299999997
1190.17969	-2815.6287500000003
1189.05664	-3042.32184
1187.93359	-2986.9035799999997
1186.81055	-2738.9599800000005
1185.6875	-2600.65656
1184.56348	-2431.2111
1183.44043	-2049.02311
1182.31641	-2017.7448499999996
1181.19141	-1849.4838899999995
1180.06738	-1453.5351299999998
1178.94238	-1251.62223
1177.81738	-981.6966500000003
1176.69238	-788.2684000000004
1175.56641	-779.6378999999997
1174.44043	-612.8987699999998
1173.31445	-438.7987499999999
1172.18848	-340.83887000000004
1171.0625	-440.60684000000003
1169.93555	-466.5846399999999
1168.80859	-343.01032999999995
1167.68164	-527.89533
1166.55371	-297.6010500000001
1165.42676	-319.3258599999999
1164.29883	-250.40358000000003
1163.1709	-118.49914999999999
1162.04199	-134.40828
1160.91406	-106.30152999999996
1159.78516	-134.64180000000005
1158.65625	-160.20403000000005
1157.52637	-44.88941999999997
1156.39746	9.304590000000019
1155.26758	102.56493
1154.1377	125.77829
1153.00684	16.492729999999995
1151.87695	176.96295
1150.74609	95.35348999999998
1149.61523	-1.9338699999999989
1148.48438	216.30858999999998
1147.35254	146.14334
1146.2207	158.89323000000002
1145.08887	135.86992
1143.95703	140.29895
1142.8252	216.63396999999998
1141.69238	284.28578999999996
1140.55957	204.45492000000002
1139.42676	157.96663999999998
1138.29297	240.98556000000002
1137.15918	355.08698999999996
1136.02539	290.24608
1134.8916	216.34707000000003
1133.75781	-54.17695000000003
1132.62305	80.44184999999993
1131.48828	22.523429999999962
1130.35352	-123.90426000000002
1129.21777	-184.1072700000002
1128.08301	-155.1989799999999
1126.94727	-29.36135000000013
1125.81152	-205.6375599999999
1124.67481	-275.2805799999999
1123.53906	-323.37212999999997
1122.40234	-303.6256599999999
1121.26563	-202.77048000000013
1120.12793	-216.95236
1118.99023	-122.59601999999995
1117.85352	-140.5251400000002
1116.71484	-199.3139500000002
1115.57715	25.21318999999994
1114.43945	-225.0862900000002
1113.30078	-162.91530000000012
1112.16211	-80.41060000000016
1111.02246	-228.22699000000011
1109.88379	-405.5477199999996
1108.74414	-318.3102799999997
1107.60449	-505.18507000000045
1106.46387	-701.9255300000004
1105.32422	-767.5717799999993
1104.18359	-944.7433099999998
1103.04297	-1307.0454799999998
1101.90234	-1541.0732900000003
1100.76074	-1868.1980800000001
1099.61914	-2168.3985199999997
1098.47754	-2652.7000799999996
1097.33594	-3077.159739999999
1096.19336	-3838.56276
1095.05176	-4409.14799
1093.90918	-5330.1790599999995
1092.76563	-6434.27357
1091.62305	-7253.79106
1090.47949	-8450.928489999998
1089.33594	-9478.45343
1088.19238	-10274.708099999998
1087.04785	-11382.56463
1085.90332	-12292.64471
1084.75879	-12701.82963
1083.61426	-13021.81631
1082.46973	-12850.372610000002
1081.32422	-12875.432710000001
1080.17871	-12518.0593
1079.0332	-12313.22958
1077.88672	-11605.743250000003
1076.74023	-10472.24539
1075.59375	-9410.87518
1074.44727	-7644.976909999998
1073.30078	-6364.541010000001
1072.15332	-5043.1731199999995
1071.00586	-3872.3520900000003
1069.8584	-2530.9698199999984
1068.70996	-1571.072970000001
1067.56152	-1189.0599199999997
1066.41309	-498.6262400000014
1065.26465	-560.3283899999988
1064.11621	-630.5378200000014
1062.9668	-745.7998000000007
1061.81738	-903.3454300000012
1060.66797	-1255.4928900000014
1059.51758	-1439.2697100000005
1058.36816	-1387.308640000001
1057.21777	-2351.2455199999995
1056.06738	-1964.4278699999995
1054.91602	-2125.0111399999996
1053.76465	-1810.9396299999999
1052.61328	-1758.4543900000008
1051.46191	-1181.09595
1050.31055	-1223.4660800000001
1049.1582	-1175.0056700000005
1048.00586	-1363.2078700000002
1046.85352	-1340.6722300000001
1045.7002	-1300.59748
1044.54785	-1339.40567
1043.39453	-1311.7321299999999
1042.24023	-1368.6872899999998
1041.08691	-1373.3027299999999
1039.93262	-1465.0863299999996
1038.77832	-1503.34366
1037.62402	-1400.6877399999998
1036.46973	-1649.62264
1035.31445	-1794.0665600000002
1034.15918	-1965.5416200000004
1033.00391	-1938.3595500000006
1031.84766	-2027.55024
1030.69238	-2080.2967
1029.53613	-2113.01398
1028.37891	-2301.9206299999996
1027.22266	-2415.61319
1026.06543	-2125.8826800000006
1024.9082	-2118.83784
1023.75098	-1704.40971
1022.59375	-562.5558399999991
1021.43555	500.3071299999974
1020.27734	861.8421099999996
1019.11914	351.66597
1017.95996	-497.6603299999988
1016.80078	-1278.89664
1015.6416	-2263.92734
1014.48242	-2499.2462699999996
1013.32324	-2807.5449799999997
1012.16309	-2791.6819100000002
1011.00293	-2591.7059
1009.84277	-2286.05307
1008.68164	-1812.3265500000002
1007.52051	-1445.04297
1006.35938	-1141.5034599999994
1005.19824	-1259.10997
1004.03711	-1018.9614300000003
1002.875	-1392.3973499999997
1001.71289	-1327.2898399999995
1000.55078	-738.5403499999993
999.3877	682.8996799999986
998.22461	1861.5566
997.06152	2682.911220000002
995.89844	2248.6744899999994
994.73438	500.0516699999989
993.57129	-1254.8815300000006
992.40723	-2311.8254699999998
991.24219	-2775.89484
990.07813	-2797.7488000000003
988.91309	-3225.8299500000003
987.74805	-3707.30582
986.58301	-3846.90834
985.41699	-4108.86987
984.25098	-4157.86184
983.08496	-4079.9945900000002
981.91895	-4287.74503
980.75195	-3850.49001
979.58496	-3649.36996
978.41797	-3581.82238
977.25098	-3327.44274
976.08301	-3289.3342199999997
974.91504	-3182.65471
973.74707	-3073.8316899999995
972.5791	-2710.1524600000002
971.41016	-2436.6987
970.24219	-2428.6921300000004
969.07227	-2360.83332
967.90332	-2054.72841
966.7334	-1800.82266
965.56348	-1493.9492500000001
964.39356	-1207.9432599999998
963.22363	-1123.9755
962.05273	-977.4176000000002
960.88184	-877.9855600000001
959.71094	-874.72562
958.54004	-808.4162399999999
957.36816	-703.08356
956.19629	-691.0392700000001
955.02441	-610.0871399999999
953.85156	-592.2904900000001
952.67969	-598.0001100000001
951.50684	-720.1011100000001
950.33398	-716.1489
949.16016	-632.1844800000001
947.98633	-715.22101
946.8125	-723.86456
945.63867	-753.7393099999999
944.46484	-726.89911
943.29004	-722.0463
942.11523	-602.4747900000001
940.94043	-631.43571
939.76465	-566.87426
938.58887	-590.17377
937.41309	-507.23607000000004
936.23731	-455.6992499999999
935.06055	-379.0647100000001
933.88379	-413.9116499999999
932.70703	-277.6866399999999
931.53027	-287.0858300000001
930.35254	-369.3358099999999
929.17578	-380.3044699999999
927.99805	-471.19306000000006
926.81934	-311.43410000000006
925.6416	-330.80573000000004
924.46289	-406.60195999999996
923.28418	-147.64252999999997
922.10449	-439.45494999999994
920.92481	-462.29934000000003
919.74609	-473.30359999999996
919.55176	-535.21172
918.38672	-407.36135
917.2207	-399.50381999999996
916.05469	-526.13174
914.8877	-520.37881
913.72168	-499.82748999999995
912.55469	-435.74498000000006
911.3877	-420.88827999999995
910.2207	-345.36487999999997
909.05273	-432.03661999999997
907.88574	-619.6761
906.71777	-554.42789
905.54883	-681.3845
904.38086	-502.24742999999995
903.21191	-414.65822999999995
902.04297	-344.83165999999994
900.87402	-473.48718
899.7041	-532.16138
898.53516	-389.78277
897.36523	-337.32313999999997
896.19434	-344.53838999999994
895.02441	-360.34395
893.85352	-455.16502
892.68262	-300.0996799999999
891.51172	-310.83523
890.34082	-330.82804999999996
889.16895	-269.63948
887.99707	-255.44358000000003
886.8252	-139.67763
885.65332	-27.242430000000013
884.48047	-187.2526
883.30762	-60.21705
882.13477	8.345340000000007
880.96191	-22.70172
879.78809	35.64094
878.61426	146.00546
877.44043	-14.097119999999997
876.2666	24.93016
875.0918	167.16933
873.91699	-115.4612
872.74219	-34.62633999999999
871.56738	65.42292
870.3916	-96.93220000000001
869.21582	-78.45868
868.04004	-146.19447000000002
866.86426	-70.29293000000001
865.6875	-19.33275
864.51074	208.01297
863.33398	206.57464
862.15723	324.42338
860.97949	394.98807
859.80273	189.29620999999997
858.625	285.9328
857.44629	375.3768
856.26856	181.1994
855.08984	-44.77878
853.91113	-185.88003
852.73145	-183.70469
851.55273	-217.41701
850.37305	-267.07546
849.19336	-381.58262
848.01367	-288.02889
846.83301	-330.74093
845.65234	-284.15941999999995
844.47168	-479.45397
843.29102	-475.54341999999997
842.11035	-443.10463000000004
840.92871	-357.51908000000003
839.74707	-520.82272
838.56445	-668.11238
837.38281	-672.1715300000001
836.2002	-544.36067
835.01758	-621.26442
833.83496	-629.4870599999999
832.65137	-479.6452199999999
831.46777	-466.1617799999999
830.28418	-372.43261000000007
829.10059	-437.13072999999997
827.91699	-499.54096000000004
826.73242	-481.70792000000006
825.54785	-627.1045500000001
824.36328	-722.44768
823.17773	-738.51286
821.99219	-827.1072399999999
820.80664	-766.3081500000001
819.62109	-554.32961
818.43457	-528.19963
817.24902	-639.19278
816.0625	-624.33657
814.875	-326.0241000000001
813.68848	-234.21465
812.50098	-82.39117999999996
811.31348	-272.5323800000001
810.12598	-504.9525
808.9375	-476.9260600000001
807.74902	-506.84574000000003
806.56055	-704.00641
805.37207	-781.00189
804.18262	-878.36497
802.99414	-911.4061499999999
801.80371	-903.44929
800.61426	-796.2491
799.42481	-810.56181
798.23438	-1031.9909300000002
797.04395	-1012.4760500000001
795.85254	-767.69835
794.66211	-707.4808499999999
793.4707	-810.2993
792.2793	-687.2006299999999
791.08789	-619.2955000000001
789.89551	-708.12917
788.70313	-521.37094
787.51074	-465.18710999999996
786.31836	-456.23224
785.125	-446.47726
783.93164	-490.07007999999996
782.73828	-599.69198
781.54492	-644.00959
780.35059	-457.21707
779.15625	-548.3053
777.96191	-584.76478
776.76758	-758.43001
775.57227	-817.3713
774.37695	-909.70988
773.18164	-926.04559
771.98633	-897.00713
770.79004	-1090.27475
769.59375	-1158.9358000000002
768.39746	-844.34662
767.20117	-879.16668
766.00391	-820.2128299999999
764.80664	-857.21195
763.60938	-848.35502
762.41211	-737.9958799999999
761.21387	-733.3094000000001
760.01563	-508.05427000000003
758.81738	-897.65349
757.61816	-643.56533
756.41992	-639.7458199999999
755.2207	-703.08617
754.02148	-433.38594
752.82129	-338.06287999999995
751.62109	-297.85853
750.4209	-126.98175000000003
749.2207	-508.56587000000013
748.02051	-415.99440000000004
746.81934	-665.44602
745.61816	-735.3527
744.41699	-503.4461600000001
743.21484	-802.1607600000001
742.0127	-801.2478600000001
740.81055	-823.12808
739.6084	-673.50668
738.40625	-697.51866
737.20313	-683.9230600000001
736.0	-938.33743
734.7959	-997.5295800000001
733.59277	-809.3157699999999
732.38867	-884.32061
731.18457	-933.4391599999999
729.97949	-959.4594999999999
728.77539	-994.1836200000001
727.57031	-1054.2016800000001
726.36523	-862.77141
725.16016	-1202.56742
723.9541	-1068.15856
722.74805	-1325.66243
721.54199	-1336.71679
720.33496	-1333.37764
719.12891	-1444.87982
717.92188	-1334.26794
716.71484	-1642.3845900000001
715.50684	-1535.82166
714.29883	-1578.4164799999999
713.09082	-1822.65317
711.88281	-1888.00198
710.67481	-2279.0934100000004
709.46582	-2497.43473
708.25684	-2862.7687400000004
707.04785	-3172.99584
705.83789	-3565.6060700000003
704.62793	-3844.8602900000005
703.41797	-4416.03644
702.20801	-4630.6748
700.99805	-5307.44085
699.78711	-5977.132749999999
698.57617	-6478.97148
697.36426	-6518.56983
696.15332	-6647.988850000001
694.94141	-7080.10765
693.72949	-7330.0663700000005
692.5166	-7078.018820000001
691.30469	-7069.714
690.0918	-6727.79874
688.87891	-6580.1776899999995
687.66504	-6206.398429999999
686.45117	-5692.58727
685.23731	-5180.691900000001
684.02344	-4770.736990000001
682.80957	-4241.50279
681.59473	-4030.5120300000003
680.37988	-3679.48262
679.16504	-3762.8731800000005
677.94922	-3551.65822
676.7334	-3723.49165
675.51758	-3430.15727
674.30176	-3299.01698
673.08496	-2798.89964
671.86914	-2485.6230100000002
670.65137	-2193.10811
669.43457	-2180.5265
668.2168	-1776.9972
667.0	-1681.1257699999999
665.78125	-1457.2451899999999
664.56348	-1332.87778
663.34473	-1326.94455
662.12598	-1182.6886100000002
660.90723	-1015.28494
659.68848	-901.04436
658.46875	-856.07387
657.24902	-970.14496
656.0293	-912.21511
654.80859	-758.4759899999999
653.58789	-720.9400899999999
652.36719	-627.7104599999999
651.14648	-695.30626
649.92481	-544.9108299999999
648.7041	-555.87797
647.48242	-504.70033999999987
646.25977	-516.3932
645.03711	-543.68133
643.81543	-564.2148000000001
642.5918	-365.6912799999999
641.36914	-463.1091999999999
640.14551	-675.11665
638.92188	-558.44928
637.69824	-516.9868
636.47461	-560.7783999999999
635.25	-605.4919399999999
634.02539	-541.1029299999999
632.80078	-451.00779
631.5752	-497.5281399999999
630.34961	-385.14986999999996
629.12402	-648.07634
627.89844	-473.32062999999994
626.67188	-321.7201799999999
625.44531	-470.45220000000006
624.21875	-360.50209000000007
622.99219	-642.97339
621.76465	-447.8986900000001
620.53711	-636.6578200000001
619.30957	-315.33493999999996
618.08106	-267.6213399999999
616.85254	-177.46138000000008
615.62402	-22.940150000000017
614.39551	52.94765999999993
613.16699	203.20401000000004
611.9375	378.3748099999999
610.70801	600.6951799999999
609.47754	418.11701
608.24805	360.00181
607.01758	303.30113000000006
605.78711	372.16349
604.55566	484.01171999999997
603.3252	172.02459000000002
602.09375	351.16842
600.86133	272.75222
599.62988	323.31899000000004
598.39746	142.60021
597.16504	143.22328000000002
595.93262	-6.699709999999996
594.69922	95.74462
593.46582	220.15917
592.23242	139.51390999999998
590.99902	1.8058999999999976
589.76465	91.06257
588.53027	-85.84339
587.2959	-96.84995
586.06152	38.18433000000002
584.82617	108.01698
583.59082	15.466049999999996
582.35547	-21.138399999999997
581.11914	-191.7775
579.88281	-109.79394
578.64648	-117.41181
577.41016	-164.7366
