2000.04395	-145.02659
1901.7627	-65.00130000000001
1900.78027	-147.18824999999998
1899.79785	-99.83736
1898.81543	-147.21745
1897.83203	-118.62742999999999
1896.84961	-61.39644
1895.86621	-34.10639
1894.88281	-206.85067999999998
1893.89844	40.71833
1892.91504	23.320120000000003
1891.93066	-40.088899999999995
1890.94727	-90.97737000000001
1889.96289	-13.928920000000002
1888.97754	-173.35100999999997
1887.99316	-36.27025
1887.00781	-126.33431999999999
1886.02344	-66.92126
1885.03809	38.671640000000004
1884.05176	1.91845
1883.06641	-32.93689
1882.08106	-101.16122
1881.09473	-232.27062
1880.1084	-6.766350000000003
1879.12207	-1.058019999999999
1878.13574	141.95435
1877.14844	28.2878
1876.16211	19.555509999999998
1875.17481	-98.46264
1874.1875	-11.247900000000016
1873.19922	32.90988
1872.21191	-5.77786
1871.22363	-41.06341
1870.23633	-37.980329999999995
1869.24805	-78.12380999999999
1868.25879	42.73316
1867.27051	-49.103260000000006
1866.28223	-48.75573
1865.29297	143.45114
1864.30371	90.32441
1863.31445	120.08218000000001
1862.32422	-8.84159
1861.33496	63.43518999999999
1860.34473	3.188600000000001
1859.35449	60.423019999999994
1858.36426	-131.52586
1857.37402	-90.39164000000001
1856.38379	-13.023300000000006
1855.39258	-5.360689999999998
1854.40137	78.86552999999999
1853.41016	83.33166
1852.41895	-50.442510000000006
1851.42676	-25.924059999999997
1850.43555	-209.0417
1849.44336	-50.14962
1848.45117	-120.99031
1847.45898	-143.3826
1846.4668	125.40683999999999
1845.47363	102.17473
1844.48047	-56.90777
1843.48731	107.01223
1842.49414	28.32064000000001
1841.50098	-37.84967
1840.50684	65.91782
1839.51367	3.961340000000007
1838.51953	-48.34000999999999
1837.52539	69.19509000000001
1836.53027	55.16944
1835.53613	-114.81835999999998
1834.54102	0.2964200000000119
1833.5459	136.99017
1832.55078	0.9500299999999982
1831.55566	31.29444000000001
1830.56055	108.77176000000001
1829.56445	148.24914
1828.56836	-96.33408
1827.57227	-14.088089999999994
1826.57617	-102.85288000000001
1825.58008	119.54674
1824.58301	322.01765
1823.58594	190.48781
1822.58887	124.80834000000002
1821.5918	135.8231
1820.59473	60.99323000000001
1819.59668	133.39897
1818.59961	73.36340999999999
1817.60156	25.52091999999999
1816.60352	168.56768
1815.60449	-31.665760000000006
1814.60645	111.50321000000001
1813.60742	51.83471
1812.6084	41.96904000000001
1811.60938	156.46112
1810.61035	28.453309999999988
1809.61035	-11.286930000000012
1808.61133	56.97028
1807.61133	146.02764000000002
1806.61133	219.801
1805.61035	97.79729000000003
1804.61035	106.75514999999999
1803.60938	6.447230000000019
1802.6084	90.22997
1801.60742	143.76502
1800.60645	82.00005999999999
1799.60547	98.10055000000003
1798.60352	143.65772
1797.60156	-30.99468999999999
1796.59961	37.23328000000001
1795.59766	128.58505999999997
1794.5957	92.17436
1793.59277	281.77363
1792.58984	94.64671
1791.58789	242.03038000000004
1790.58398	55.52883
1789.58106	-30.266310000000004
1788.57715	-72.33937999999999
1787.57422	-11.418069999999986
1786.57031	131.67031
1785.56641	235.26336
1784.56152	192.07119
1783.55762	145.80543
1782.55273	-3.2267100000000006
1781.54785	172.29718
1780.54297	86.1011
1779.53809	-7.036810000000003
1778.53223	112.23253
1777.52734	136.97170000000003
1776.52148	-57.624269999999996
1775.51563	-91.08709999999999
1774.50879	-23.09717
1773.50293	28.1738
1772.49609	-83.61699
1771.48926	35.93730000000001
1770.48242	80.29120000000002
1769.47559	-126.55486000000002
1768.46777	-31.196089999999998
1767.46094	75.28447999999999
1766.45313	57.89458000000002
1765.44531	0.13590999999999553
1764.4375	-114.78335999999999
1763.42871	94.38727999999998
1762.4209	-5.547709999999995
1761.41211	-61.778310000000005
1760.40332	45.84909000000002
1759.39356	67.67758999999998
1758.38477	14.298110000000008
1757.375	111.76467
1756.36621	110.13509
1755.35645	116.62537
1754.3457	285.47916
1753.33594	71.13254
1752.3252	98.74519000000001
1751.31543	20.710970000000003
1750.30469	102.37389
1749.29297	153.21372
1748.28223	94.37913999999998
1747.27051	-48.0445
1746.25977	108.29495999999999
1745.24805	71.67851
1744.23535	115.97379999999998
1743.22363	151.38434
1742.21191	70.83445
1741.19922	161.9377
1740.18652	105.55677
1739.17383	60.30089
1738.16016	52.97041
1737.14746	9.573630000000001
1736.13379	-154.34207
1735.12012	-91.89174
1734.10645	-2.291960000000003
1733.0918	-126.61618
1732.07813	-8.42905
1731.06348	-14.56081
1730.04883	19.31328
1729.03418	-154.97226999999998
1728.01953	-86.28242
1727.00391	-116.30431999999999
1725.98828	-46.649609999999996
1724.97266	15.453720000000004
1723.95703	62.52512
1722.94141	-104.10772
1721.92481	-62.00921999999999
1720.90918	-75.13215
1719.89258	-248.14733999999999
1718.87598	-262.77801
1717.8584	-361.17438
1716.8418	-347.22354
1715.82422	-398.43706
1714.80664	-245.30904999999998
1713.78906	-350.79461
1712.77051	-325.41655
1711.75293	-265.51451
1710.73438	-292.91525
1709.71582	-364.90668
1708.69727	-473.78972
1707.67871	-561.74865
1706.65918	-461.22376999999994
1705.64063	-580.93815
1704.62109	-484.94966999999997
1703.60059	-396.26042
1702.58106	-550.89703
1701.56152	-430.50389
1700.54102	-467.11817
1699.52051	-390.03082
1698.5	-325.74452
1697.47852	-445.59657999999996
1696.45801	-500.06849
1695.43652	-495.81025999999997
1694.41504	-536.42993
1693.39356	-490.26731
1692.37207	-644.2111400000001
1691.34961	-650.32762
1690.32715	-695.97769
1689.30469	-671.90228
1688.28223	-696.47748
1687.25977	-888.01692
1686.23633	-781.26182
1685.21387	-536.74424
1684.19043	-844.0694299999999
1683.16602	-697.44156
1682.14258	-936.8858
1681.11914	-695.64878
1680.09473	-864.9638500000001
1679.07031	-1053.49568
1678.0459	-960.1073399999999
1677.02051	-896.6175299999999
1675.99609	-885.9287299999999
1674.9707	-1085.44608
1673.94531	-1050.72182
1672.91992	-983.13803
1671.89356	-1004.2959199999999
1670.86816	-1139.3635800000002
1669.8418	-1040.3802600000001
1668.81543	-1087.24741
1667.78906	-1080.72914
1666.76172	-1122.85097
1665.73535	-1169.14541
1664.70801	-1216.0190499999999
1663.68066	-1211.8676
1662.65332	-1306.2071
1661.625	-1232.40932
1660.59766	-1286.2493599999998
1659.56934	-1441.03681
1658.54102	-1346.19652
1657.5127	-1507.17303
1656.4834	-1585.22308
1655.45508	-1535.4643
1654.42578	-1596.07217
1653.39648	-1526.1625
1652.36621	-1519.52991
1651.33691	-1474.6609600000002
1650.30664	-1720.8720700000001
1649.27637	-1582.85855
1648.24609	-1615.01458
1647.21582	-1735.0125199999998
1646.18555	-1695.3491
1645.1543	-1680.0756299999998
1644.12305	-1705.4006299999999
1643.0918	-1680.74743
1642.06055	-1884.1341100000002
1641.02832	-1832.34557
1639.99707	-1842.8566999999998
1638.96484	-2055.5806900000002
1637.93164	-1923.1865300000002
1636.89941	-1900.00901
1635.86719	-2229.56729
1634.83398	-2097.65005
1633.80078	-2305.9768000000004
1632.76758	-2307.4654
1631.73438	-2300.2602400000005
1630.7002	-2542.6732899999997
1629.66602	-2607.3482299999996
1628.63184	-2719.4056699999996
1627.59766	-2843.94557
1626.56348	-3067.69585
1625.52832	-3283.0936
1624.49316	-3210.7177299999994
1623.45801	-3214.68919
1622.42285	-3436.4032300000003
1621.3877	-3676.8310899999997
1620.35156	-3669.76659
1619.31543	-3850.5368399999998
1618.2793	-4203.93825
1617.24316	-4184.78135
1616.20703	-4209.15581
1615.16992	-4475.8821800000005
1614.13281	-4720.42662
1613.0957	-4865.49888
1612.05859	-5149.08558
1611.02051	-5219.6990399999995
1609.9834	-5761.49642
1608.94531	-5888.31614
1607.90723	-6095.35894
1606.86816	-6288.20312
1605.83008	-6742.19649
1604.79102	-7180.21154
1603.75195	-7408.655980000001
1602.71289	-7901.40226
1601.67383	-8771.6068
1600.63379	-9422.12526
1599.59473	-9970.3517
1598.55469	-10720.07906
1597.51367	-11301.679559999999
1596.47363	-12412.803000000002
1595.43359	-12812.66145
1594.39258	-13368.413219999999
1593.35156	-14075.379970000002
1592.31055	-14760.277430000002
1591.26856	-14644.9359
1590.22754	-14922.09695
1589.18555	-14890.20331
1588.14356	-14961.430839999997
1587.10059	-14787.36221
1586.05859	-14253.949929999999
1585.01563	-13921.506919999996
1583.97266	-13729.518189999995
1582.92969	-13367.737829999998
1581.88672	-12752.337
1580.84375	-12463.78471
1579.79981	-12396.1139
1578.75586	-12026.80628
1577.71191	-11216.603330000002
1576.66699	-10009.858489999999
1575.62305	-8379.175159999999
1574.57813	-7606.337090000001
1573.5332	-6005.311519999999
1572.48828	-5405.592059999999
1571.44336	-4314.22639
1570.39746	-4983.930660000002
1569.35156	-6178.71067
1568.30566	-7534.3148
1567.25977	-7980.8646100000005
1566.21387	-8905.78631
1565.16699	-9517.812590000001
1564.12012	-9303.401419999998
1563.07324	-8818.99694
1562.02637	-8530.163480000001
1560.97852	-8038.063380000001
1559.93066	-7905.91992
1558.88379	-7543.17241
1557.83496	-7176.10258
1556.78711	-6923.9525699999995
1555.73926	-7089.82648
1554.69043	-7229.6428399999995
1553.6416	-7430.44174
1552.59277	-7468.904629999999
1551.54297	-7938.62294
1550.49414	-8231.06268
1549.44434	-8201.429750000001
1548.39453	-8694.29701
1547.34473	-8931.144909999999
1546.29395	-9326.70211
1545.24414	-9390.89749
1544.19336	-9556.51052
1543.14258	-9552.65862
1542.09082	-9357.92742
1541.04004	-9425.27296
1539.98828	-8791.405780000001
1538.93652	-8578.1346
1537.88477	-8233.51596
1536.83301	-8239.00872
1535.78027	-7968.15547
1534.72754	-7379.24367
1533.67481	-7162.82768
1532.62207	-6893.4034
1531.56934	-6582.76866
1530.51563	-6346.02459
1529.46191	-5670.26331
1528.4082	-5519.86926
1527.35449	-5468.216280000001
1526.29981	-4825.00811
1525.24609	-4485.949970000001
1524.19141	-4039.8306700000003
1523.13672	-3608.0575500000004
1522.08106	-3379.8637499999995
1521.02637	-3048.5620500000005
1519.9707	-2484.5126900000005
1518.91504	-2491.36743
1517.85938	-2300.4272599999995
1516.80273	-2207.4397
1515.74707	-2202.07639
1514.69043	-2182.89004
1513.63379	-2239.75416
1512.57715	-2198.91001
1511.51953	-2297.18159
1510.46191	-2412.23083
1509.40527	-2206.70584
1508.34668	-2512.0685
1507.28906	-2321.73455
1506.23145	-2370.6509
1505.17285	-2454.82876
1504.11426	-2682.40809
1503.05566	-2334.68606
1501.99609	-2590.86962
1500.9375	-2336.79539
1499.87793	-2211.3773300000003
1498.81836	-1948.41356
1497.75781	-1892.16976
1496.69824	-1671.97424
1495.6377	-1389.5453300000001
1494.57715	-1511.65517
1493.5166	-1038.6490999999999
1492.45606	-810.96874
1491.39453	-286.25616999999966
1490.33301	205.4950100000001
1489.27148	619.8914099999997
1488.20996	985.8239100000001
1487.14844	1490.1289699999998
1486.08594	1846.1471799999995
1485.02344	1886.9346000000005
1483.96094	1286.32764
1482.89844	1287.4511400000001
1481.83496	873.0243700000001
1480.77246	313.46264999999994
1479.70898	301.60518
1478.64453	-269.50192000000015
1477.58106	-738.6690100000001
1476.51758	-822.8278399999999
1475.45313	-894.9200799999999
1474.38867	-931.8005499999999
1473.32324	-1024.9804099999997
1472.25879	-1134.7710799999995
1471.19336	-1166.7484099999997
1470.12793	-1257.7511400000003
1469.0625	-1439.8200900000002
1467.99707	-1497.9255400000002
1466.93066	-1514.62056
1465.86523	-1366.48476
1464.79883	-1377.19331
1463.73145	-1250.9793000000002
1462.66504	-1326.9262299999998
1461.59766	-1348.0576600000002
1460.53027	-1272.79694
1459.46289	-1578.6470599999998
1458.39551	-1482.65585
1457.32715	-1701.02412
1456.25977	-1587.6325700000002
1455.19141	-1614.77149
1454.12305	-1411.88196
1453.05371	-1571.69729
1451.98535	-1422.10987
1450.91602	-1266.22005
1449.84668	-1022.28323
1448.77637	-1229.6218999999999
1447.70703	-1120.98434
1446.63672	-1008.8435400000001
1445.56641	-931.39515
1444.49609	-733.09902
1443.42578	-628.18509
1442.35449	-585.79086
1441.2832	-578.2853700000001
1440.21191	-490.27964999999995
1439.14063	-220.88631999999996
1438.06934	-139.90607999999997
1436.99707	-166.69843000000003
1435.92481	-119.96244000000002
1434.85254	45.91947000000005
1433.78027	204.73762999999997
1432.70703	169.73510999999996
1431.63379	-27.672309999999925
1430.56055	-201.02258
1429.48731	-128.18231000000003
1428.41309	-110.54155000000003
1427.33984	-342.20018
1426.26563	-605.43401
1425.19141	-501.89642
1424.11621	-321.58235
1423.04199	-466.86706000000004
1421.9668	-341.99039
1420.8916	-288.27819
1419.81641	-461.73617
1418.74023	-424.99323
1417.66504	-374.89808999999997
1416.58887	-448.83849
1415.5127	-551.591
1414.43555	-588.3175100000001
1413.35938	-561.41547
1412.28223	-592.9603
1411.20508	-734.77998
1410.12793	-693.64299
1409.04981	-835.1916500000001
1407.97266	-833.9024
1406.89453	-808.0741700000001
1405.81641	-973.92786
1404.73731	-986.5314799999999
1403.65918	-686.2277200000001
1402.58008	-883.85479
1401.50098	-740.5904800000001
1400.42188	-481.78319
1399.3418	-468.2475
1398.2627	-305.70844
1397.18262	-197.89551000000006
1396.10254	-109.30581999999993
1395.02148	178.44727
1393.94141	156.88283
1392.86035	13.943139999999971
1391.7793	334.00221
1390.69824	353.86326
1389.61621	335.11548
1388.53516	120.98258999999996
1387.45313	220.15942000000007
1386.37109	277.18323000000004
1385.28809	454.83268
1384.20606	320.67895999999996
1383.12305	479.05674000000005
1382.04004	414.50538000000006
1380.95703	360.02554999999995
1379.87305	377.78321000000005
1378.78906	425.38999
1377.70508	198.28069000000005
1376.62109	340.56403
1375.53711	361.33455000000004
1374.45215	389.07227
1373.36719	582.60851
1372.28223	617.10891
1371.19727	650.5195300000001
1370.11231	653.51936
1369.02637	841.44432
1367.94043	797.3519900000001
1366.85449	1038.03406
1365.76758	981.3211999999999
1364.68164	1164.98232
1363.59473	1368.99766
1362.50781	1629.29653
1361.41992	1770.7021100000002
1360.33301	2055.25088
1359.24512	2234.44917
1358.15723	2460.51229
1357.06934	2559.07373
1355.98145	2649.48077
1354.89258	2660.13512
1353.80371	2405.81781
1352.71484	2221.33865
1351.625	2118.90347
1350.53613	1821.70345
1349.44629	1544.14381
1348.35645	1424.62716
1347.2666	1224.03649
1346.17578	1148.33776
1345.08594	998.1183699999999
1343.99512	1021.87035
1342.90332	755.8935099999999
1341.8125	790.96505
1340.7207	770.2891500000001
1339.62988	744.55495
1338.53809	669.8214700000001
1337.44531	577.74134
1336.35352	554.70444
1335.26074	554.91284
1334.16797	643.11518
1333.0752	527.57695
1331.98145	469.66697999999997
1330.88867	712.45351
1329.79492	770.20247
1328.70117	615.82223
1327.60645	745.3891500000001
1326.5127	900.1417299999999
1325.41797	815.78324
1324.32324	708.14361
1323.22754	488.27691
1322.13281	391.55911000000003
1321.03711	368.89504
1319.94141	120.93543999999997
1318.8457	-32.21887000000004
1317.75	-113.18655999999999
1316.65332	-171.48595999999998
1315.55664	-383.89486999999997
1314.45996	-453.74439
1313.36328	-523.8026799999999
1312.26563	-625.1258799999999
1311.16797	-661.2586900000001
1310.07031	-743.3418900000001
1308.97266	-880.3402900000001
1307.87402	-897.85915
1306.77637	-1032.37532
1305.67773	-1111.8061
1304.5791	-1027.36357
1303.47949	-1114.82268
1302.38086	-1121.99489
1301.28125	-1327.0258299999998
1300.18164	-1478.67768
1299.08106	-1434.9276599999998
1297.98145	-1475.96389
1296.88086	-1862.45455
1295.78027	-1845.64631
1294.67969	-2139.556
1293.57813	-2281.03953
1292.47656	-2443.19466
1291.375	-2771.55465
1290.27344	-3083.29029
1289.17188	-3371.7739300000003
1288.06934	-3490.30666
1286.9668	-3591.6930700000003
1285.86426	-3618.59856
1284.76172	-3744.23431
1283.6582	-3887.9286599999996
1282.55469	-3697.93118
1281.45117	-3788.80735
1280.34766	-3613.10098
1279.24414	-3265.13561
1278.13965	-2836.05076
1277.03516	-2764.8249699999997
1275.93066	-2334.33828
1274.8252	-2134.7356600000003
1273.7207	-1804.3708100000001
1272.61523	-1721.40492
1271.50879	-1497.9560800000002
1270.40332	-1530.85791
1269.29785	-1432.15766
1268.19141	-1201.74465
1267.08496	-1095.39173
1265.97754	-1093.74179
1264.87109	-1052.01775
1263.76367	-1031.27892
1262.65625	-976.90282
1261.54883	-976.78644
1260.44043	-959.18406
1259.33301	-990.51823
1258.22461	-811.49073
1257.11523	-899.1064799999999
1256.00684	-934.70335
1254.89746	-971.6088
1253.78809	-949.1266800000001
1252.67871	-996.69191
1251.56934	-766.5838600000001
1250.45898	-660.78409
1249.34961	-744.03922
1248.23926	-875.39976
1247.12793	-607.90607
1246.01758	-606.43921
1244.90625	-480.29756000000003
1243.79492	-606.23886
1242.68359	-447.06583
1241.57129	-414.76647
1240.45996	-397.47450000000003
1239.34766	-448.63167
1238.23438	-345.20512
1237.12207	-346.62628
1236.00879	-382.28821000000005
1234.89648	-531.20047
1233.78223	-380.82291999999995
1232.66895	-576.1820399999999
1231.55566	-500.22558000000004
1230.44141	-429.69723
1229.32715	-490.02171000000004
1228.21191	-527.71231
1227.09766	-546.21033
1225.98242	-546.58646
1224.86719	-594.46488
1223.75195	-437.14973
1222.63574	-479.0702
1221.52051	-421.80427000000003
1220.4043	-435.87817
1219.28711	-404.8807
1218.1709	-333.16458
1217.05371	-379.62230999999997
1215.93652	-461.23793
1214.81934	-502.42595
1213.70215	-528.41913
1212.58398	-654.0066
1211.46582	-583.0679500000001
1210.34766	-564.08038
1209.22949	-732.82589
1208.11035	-702.6797999999999
1206.99219	-863.0510099999999
1205.87305	-1047.44589
1204.75293	-1124.1985499999998
1203.63379	-1210.1339200000002
1202.51367	-1424.72393
1201.39356	-1520.08936
1200.27344	-1775.30424
1199.15234	-1832.07931
1198.03223	-2121.58781
1196.91113	-2289.37129
1195.79004	-2664.20535
1194.66797	-2884.67508
1193.5459	-3184.42027
1192.42481	-3403.1511299999997
1191.30176	-3592.7868599999993
1190.17969	-3710.8508
1189.05664	-3826.8342900000002
1187.93359	-4020.0715499999997
1186.81055	-3796.6889900000006
1185.6875	-3716.5505999999996
1184.56348	-3593.06022
1183.44043	-3345.29313
1182.31641	-3073.9823999999994
1181.19141	-2774.18506
1180.06738	-2319.6618399999998
1178.94238	-1945.6078199999997
1177.81738	-1673.3282400000003
1176.69238	-1314.5561200000002
1175.56641	-1100.7350699999997
1174.44043	-926.2981899999997
1173.31445	-832.5321399999999
1172.18848	-747.37024
1171.0625	-761.86575
1169.93555	-869.9947399999999
1168.80859	-617.15523
1167.68164	-656.0574999999999
1166.55371	-551.8619800000001
1165.42676	-458.24550999999997
1164.29883	-347.80668000000003
1163.1709	-350.24911999999995
1162.04199	-230.65379000000001
1160.91406	-198.87671999999998
1159.78516	-160.02314
1158.65625	-79.57910000000004
1157.52637	-32.89317
1156.39746	-36.547559999999976
1155.26758	-4.603279999999984
1154.1377	118.08356
1153.00684	24.48854
1151.87695	78.63664
1150.74609	83.37846
1149.61523	34.75425
1148.48438	213.13173999999998
1147.35254	151.71089
1146.2207	169.95553999999998
1145.08887	149.90663999999998
1143.95703	63.137660000000004
1142.8252	-15.097059999999999
1141.69238	-3.9208700000000007
1140.55957	-107.96812
1139.42676	-226.57384000000002
1138.29297	-192.88619
1137.15918	-216.72208
1136.02539	-230.22074999999998
1134.8916	-323.41233
1133.75781	-456.05242
1132.62305	-471.02287
1131.48828	-581.83469
1130.35352	-801.5411300000001
1129.21777	-831.4794700000001
1128.08301	-922.24046
1126.94727	-823.1967400000001
1125.81152	-820.6332799999999
1124.67481	-844.73254
1123.53906	-732.22162
1122.40234	-764.3057200000001
1121.26563	-838.8477500000001
1120.12793	-727.73984
1118.99023	-726.5222899999999
1117.85352	-835.4962100000002
1116.71484	-770.4337
1115.57715	-688.0685400000002
1114.43945	-773.04918
1113.30078	-620.22487
1112.16211	-776.7848600000002
1111.02246	-888.57636
1109.88379	-1093.2264299999997
1108.74414	-1090.3718099999996
1107.60449	-1105.0569
1106.46387	-1403.1748000000002
1105.32422	-1580.0693399999996
1104.18359	-1922.5833900000002
1103.04297	-2301.8355199999996
1101.90234	-2616.5876900000003
1100.76074	-3199.1980799999997
1099.61914	-3568.63192
1098.47754	-4009.25355
1097.33594	-4707.583079999999
1096.19336	-5640.98293
1095.05176	-6587.92265
1093.90918	-7469.475939999999
1092.76563	-8614.34145
1091.62305	-9853.454139999998
1090.47949	-11188.837179999999
1089.33594	-12443.41193
1088.19238	-13696.078699999998
1087.04785	-14826.65838
1085.90332	-15710.397640000001
1084.75879	-16378.16215
1083.61426	-16716.870020000002
1082.46973	-16741.21245
1081.32422	-16766.01474
1080.17871	-16515.492899999997
1079.0332	-15502.737399999998
1077.88672	-14434.651450000001
1076.74023	-13002.520779999999
1075.59375	-11658.410330000002
1074.44727	-9083.170269999999
1073.30078	-7316.560539999999
1072.15332	-4835.587180000002
1071.00586	-3118.9263100000026
1069.8584	-1084.1807499999995
1068.70996	-476.11985000000277
1067.56152	105.14710999999807
1066.41309	300.17454
1065.26465	298.25364000000263
1064.11621	321.73561999999947
1062.9668	-245.57909999999902
1061.81738	-688.5973900000026
1060.66797	-1167.37961
1059.51758	-1406.6232199999995
1058.36816	-1428.926800000001
1057.21777	-2404.11075
1056.06738	-2258.7047199999997
1054.91602	-2206.029199999999
1053.76465	-2291.8327
1052.61328	-2131.30839
1051.46191	-1571.9025900000006
1050.31055	-1890.2568600000004
1049.1582	-1708.6658300000004
1048.00586	-1938.6329200000005
1046.85352	-1941.3638800000003
1045.7002	-1806.73103
1044.54785	-1877.3468300000004
1043.39453	-1781.0197200000002
1042.24023	-1802.9837999999997
1041.08691	-1975.9284599999999
1039.93262	-2002.4159199999997
1038.77832	-2123.2849400000005
1037.62402	-2226.7116699999997
1036.46973	-2356.26083
1035.31445	-2485.57461
1034.15918	-2537.43823
1033.00391	-2718.2628700000005
1031.84766	-2701.34467
1030.69238	-2994.3518699999995
1029.53613	-3111.85114
1028.37891	-3165.2946599999996
1027.22266	-3479.79532
1026.06543	-3423.3035800000007
1024.9082	-3424.13667
1023.75098	-2796.6021
1022.59375	-1862.7482199999995
1021.43555	-565.2788100000016
1020.27734	-15.67058999999972
1019.11914	-478.1455500000011
1017.95996	-1452.5138499999994
1016.80078	-2651.8561099999997
1015.6416	-3744.96103
1014.48242	-4268.80804
1013.32324	-4550.48712
1012.16309	-4538.11013
1011.00293	-4276.030360000001
1009.84277	-3555.52011
1008.68164	-2948.70643
1007.52051	-2319.2653800000003
1006.35938	-2051.55815
1005.19824	-2107.62486
1004.03711	-2054.0188000000003
1002.875	-2311.4010099999996
1001.71289	-2546.2922799999997
1000.55078	-2575.13703
999.3877	-957.0514899999998
998.22461	1281.937460000001
997.06152	2544.036220000002
995.89844	1634.6911
994.73438	-1419.1578
993.57129	-3448.51336
992.40723	-4553.89431
991.24219	-5066.46882
990.07813	-5298.16274
988.91309	-5462.02074
987.74805	-5784.40225
986.58301	-5933.91114
985.41699	-5894.401610000001
984.25098	-5829.27773
983.08496	-5765.72896
981.91895	-5588.85099
980.75195	-5462.54604
979.58496	-5202.2966
978.41797	-4920.28618
977.25098	-4635.20397
976.08301	-4354.77295
974.91504	-4208.88109
973.74707	-3917.9165299999995
972.5791	-3726.6128500000004
971.41016	-3431.6966
970.24219	-3250.58907
969.07227	-2934.70526
967.90332	-2796.86693
966.7334	-2538.52975
965.56348	-2389.59
964.39356	-2104.0704899999996
963.22363	-1955.05109
962.05273	-1843.30634
960.88184	-1658.5559
959.71094	-1528.2348900000002
958.54004	-1428.5759699999999
957.36816	-1219.99452
956.19629	-1182.85608
955.02441	-981.4117799999999
953.85156	-957.64697
952.67969	-974.90624
951.50684	-816.0602500000001
950.33398	-884.21768
949.16016	-912.36419
947.98633	-882.34397
946.8125	-884.38549
945.63867	-901.0813499999999
944.46484	-770.5958899999999
943.29004	-861.2796999999999
942.11523	-726.5826000000001
940.94043	-683.65297
939.76465	-697.44875
938.58887	-652.7727400000001
937.41309	-636.28297
936.23731	-540.6908299999999
935.06055	-550.9944600000001
933.88379	-564.5031399999999
932.70703	-567.3991599999999
931.53027	-451.56385
930.35254	-533.5587099999999
929.17578	-513.67111
927.99805	-579.19059
926.81934	-539.0933100000001
925.6416	-560.5272
924.46289	-550.49072
923.28418	-445.6848
922.10449	-446.62915
920.92481	-548.0491300000001
919.74609	-555.70182
919.55176	-702.42013
918.38672	-401.91496
917.2207	-488.40995
916.05469	-428.9293200000001
914.8877	-631.25469
913.72168	-542.8705199999999
912.55469	-495.99733000000003
911.3877	-558.8109199999999
910.2207	-537.8129099999999
909.05273	-579.73785
907.88574	-621.99668
906.71777	-588.1476400000001
905.54883	-619.17155
904.38086	-655.1685299999999
903.21191	-611.2809199999999
902.04297	-600.87942
900.87402	-573.6097
899.7041	-563.58479
898.53516	-489.19912999999997
897.36523	-419.41671999999994
896.19434	-418.8015499999999
895.02441	-604.66022
893.85352	-516.26379
892.68262	-508.26393999999993
891.51172	-337.67892
890.34082	-385.93144
889.16895	-520.68899
887.99707	-397.89922
886.8252	-310.53255
885.65332	-247.36927
884.48047	-151.20758
883.30762	-133.94687
882.13477	-22.993049999999997
880.96191	8.010869999999997
879.78809	71.43372
878.61426	143.06486
877.44043	-49.57773
876.2666	41.661159999999995
875.0918	252.41111
873.91699	240.76972999999998
872.74219	229.86968000000002
871.56738	166.08977
870.3916	170.06135999999998
869.21582	126.00914
868.04004	52.753750000000004
866.86426	49.89371
865.6875	30.086470000000002
864.51074	59.5274
863.33398	69.01423
862.15723	211.08053
860.97949	50.848479999999995
859.80273	32.48022999999999
858.625	143.6407
857.44629	138.50407
856.26856	75.62460999999999
855.08984	46.10528000000001
853.91113	50.52991
852.73145	146.52348
851.55273	197.77309999999997
850.37305	29.44529000000003
849.19336	-105.15150000000003
848.01367	-93.12476000000001
846.83301	-194.22729999999999
845.65234	-239.29554
844.47168	-357.1161400000001
843.29102	-342.97738
842.11035	-489.40524
840.92871	-448.46293000000003
839.74707	-634.60033
838.56445	-703.5870199999999
837.38281	-685.32984
836.2002	-728.7078700000001
835.01758	-640.9214300000001
833.83496	-588.45938
832.65137	-703.23299
831.46777	-810.3569699999999
830.28418	-677.2009800000001
829.10059	-808.25591
827.91699	-741.96753
826.73242	-855.0357700000001
825.54785	-838.15051
824.36328	-960.6221800000001
823.17773	-1027.05265
821.99219	-881.5448299999999
820.80664	-843.2963100000002
819.62109	-871.61849
818.43457	-843.78999
817.24902	-875.6283900000001
816.0625	-780.3468500000001
814.875	-711.3193000000001
813.68848	-954.12127
812.50098	-738.14005
811.31348	-822.3976900000001
810.12598	-867.19635
808.9375	-845.9847300000001
807.74902	-851.96189
806.56055	-741.82419
805.37207	-820.48683
804.18262	-751.06386
802.99414	-808.9376199999999
801.80371	-737.5968400000002
800.61426	-791.2094
799.42481	-746.9532
798.23438	-838.7860200000001
797.04395	-903.7937200000001
795.85254	-769.94609
794.66211	-749.63919
793.4707	-672.6390700000001
792.2793	-532.82354
791.08789	-555.92789
789.89551	-646.10114
788.70313	-557.90096
787.51074	-488.51827999999995
786.31836	-630.26407
785.125	-605.5903599999999
783.93164	-644.0776599999999
782.73828	-569.53251
781.54492	-596.36226
780.35059	-573.76578
779.15625	-569.02345
777.96191	-659.71548
776.76758	-625.21065
775.57227	-817.22419
774.37695	-998.8456
773.18164	-1107.0802099999999
771.98633	-1157.33005
770.79004	-1216.64698
769.59375	-1207.75585
768.39746	-940.66734
767.20117	-1028.31882
766.00391	-1019.2311299999999
764.80664	-1003.51941
763.60938	-924.27509
762.41211	-836.18837
761.21387	-979.30452
760.01563	-884.54092
758.81738	-811.59844
757.61816	-849.45542
756.41992	-781.5506399999999
755.2207	-680.5267600000001
754.02148	-489.53267000000005
752.82129	-302.0636699999999
751.62109	-262.30140000000006
750.4209	-158.4986
749.2207	-260.4582700000001
748.02051	-252.23700999999994
746.81934	-406.9733
745.61816	-590.69791
744.41699	-630.7278400000001
743.21484	-1098.90085
742.0127	-1161.63681
740.81055	-1249.71938
739.6084	-1387.0755199999999
738.40625	-1444.40612
737.20313	-1508.97195
736.0	-1631.01465
734.7959	-1806.4708300000002
733.59277	-1859.56128
732.38867	-1807.1003699999999
731.18457	-1924.47031
729.97949	-1935.93026
728.77539	-1751.03859
727.57031	-1711.33711
726.36523	-1733.44572
725.16016	-1711.4802200000001
723.9541	-1897.11192
722.74805	-1893.59402
721.54199	-2006.3826600000002
720.33496	-1950.17481
719.12891	-2017.2376100000001
717.92188	-2128.69628
716.71484	-2308.76598
715.50684	-2286.2414000000003
714.29883	-2439.61673
713.09082	-2580.63875
711.88281	-2781.11098
710.67481	-3115.54507
709.46582	-3387.4751699999997
708.25684	-3903.12347
707.04785	-4150.54014
705.83789	-4636.608
704.62793	-5158.521430000001
703.41797	-5607.13675
702.20801	-6123.8005299999995
700.99805	-6889.5863500000005
699.78711	-7683.94482
698.57617	-8194.72087
697.36426	-8602.266360000001
696.15332	-8937.47628
694.94141	-9357.29783
693.72949	-9854.06002
692.5166	-9726.213160000001
691.30469	-9659.05385
690.0918	-9603.05509
688.87891	-9144.23873
687.66504	-8649.261709999999
686.45117	-7885.63512
685.23731	-7182.9294500000005
684.02344	-6403.7929
682.80957	-5997.05602
681.59473	-5537.5423
680.37988	-5093.78523
679.16504	-5136.89552
677.94922	-5044.22963
676.7334	-5137.79414
675.51758	-4986.814490000001
674.30176	-4780.39796
673.08496	-4328.0524700000005
671.86914	-4117.62593
670.65137	-3590.5071
669.43457	-3386.85713
668.2168	-3040.45341
667.0	-2752.75279
665.78125	-2620.21847
664.56348	-2467.75853
663.34473	-2186.4338
662.12598	-2083.2696100000003
660.90723	-1843.12672
659.68848	-1755.87177
658.46875	-1739.10714
657.24902	-1690.56402
656.0293	-1550.67907
654.80859	-1526.6463999999999
653.58789	-1462.19302
652.36719	-1397.8003299999998
651.14648	-1282.58889
649.92481	-1323.30054
648.7041	-1329.81995
647.48242	-1163.58565
646.25977	-1291.52335
645.03711	-1338.57092
643.81543	-1258.448
642.5918	-1321.6887299999999
641.36914	-1262.2324899999999
640.14551	-1227.74065
638.92188	-1141.19899
637.69824	-1327.37142
636.47461	-993.6278799999999
635.25	-1272.77885
634.02539	-955.2505899999999
632.80078	-946.17805
631.5752	-1014.0982099999999
630.34961	-904.0692300000001
629.12402	-1055.12927
627.89844	-913.5111599999999
626.67188	-921.0168399999999
625.44531	-967.0031200000001
624.21875	-981.4065600000001
622.99219	-988.24203
621.76465	-981.6654000000001
620.53711	-995.4927
619.30957	-793.17212
618.08106	-713.05147
616.85254	-578.7470900000001
615.62402	-467.52941
614.39551	-416.04612000000003
613.16699	-168.85948999999994
611.9375	-214.66556000000003
610.70801	-220.47919000000002
609.47754	-126.89921999999999
608.24805	-184.27791000000002
607.01758	-68.03099999999998
605.78711	153.08088
604.55566	58.741839999999996
603.3252	127.96227000000002
602.09375	148.01954
600.86133	81.35806000000001
599.62988	135.52149000000003
598.39746	87.7587
597.16504	120.58806000000001
595.93262	70.56478
594.69922	50.98239000000001
593.46582	54.55595000000001
592.23242	43.02631
590.99902	41.9914
589.76465	-36.92236
588.53027	-101.67445000000001
587.2959	-179.1553
586.06152	-223.23372999999998
584.82617	-57.284040000000005
583.59082	-106.0526
582.35547	-160.52185
581.11914	-215.71694
579.88281	-256.16646000000003
578.64648	-163.11156
577.41016	-77.00615
