2000.04395	51.65339
1901.7627	109.85749999999999
1900.78027	-75.05810999999999
1899.79785	-140.15579
1898.81543	-110.27871
1897.83203	-169.83019
1896.84961	-6.2521600000000035
1895.86621	20.373010000000008
1894.88281	-77.72867999999998
1893.89844	-51.99076
1892.91504	-33.665409999999994
1891.93066	-61.388819999999996
1890.94727	-108.19619
1889.96289	19.036709999999996
1888.97754	-187.3387
1887.99316	33.84007999999999
1887.00781	-236.66619
1886.02344	-216.93923
1885.03809	110.92689
1884.05176	-94.10274
1883.06641	-132.31180999999998
1882.08106	-128.75564
1881.09473	-64.51572
1880.1084	-31.481930000000002
1879.12207	14.406989999999993
1878.13574	78.87203
1877.14844	116.75898
1876.16211	-2.010859999999999
1875.17481	-75.09146
1874.1875	-136.61360000000002
1873.19922	-110.46007
1872.21191	-0.19786000000000215
1871.22363	-48.68634
1870.23633	8.91581
1869.24805	-136.34463
1868.25879	-26.27498
1867.27051	-116.8128
1866.28223	109.60463
1865.29297	75.90653
1864.30371	16.81732
1863.31445	-53.594899999999996
1862.32422	9.579790000000001
1861.33496	-107.63896
1860.34473	159.33738
1859.35449	0.5726300000000037
1858.36426	-95.97366
1857.37402	-58.39596
1856.38379	22.65826
1855.39258	-9.406239999999997
1854.40137	23.05673
1853.41016	74.63886
1852.41895	-101.22172
1851.42676	-152.50877
1850.43555	-216.20689
1849.44336	-31.891499999999994
1848.45117	-144.75401
1847.45898	-107.98987
1846.4668	-244.7784
1845.47363	-148.59911
1844.48047	-24.625999999999998
1843.48731	-111.99329
1842.49414	-227.72001
1841.50098	-90.3317
1840.50684	-64.47142
1839.51367	-127.33597
1838.51953	-214.1856
1837.52539	-47.03258000000001
1836.53027	-1.82464
1835.53613	-66.92552999999998
1834.54102	-87.18634999999999
1833.5459	-47.36329
1832.55078	-1.6330600000000004
1831.55566	-27.27198
1830.56055	30.277470000000008
1829.56445	16.25778000000001
1828.56836	-147.39001
1827.57227	-51.39273
1826.57617	-188.75418000000002
1825.58008	-86.85518
1824.58301	-33.58699
1823.58594	-88.86883999999998
1822.58887	156.61073
1821.5918	-26.981530000000006
1820.59473	-51.90782
1819.59668	144.68114
1818.59961	-4.361210000000028
1817.60156	4.937969999999979
1816.60352	51.90214
1815.60449	-127.04354000000001
1814.60645	-29.57598999999999
1813.60742	-94.21215
1812.6084	-70.72763
1811.60938	91.49159
1810.61035	-206.40728000000001
1809.61035	-69.21876
1808.61133	1.416889999999995
1807.61133	95.28013999999999
1806.61133	130.88053000000002
1805.61035	-96.14425999999999
1804.61035	-106.12775
1803.60938	54.11892
1802.6084	30.64710000000001
1801.60742	113.09881999999999
1800.60645	39.700379999999996
1799.60547	-146.71785999999997
1798.60352	-48.23815999999998
1797.60156	-117.45953999999999
1796.59961	-268.19653
1795.59766	-159.58533
1794.5957	-33.2515
1793.59277	78.29554
1792.58984	-70.01853
1791.58789	113.82479
1790.58398	-95.7512
1789.58106	-104.51759999999999
1788.57715	-193.39439
1787.57422	-186.35724
1786.57031	-161.36798
1785.56641	128.89740999999998
1784.56152	96.24264000000001
1783.55762	-77.45138999999999
1782.55273	-58.82479000000001
1781.54785	196.33542
1780.54297	-64.66219000000001
1779.53809	-21.021350000000005
1778.53223	104.27885
1777.52734	44.77538000000001
1776.52148	-129.42767999999998
1775.51563	45.23192
1774.50879	-27.86774
1773.50293	127.0294
1772.49609	-6.9735100000000045
1771.48926	-30.650909999999996
1770.48242	20.10645000000001
1769.47559	4.81071
1768.46777	-85.55788999999999
1767.46094	103.36998000000001
1766.45313	49.856630000000024
1765.44531	50.88623999999999
1764.4375	155.99891
1763.42871	70.78431999999998
1762.4209	25.007899999999992
1761.41211	-31.53862000000001
1760.40332	-40.26380999999998
1759.39356	-63.641130000000004
1758.38477	-79.27765
1757.375	-7.963359999999994
1756.36621	120.54800999999999
1755.35645	-90.74454
1754.3457	168.07915
1753.33594	-48.55476999999999
1752.3252	35.94909000000001
1751.31543	-13.548720000000003
1750.30469	84.86042
1749.29297	88.65357
1748.28223	-130.61879
1747.27051	81.79690000000001
1746.25977	-47.41692
1745.24805	-26.90314
1744.23535	-43.549330000000005
1743.22363	65.58689
1742.21191	-0.2500699999999991
1741.19922	143.3723
1740.18652	78.17035000000001
1739.17383	14.698750000000004
1738.16016	48.18193
1737.14746	38.54306
1736.13379	94.71616
1735.12012	14.11106
1734.10645	125.76169
1733.0918	-150.88739999999999
1732.07813	-140.16122
1731.06348	-152.36337
1730.04883	-100.96578
1729.03418	-99.90637
1728.01953	-131.39188
1727.00391	-205.01810999999998
1725.98828	-84.76283000000001
1724.97266	-12.049379999999996
1723.95703	-206.09071999999998
1722.94141	-162.04922
1721.92481	-257.41299000000004
1720.90918	-297.38932
1719.89258	-407.87579
1718.87598	-367.02146000000005
1717.8584	-322.9678
1716.8418	-208.88088
1715.82422	-296.22184
1714.80664	-291.91943
1713.78906	-327.7496
1712.77051	-354.80358
1711.75293	-201.74044999999998
1710.73438	-192.31568
1709.71582	-410.49795
1708.69727	-402.72789
1707.67871	-500.71675000000005
1706.65918	-370.31985
1705.64063	-462.49835
1704.62109	-465.54728
1703.60059	-375.04449
1702.58106	-450.518
1701.56152	-152.56483000000003
1700.54102	-327.89827
1699.52051	-403.50738
1698.5	-297.48574
1697.47852	-452.85218999999995
1696.45801	-315.76221999999996
1695.43652	-407.84245999999996
1694.41504	-458.17254
1693.39356	-496.55825
1692.37207	-484.73428000000007
1691.34961	-570.67152
1690.32715	-705.44321
1689.30469	-522.66041
1688.28223	-514.77748
1687.25977	-746.28941
1686.23633	-798.6279
1685.21387	-575.31646
1684.19043	-674.9687799999999
1683.16602	-734.00445
1682.14258	-656.11733
1681.11914	-541.1064
1680.09473	-813.2545
1679.07031	-971.58681
1678.0459	-903.9851199999999
1677.02051	-740.3283299999998
1675.99609	-834.68851
1674.9707	-931.7277999999999
1673.94531	-967.03816
1672.91992	-857.5999999999999
1671.89356	-839.24513
1670.86816	-1118.8341300000002
1669.8418	-1124.7199500000002
1668.81543	-1062.18651
1667.78906	-930.01127
1666.76172	-944.28094
1665.73535	-1095.38854
1664.70801	-1144.65241
1663.68066	-1066.1237500000002
1662.65332	-1051.2283400000001
1661.625	-1140.30788
1660.59766	-1012.87591
1659.56934	-1216.5864000000001
1658.54102	-1191.57085
1657.5127	-1494.37753
1656.4834	-1551.5913999999998
1655.45508	-1683.0817299999999
1654.42578	-1513.83368
1653.39648	-1457.95541
1652.36621	-1463.03516
1651.33691	-1643.40669
1650.30664	-1778.3075600000002
1649.27637	-1809.75937
1648.24609	-1865.1919400000002
1647.21582	-2013.107
1646.18555	-2063.96092
1645.1543	-2197.1374899999996
1644.12305	-2171.54259
1643.0918	-2149.29284
1642.06055	-2260.10866
1641.02832	-2324.27751
1639.99707	-2353.4409299999998
1638.96484	-2814.06341
1637.93164	-2457.2111800000002
1636.89941	-2457.33994
1635.86719	-2629.71151
1634.83398	-2588.2521
1633.80078	-2722.7764800000004
1632.76758	-2673.63837
1631.73438	-2817.0240300000005
1630.7002	-2925.6164099999996
1629.66602	-3117.74233
1628.63184	-3109.94107
1627.59766	-3149.34926
1626.56348	-3271.8528300000003
1625.52832	-3584.6950399999996
1624.49316	-3542.78169
1623.45801	-3584.1536699999997
1622.42285	-3647.06863
1621.3877	-3779.55814
1620.35156	-4015.35131
1619.31543	-4028.26475
1618.2793	-4126.251840000001
1617.24316	-4430.6389
1616.20703	-4647.03289
1615.16992	-4651.6111900000005
1614.13281	-4797.76976
1613.0957	-4913.65427
1612.05859	-5089.75843
1611.02051	-5184.259099999999
1609.9834	-5492.030720000001
1608.94531	-5815.51462
1607.90723	-5848.5457
1606.86816	-6534.94433
1605.83008	-6665.4154800000015
1604.79102	-7037.749380000001
1603.75195	-7350.0864
1602.71289	-7827.833409999999
1601.67383	-8558.90905
1600.63379	-8960.04079
1599.59473	-9647.45228
1598.55469	-10876.453569999998
1597.51367	-11280.067739999999
1596.47363	-12523.419700000002
1595.43359	-13356.359199999999
1594.39258	-14018.991349999998
1593.35156	-14660.649500000001
1592.31055	-15383.591880000002
1591.26856	-15563.34118
1590.22754	-15488.48757
1589.18555	-15999.406430000001
1588.14356	-16283.001149999996
1587.10059	-15965.82706
1586.05859	-16364.655009999999
1585.01563	-15490.243249999996
1583.97266	-15460.100229999996
1582.92969	-15159.32963
1581.88672	-14776.764729999999
1580.84375	-14120.911670000001
1579.79981	-13631.16664
1578.75586	-13268.1266
1577.71191	-12793.85138
1576.66699	-12183.848719999998
1575.62305	-11611.923209999997
1574.57813	-11417.048029999998
1573.5332	-11434.502929999999
1572.48828	-11590.547139999999
1571.44336	-11922.304509999998
1570.39746	-12967.665040000004
1569.35156	-13655.80442
1568.30566	-13808.080430000002
1567.25977	-13184.318710000001
1566.21387	-13069.08513
1565.16699	-12376.502040000001
1564.12012	-11629.767629999998
1563.07324	-10866.680530000001
1562.02637	-10411.15323
1560.97852	-9531.121000000001
1559.93066	-9355.74414
1558.88379	-8692.06987
1557.83496	-8227.20366
1556.78711	-8011.864189999999
1555.73926	-8278.40998
1554.69043	-8245.3987
1553.6416	-8414.764490000001
1552.59277	-8312.49423
1551.54297	-8778.24843
1550.49414	-9025.7785
1549.44434	-9167.609690000001
1548.39453	-9704.433
1547.34473	-9850.97682
1546.29395	-10256.43758
1545.24414	-10398.83035
1544.19336	-10240.033469999998
1543.14258	-10294.01922
1542.09082	-10113.94695
1541.04004	-10007.29969
1539.98828	-9783.695210000002
1538.93652	-9305.6457
1537.88477	-8812.26975
1536.83301	-8834.93425
1535.78027	-8360.99128
1534.72754	-7764.393819999999
1533.67481	-7721.959030000001
1532.62207	-7104.44069
1531.56934	-6970.11082
1530.51563	-6480.82763
1529.46191	-6108.43836
1528.4082	-5898.46222
1527.35449	-5775.9588300000005
1526.29981	-5574.33489
1525.24609	-5135.002460000001
1524.19141	-4726.9304600000005
1523.13672	-4867.951010000001
1522.08106	-4414.9809399999995
1521.02637	-4244.06192
1519.9707	-4037.3781700000004
1518.91504	-3941.9170799999997
1517.85938	-3698.5418199999995
1516.80273	-3550.9198
1515.74707	-3389.1695600000003
1514.69043	-3342.64318
1513.63379	-3284.01501
1512.57715	-3240.8294300000002
1511.51953	-3085.85237
1510.46191	-3056.29259
1509.40527	-2853.15308
1508.34668	-2955.32954
1507.28906	-2769.7618500000003
1506.23145	-2757.98541
1505.17285	-2790.5679999999998
1504.11426	-2607.64106
1503.05566	-2673.50924
1501.99609	-2684.17513
1500.9375	-2746.5518300000003
1499.87793	-2380.29125
1498.81836	-2372.81968
1497.75781	-2387.09581
1496.69824	-2232.92205
1495.6377	-2075.1345
1494.57715	-2044.67421
1493.5166	-1975.7406499999997
1492.45606	-1726.2381500000001
1491.39453	-1499.57722
1490.33301	-1188.70128
1489.27148	-932.6291000000001
1488.20996	-1076.1487399999999
1487.14844	-453.2311400000003
1486.08594	-309.44510000000037
1485.02344	-352.54268999999977
1483.96094	-591.8373999999999
1482.89844	-611.7842099999998
1481.83496	-867.4416999999999
1480.77246	-989.6137700000002
1479.70898	-1004.7565200000001
1478.64453	-1266.88314
1477.58106	-1577.7199100000003
1476.51758	-1782.19503
1475.45313	-1761.19864
1474.38867	-1934.1347799999999
1473.32324	-2349.63519
1472.25879	-2364.20736
1471.19336	-2660.02844
1470.12793	-2539.4058000000005
1469.0625	-2736.03616
1467.99707	-2781.97321
1466.93066	-2802.2433600000004
1465.86523	-2746.9233
1464.79883	-2758.7938700000004
1463.73145	-2781.5277300000002
1462.66504	-2997.3441999999995
1461.59766	-2888.0321200000003
1460.53027	-2947.7697
1459.46289	-2866.3420899999996
1458.39551	-2646.94421
1457.32715	-2652.16135
1456.25977	-2457.6908500000004
1455.19141	-2203.71387
1454.12305	-1860.07097
1453.05371	-1771.9612399999999
1451.98535	-1545.0217499999999
1450.91602	-1528.50236
1449.84668	-1191.02081
1448.77637	-1370.08564
1447.70703	-1165.8216699999998
1446.63672	-1378.22827
1445.56641	-1132.42105
1444.49609	-1164.21437
1443.42578	-1059.95194
1442.35449	-872.29388
1441.2832	-821.1946200000001
1440.21191	-912.33939
1439.14063	-787.31597
1438.06934	-704.18967
1436.99707	-698.8481300000001
1435.92481	-817.5033099999999
1434.85254	-848.83264
1433.78027	-561.02798
1432.70703	-597.9083400000001
1431.63379	-707.22484
1430.56055	-681.53139
1429.48731	-353.63749
1428.41309	-313.30795
1427.33984	-460.64441
1426.26563	-571.5486
1425.19141	-365.22767
1424.11621	-346.00271
1423.04199	-298.02034000000003
1421.9668	-400.44944
1420.8916	-9.027680000000032
1419.81641	-517.01713
1418.74023	-229.63293
1417.66504	-200.3969
1416.58887	-276.62219000000005
1415.5127	-543.98825
1414.43555	-687.0334300000001
1413.35938	-732.4632
1412.28223	-654.60167
1411.20508	-646.3559
1410.12793	-644.75662
1409.04981	-757.8660500000001
1407.97266	-901.64941
1406.89453	-698.3881100000001
1405.81641	-880.96669
1404.73731	-980.4340399999999
1403.65918	-891.4020200000001
1402.58008	-917.29086
1401.50098	-893.25886
1400.42188	-834.1559
1399.3418	-724.04414
1398.2627	-453.72736
1397.18262	-585.65416
1396.10254	-342.46487999999994
1395.02148	-29.302729999999997
1393.94141	-140.77702
1392.86035	-312.46261
1391.7793	-142.72341
1390.69824	-78.56564999999998
1389.61621	-30.474670000000003
1388.53516	-364.56548000000004
1387.45313	-193.22436999999996
1386.37109	-129.80829
1385.28809	57.26410999999996
1384.20606	-2.5423600000000306
1383.12305	-179.79257999999996
1382.04004	-3.1016099999999938
1380.95703	-3.676809999999989
1379.87305	-59.45677999999998
1378.78906	-20.506830000000036
1377.70508	-217.00297
1376.62109	-141.19885
1375.53711	-113.09816000000001
1374.45215	-96.33041000000003
1373.36719	-60.65146999999996
1372.28223	-186.00729999999993
1371.19727	-278.46797999999995
1370.11231	-220.69060000000002
1369.02637	-101.64009000000004
1367.94043	14.929750000000013
1366.85449	-82.89744999999999
1365.76758	-44.26030999999995
1364.68164	-127.29086999999998
1363.59473	19.733319999999992
1362.50781	-56.780970000000025
1361.41992	-67.52386000000001
1360.33301	35.19533999999999
1359.24512	23.617580000000004
1358.15723	192.04848
1357.06934	211.16625999999997
1355.98145	234.95477
1354.89258	253.23335999999998
1353.80371	92.01451
1352.71484	281.82965
1351.625	340.79879
1350.53613	227.27939999999998
1349.44629	181.63966
1348.35645	186.36675
1347.2666	107.24441000000002
1346.17578	63.67153000000002
1345.08594	167.90904999999998
1343.99512	75.86546000000001
1342.90332	170.39920999999998
1341.8125	140.72128000000004
1340.7207	304.97695999999996
1339.62988	143.7545
1338.53809	180.49640000000002
1337.44531	147.236
1336.35352	172.21763
1335.26074	123.93535999999997
1334.16797	234.58237
1333.0752	173.60402
1331.98145	63.47448
1330.88867	192.5953
1329.79492	105.50516999999996
1328.70117	107.98287000000005
1327.60645	227.10004999999998
1326.5127	149.56587000000002
1325.41797	36.19724000000002
1324.32324	115.75522000000001
1323.22754	-98.24473
1322.13281	-197.66361
1321.03711	-369.33029
1319.94141	-364.69992
1318.8457	-522.35647
1317.75	-551.19638
1316.65332	-750.62598
1315.55664	-790.5400599999999
1314.45996	-842.70713
1313.36328	-863.8657599999999
1312.26563	-1036.62113
1311.16797	-1122.27186
1310.07031	-1037.65751
1308.97266	-1013.7464600000001
1307.87402	-1235.116
1306.77637	-1219.8254200000001
1305.67773	-1366.21501
1304.5791	-1354.8248899999999
1303.47949	-1454.42216
1302.38086	-1434.92229
1301.28125	-1613.90285
1300.18164	-1686.54585
1299.08106	-1612.9427899999998
1297.98145	-1942.50625
1296.88086	-2094.42886
1295.78027	-2298.7159500000002
1294.67969	-2414.50452
1293.57813	-2745.66498
1292.47656	-2968.7145
1291.375	-3229.9843
1290.27344	-3419.13966
1289.17188	-3526.0095300000003
1288.06934	-3509.2796800000006
1286.9668	-3717.0642800000005
1285.86426	-3672.8017999999997
1284.76172	-3706.6159099999995
1283.6582	-3862.47651
1282.55469	-3830.59024
1281.45117	-3683.83433
1280.34766	-3445.00802
1279.24414	-3328.72631
1278.13965	-3101.12397
1277.03516	-2894.16719
1275.93066	-2562.55807
1274.8252	-2147.97272
1273.7207	-1788.6600600000002
1272.61523	-1669.69041
1271.50879	-1507.33733
1270.40332	-1593.0878
1269.29785	-1362.1966
1268.19141	-1161.79491
1267.08496	-1240.04339
1265.97754	-1012.14022
1264.87109	-933.5289599999999
1263.76367	-818.2545699999998
1262.65625	-764.40756
1261.54883	-817.8719
1260.44043	-785.08681
1259.33301	-852.5624
1258.22461	-864.90191
1257.11523	-852.51563
1256.00684	-923.09675
1254.89746	-935.45607
1253.78809	-881.5796200000001
1252.67871	-841.08216
1251.56934	-833.3209300000001
1250.45898	-657.97345
1249.34961	-563.73524
1248.23926	-640.45338
1247.12793	-507.18065000000007
1246.01758	-755.36077
1244.90625	-432.60833
1243.79492	-504.04544000000004
1242.68359	-484.58628
1241.57129	-527.8614100000001
1240.45996	-365.66419
1239.34766	-335.24336
1238.23438	-379.55264
1237.12207	-377.64675
1236.00879	-349.41731000000004
1234.89648	-470.6741200000001
1233.78223	-510.08531999999997
1232.66895	-548.73646
1231.55566	-587.6439700000001
1230.44141	-502.63374000000005
1229.32715	-474.57491000000005
1228.21191	-557.93172
1227.09766	-517.62245
1225.98242	-536.7525899999999
1224.86719	-531.93391
1223.75195	-463.27896
1222.63574	-422.61474
1221.52051	-341.50182
1220.4043	-377.65875
1219.28711	-264.56423
1218.1709	-273.56733
1217.05371	-377.21376
1215.93652	-294.40188
1214.81934	-437.57486
1213.70215	-447.20993
1212.58398	-517.62969
1211.46582	-602.99144
1210.34766	-621.29567
1209.22949	-643.5869
1208.11035	-775.64698
1206.99219	-842.61128
1205.87305	-1018.07394
1204.75293	-1122.1662299999998
1203.63379	-1129.5898200000001
1202.51367	-1378.86563
1201.39356	-1609.4118099999998
1200.27344	-1748.2328899999998
1199.15234	-1838.1687900000002
1198.03223	-2199.1475
1196.91113	-2355.97444
1195.79004	-2826.3378000000002
1194.66797	-2990.9034699999997
1193.5459	-3317.9116
1192.42481	-3442.29908
1191.30176	-3759.2714799999994
1190.17969	-3867.26632
1189.05664	-3974.3114700000006
1187.93359	-4100.69655
1186.81055	-3960.0400600000003
1185.6875	-3876.8626099999997
1184.56348	-3521.2001099999998
1183.44043	-3284.83536
1182.31641	-3290.1940699999996
1181.19141	-3235.52197
1180.06738	-2832.6213099999995
1178.94238	-2592.49088
1177.81738	-2198.5240400000002
1176.69238	-1861.9917900000003
1175.56641	-1676.27499
1174.44043	-1414.9565699999998
1173.31445	-1029.16703
1172.18848	-995.4168099999999
1171.0625	-985.18203
1169.93555	-845.22542
1168.80859	-789.7202299999999
1167.68164	-775.7423399999999
1166.55371	-649.5074000000001
1165.42676	-564.4019699999999
1164.29883	-689.30517
1163.1709	-479.95811
1162.04199	-635.0149
1160.91406	-462.42688
1159.78516	-527.85222
1158.65625	-337.22416000000004
1157.52637	-213.38284
1156.39746	-211.98144
1155.26758	-176.59431
1154.1377	-185.24982999999997
1153.00684	-202.38737
1151.87695	-171.02598999999998
1150.74609	-121.17030000000001
1149.61523	-145.50307
1148.48438	-80.13986
1147.35254	-4.549809999999994
1146.2207	-20.485519999999994
1145.08887	-37.70821000000001
1143.95703	-47.63355
1142.8252	-72.61478
1141.69238	-70.39424
1140.55957	-98.20536000000001
1139.42676	-255.49342000000001
1138.29297	-289.47814
1137.15918	-331.22743
1136.02539	-287.65353
1134.8916	-368.6307
1133.75781	-456.35908
1132.62305	-560.06251
1131.48828	-680.61048
1130.35352	-769.4106000000002
1129.21777	-948.4258200000002
1128.08301	-965.9007299999998
1126.94727	-967.0195600000001
1125.81152	-1029.4430399999999
1124.67481	-851.5444299999999
1123.53906	-787.14593
1122.40234	-873.56298
1121.26563	-938.69779
1120.12793	-892.82284
1118.99023	-836.6964899999998
1117.85352	-949.9775300000001
1116.71484	-1066.2851400000002
1115.57715	-1235.69171
1114.43945	-1125.7589000000003
1113.30078	-1168.50099
1112.16211	-1276.9013200000004
1111.02246	-1407.1085900000003
1109.88379	-1579.7503599999995
1108.74414	-1617.9789799999994
1107.60449	-1779.35084
1106.46387	-1996.24316
1105.32422	-2044.6162099999997
1104.18359	-2178.57265
1103.04297	-2597.86091
1101.90234	-2806.3496600000003
1100.76074	-3209.5066799999995
1099.61914	-3600.5589199999995
1098.47754	-4202.40809
1097.33594	-5023.56818
1096.19336	-5802.104020000001
1095.05176	-6701.31083
1093.90918	-7535.97472
1092.76563	-8586.315569999999
1091.62305	-9951.104049999998
1090.47949	-11070.87917
1089.33594	-12401.58771
1088.19238	-13702.958589999998
1087.04785	-14974.55145
1085.90332	-15779.97967
1084.75879	-16636.11137
1083.61426	-16889.23038
1082.46973	-17006.12358
1081.32422	-17133.48544
1080.17871	-16634.66672
1079.0332	-16410.79697
1077.88672	-15451.907310000002
1076.74023	-14193.555929999999
1075.59375	-12628.94354
1074.44727	-11218.50231
1073.30078	-9536.873039999999
1072.15332	-8389.555930000002
1071.00586	-7139.785690000004
1069.8584	-5733.579190000004
1068.70996	-5588.280010000002
1067.56152	-4719.995469999998
1066.41309	-4032.143820000001
1065.26465	-4190.822529999998
1064.11621	-3717.541730000001
1062.9668	-3528.766599999999
1061.81738	-3790.4440700000014
1060.66797	-3415.6872300000014
1059.51758	-3183.8820099999994
1058.36816	-2651.468790000001
1057.21777	-3460.24014
1056.06738	-2953.332159999999
1054.91602	-2824.77139
1053.76465	-2652.64959
1052.61328	-2620.031540000001
1051.46191	-1965.39282
1050.31055	-2160.3393800000003
1049.1582	-2036.7339500000003
1048.00586	-1966.2278900000001
1046.85352	-2113.0274500000005
1045.7002	-1789.6555899999998
1044.54785	-1976.90274
1043.39453	-1938.8177
1042.24023	-1944.897
1041.08691	-1850.6873699999999
1039.93262	-2000.6310099999998
1038.77832	-2144.8686800000005
1037.62402	-2207.80444
1036.46973	-2192.2354400000004
1035.31445	-2371.22244
1034.15918	-2545.9720400000006
1033.00391	-2624.0636600000007
1031.84766	-2645.02778
1030.69238	-2956.70099
1029.53613	-3218.0196
1028.37891	-3586.3063799999995
1027.22266	-3769.3075300000005
1026.06543	-3830.9217500000004
1024.9082	-3928.001910000001
1023.75098	-3595.6372499999998
1022.59375	-2988.95623
1021.43555	-2293.7036100000005
1020.27734	-2128.8053500000005
1019.11914	-2454.989300000001
1017.95996	-3094.929869999999
1016.80078	-3476.5489799999996
1015.6416	-4119.1456
1014.48242	-4201.666429999999
1013.32324	-4430.82526
1012.16309	-4377.05666
1011.00293	-4023.6143500000003
1009.84277	-3492.7278699999997
1008.68164	-2949.7010600000003
1007.52051	-2358.22314
1006.35938	-2086.78349
1005.19824	-1936.2757399999996
1004.03711	-1971.6728500000004
1002.875	-2193.3988099999997
1001.71289	-2400.8953
1000.55078	-2156.66144
999.3877	-756.5505199999989
998.22461	746.2636300000013
997.06152	874.6299700000018
995.89844	-641.9329300000009
994.73438	-3319.5723500000004
993.57129	-4325.25726
992.40723	-4860.35989
991.24219	-5207.61884
990.07813	-5544.72415
988.91309	-5776.83507
987.74805	-6190.60696
986.58301	-6159.90687
985.41699	-6195.5089100000005
984.25098	-6355.61648
983.08496	-6156.288780000001
981.91895	-5975.98759
980.75195	-5862.34066
979.58496	-5477.8232100000005
978.41797	-5157.55687
977.25098	-4905.66906
976.08301	-4585.95639
974.91504	-4374.14116
973.74707	-4128.828299999999
972.5791	-3976.62917
971.41016	-3526.00095
970.24219	-3329.45384
969.07227	-3160.74643
967.90332	-2799.48702
966.7334	-2374.9895
965.56348	-2306.70413
964.39356	-2119.49255
963.22363	-2026.5827499999998
962.05273	-1837.8886400000001
960.88184	-1677.3298
959.71094	-1481.56799
958.54004	-1462.58835
957.36816	-1108.83747
956.19629	-1139.79477
955.02441	-1022.9883799999999
953.85156	-996.0450700000001
952.67969	-981.67391
951.50684	-947.9203900000001
950.33398	-903.54556
949.16016	-933.44082
947.98633	-755.6247
946.8125	-857.57812
945.63867	-935.1593499999999
944.46484	-784.67828
943.29004	-860.10114
942.11523	-826.4271800000001
940.94043	-680.01521
939.76465	-737.26549
938.58887	-766.3642
937.41309	-711.09526
936.23731	-623.4680199999999
935.06055	-604.8096200000001
933.88379	-696.3761299999999
932.70703	-668.9464999999999
931.53027	-680.2184500000001
930.35254	-687.92779
929.17578	-589.58602
927.99805	-656.0368100000001
926.81934	-483.5497600000001
925.6416	-666.1629700000001
924.46289	-572.1828899999999
923.28418	-601.8051
922.10449	-598.56933
920.92481	-572.96408
919.74609	-583.51783
919.55176	-660.34759
918.38672	-657.02493
917.2207	-693.09502
916.05469	-800.01576
914.8877	-686.5242800000001
913.72168	-660.29355
912.55469	-643.60942
911.3877	-751.12434
910.2207	-603.88087
909.05273	-645.5334399999999
907.88574	-703.84995
906.71777	-685.0912800000001
905.54883	-630.89207
904.38086	-660.1433199999999
903.21191	-644.57354
902.04297	-597.25262
900.87402	-664.54668
899.7041	-606.1673999999999
898.53516	-502.52067999999997
897.36523	-536.5010599999999
896.19434	-540.4567199999999
895.02441	-501.67989
893.85352	-528.8339100000001
892.68262	-532.28706
891.51172	-339.50216
890.34082	-304.32137
889.16895	-376.65753
887.99707	-252.68219000000002
886.8252	-165.19930999999997
885.65332	-305.17646
884.48047	-153.9613
883.30762	-200.55957
882.13477	-76.54222999999999
880.96191	-87.27192
879.78809	-13.07179
878.61426	100.5856
877.44043	64.16454
876.2666	39.1732
875.0918	96.1696
873.91699	7.366529999999997
872.74219	153.54915
871.56738	205.38974
870.3916	130.33988
869.21582	-6.6991900000000015
868.04004	3.5050000000000003
866.86426	-55.32025
865.6875	91.29149000000001
864.51074	-2.0016899999999964
863.33398	31.790549999999996
862.15723	88.14077
860.97949	-52.392970000000005
859.80273	-116.02656999999999
858.625	63.8172
857.44629	31.60647
856.26856	-63.573
855.08984	-8.036090000000002
853.91113	-201.56825
852.73145	-168.1425
851.55273	-58.61426
850.37305	-190.27603
849.19336	-199.95127000000002
848.01367	-366.82506
846.83301	-407.53132
845.65234	-433.93903
844.47168	-642.0514400000001
843.29102	-575.4901199999999
842.11035	-609.22545
840.92871	-618.4953300000001
839.74707	-641.61722
838.56445	-673.54311
837.38281	-708.48154
836.2002	-808.87121
835.01758	-795.23473
833.83496	-898.79463
832.65137	-810.4433499999999
831.46777	-1039.95849
830.28418	-956.6762100000001
829.10059	-864.7275
827.91699	-1002.75821
826.73242	-1088.66251
825.54785	-961.2134700000001
824.36328	-925.69509
823.17773	-1041.6276699999999
821.99219	-981.16843
820.80664	-995.0447800000002
819.62109	-990.62398
818.43457	-1012.09025
817.24902	-975.53946
816.0625	-885.7276200000001
814.875	-916.08306
813.68848	-911.86111
812.50098	-817.9637299999999
811.31348	-859.0997100000001
810.12598	-815.13201
808.9375	-919.55376
807.74902	-790.7968800000001
806.56055	-865.7879800000001
805.37207	-995.1017600000001
804.18262	-1086.81087
802.99414	-1070.0621999999998
801.80371	-1105.1139
800.61426	-1103.6033
799.42481	-1024.16454
798.23438	-1121.27564
797.04395	-1048.39397
795.85254	-937.13882
794.66211	-934.3865
793.4707	-752.68965
792.2793	-749.1337599999999
791.08789	-614.88616
789.89551	-616.58217
788.70313	-545.61501
787.51074	-535.93854
786.31836	-705.93569
785.125	-611.52594
783.93164	-627.77027
782.73828	-508.53434
781.54492	-618.12418
780.35059	-601.63424
779.15625	-516.31971
777.96191	-825.57508
776.76758	-826.2164300000001
775.57227	-838.06642
774.37695	-1084.6407100000001
773.18164	-1210.9156699999999
771.98633	-1168.6513599999998
770.79004	-1273.2755300000001
769.59375	-1351.38248
768.39746	-1149.55356
767.20117	-1086.10059
766.00391	-954.8460699999999
764.80664	-990.1286699999999
763.60938	-888.06461
762.41211	-956.54293
761.21387	-1023.88796
760.01563	-760.85166
758.81738	-921.70005
757.61816	-876.77703
756.41992	-935.06815
755.2207	-884.17614
754.02148	-587.2049400000001
752.82129	-453.91797999999994
751.62109	-487.02479000000005
750.4209	-268.02643
749.2207	-459.05366000000015
748.02051	-490.17017999999996
746.81934	-585.97569
745.61816	-831.18107
744.41699	-750.1871900000001
743.21484	-937.67431
742.0127	-1086.7597
740.81055	-1075.49624
739.6084	-1209.8135
738.40625	-1265.0551
737.20313	-1323.75692
736.0	-1356.00204
734.7959	-1571.20927
733.59277	-1731.4897499999997
732.38867	-1812.9275699999998
731.18457	-1996.9653099999998
729.97949	-1981.29194
728.77539	-1752.59419
727.57031	-1681.9178900000002
726.36523	-1735.61916
725.16016	-1756.20896
723.9541	-1663.67568
722.74805	-1991.71602
721.54199	-1962.97683
720.33496	-1953.4948
719.12891	-2127.5203500000002
717.92188	-2087.9267
716.71484	-2204.1769400000003
715.50684	-2370.58257
714.29883	-2503.66892
713.09082	-2657.23466
711.88281	-2749.23772
710.67481	-3027.33323
709.46582	-3413.85063
708.25684	-3743.69284
707.04785	-4108.9717
705.83789	-4499.26489
704.62793	-5061.761710000001
703.41797	-5732.99521
702.20801	-6159.93151
700.99805	-6914.03075
699.78711	-7647.7724
698.57617	-8331.50334
697.36426	-8840.91712
696.15332	-9217.2662
694.94141	-9820.83152
693.72949	-10363.528040000001
692.5166	-10140.824
691.30469	-10107.02504
690.0918	-10082.183509999999
688.87891	-9637.145959999998
687.66504	-9074.223139999998
686.45117	-8220.45568
685.23731	-7466.4079600000005
684.02344	-6761.464290000001
682.80957	-6330.89952
681.59473	-5889.31904
680.37988	-5313.481890000001
679.16504	-5220.825330000001
677.94922	-4983.58059
676.7334	-4926.70235
675.51758	-4704.27531
674.30176	-4621.54432
673.08496	-4208.10215
671.86914	-3797.19002
670.65137	-3507.64864
669.43457	-3123.17543
668.2168	-2870.54627
667.0	-2644.02949
665.78125	-2281.5634299999997
664.56348	-2265.52432
663.34473	-1976.94525
662.12598	-1981.3535000000002
660.90723	-1751.27716
659.68848	-1592.31237
658.46875	-1356.77791
657.24902	-1451.41406
656.0293	-1271.55001
654.80859	-1145.2164599999999
653.58789	-1152.35599
652.36719	-1025.9376599999998
651.14648	-1049.7576999999999
649.92481	-1086.98066
648.7041	-1066.0829899999999
647.48242	-876.22723
646.25977	-991.23937
645.03711	-1033.2944
643.81543	-848.95272
642.5918	-923.5565999999999
641.36914	-943.6404499999999
640.14551	-927.51201
638.92188	-1053.8988100000001
637.69824	-1029.44978
636.47461	-1039.2333199999998
635.25	-988.3677599999999
634.02539	-887.6253999999999
632.80078	-650.8978
631.5752	-672.3607799999999
630.34961	-769.0195
629.12402	-723.06908
627.89844	-784.4140699999999
626.67188	-746.3624199999999
625.44531	-704.9127400000001
624.21875	-630.31239
622.99219	-749.74155
621.76465	-778.9077500000001
620.53711	-799.19164
619.30957	-549.4403199999999
618.08106	-429.11994
616.85254	-381.7967100000001
615.62402	-255.92236000000003
614.39551	-150.10325
613.16699	-29.12112000000002
611.9375	27.687619999999924
610.70801	-10.592840000000024
609.47754	140.58778
608.24805	54.817669999999964
607.01758	79.67744000000005
605.78711	107.22022000000001
604.55566	135.86032999999998
603.3252	255.67009
602.09375	300.45528
600.86133	295.78616
599.62988	320.26528
598.39746	456.95977999999997
597.16504	405.03728
595.93262	476.2537
594.69922	452.67861000000005
593.46582	485.84032
592.23242	472.49681000000004
590.99902	346.39254000000005
589.76465	317.56033
588.53027	132.85271
587.2959	6.271810000000002
586.06152	-55.820959999999985
584.82617	-86.27296
583.59082	11.03398
582.35547	-93.70701
581.11914	-240.34555
579.88281	-196.53854
578.64648	-147.87911
577.41016	-119.01838000000001
