2000.04395	44.56061
1901.7627	173.19252
1900.78027	-79.99315999999999
1899.79785	117.42666
1898.81543	5.9792599999999965
1897.83203	-112.21549999999999
1896.84961	-65.64582
1895.86621	6.822369999999999
1894.88281	-252.05372999999997
1893.89844	4.107299999999999
1892.91504	-109.22327
1891.93066	-149.58182
1890.94727	-107.06719
1889.96289	5.019670000000001
1888.97754	-150.99272
1887.99316	-85.79435000000001
1887.00781	-201.66647999999998
1886.02344	13.84684
1885.03809	110.49255
1884.05176	52.61571000000001
1883.06641	-80.99124
1882.08106	74.44255000000001
1881.09473	-187.00458
1880.1084	-2.172780000000003
1879.12207	8.871920000000003
1878.13574	28.790419999999997
1877.14844	19.70331
1876.16211	-90.35307
1875.17481	-145.06045
1874.1875	-134.98381
1873.19922	-95.36146
1872.21191	-10.367890000000001
1871.22363	-122.84135
1870.23633	32.84143
1869.24805	-94.19421
1868.25879	41.33374
1867.27051	-2.0111300000000014
1866.28223	196.64285999999998
1865.29297	-50.88904000000001
1864.30371	-36.23057
1863.31445	66.10967
1862.32422	19.393140000000002
1861.33496	-70.04452
1860.34473	79.84406
1859.35449	-80.10397
1858.36426	-8.904870000000003
1857.37402	-218.65931
1856.38379	-51.928020000000004
1855.39258	-135.83035
1854.40137	-51.487100000000005
1853.41016	37.49416999999999
1852.41895	53.30275999999999
1851.42676	-98.01112
1850.43555	-80.9614
1849.44336	-73.71146999999999
1848.45117	-81.73246999999999
1847.45898	-96.6982
1846.4668	-75.69930000000001
1845.47363	-38.4469
1844.48047	-74.45876
1843.48731	-20.91796
1842.49414	-197.88398
1841.50098	-73.58145
1840.50684	-205.09497
1839.51367	-237.6857
1838.51953	-125.95246
1837.52539	-43.92040000000001
1836.53027	-64.55111000000001
1835.53613	-161.8012
1834.54102	28.474550000000008
1833.5459	108.23807
1832.55078	-19.818129999999996
1831.55566	-118.30293999999999
1830.56055	-49.521589999999996
1829.56445	-136.29026
1828.56836	-166.24961
1827.57227	-106.93301999999998
1826.57617	-158.58793000000003
1825.58008	-18.949119999999994
1824.58301	12.13096
1823.58594	-118.03994999999999
1822.58887	129.31967
1821.5918	21.93754
1820.59473	-149.60955
1819.59668	-15.699370000000002
1818.59961	-177.05664000000002
1817.60156	-36.34166000000002
1816.60352	5.552960000000013
1815.60449	-120.96631000000002
1814.60645	-11.737039999999993
1813.60742	19.180289999999985
1812.6084	-98.63292
1811.60938	46.77292
1810.61035	-74.1668
1809.61035	-46.98000000000002
1808.61133	-24.099160000000012
1807.61133	-13.780280000000005
1806.61133	12.438649999999996
1805.61035	-147.45729999999998
1804.61035	5.267619999999994
1803.60938	-18.115109999999987
1802.6084	-43.609840000000005
1801.60742	-29.98137
1800.60645	-86.19094
1799.60547	-131.27078999999998
1798.60352	48.88948000000002
1797.60156	-65.07320999999999
1796.59961	-64.8904
1795.59766	-89.15888000000001
1794.5957	18.848709999999997
1793.59277	93.05766
1792.58984	-130.66199
1791.58789	4.070700000000002
1790.58398	-66.31927
1789.58106	-14.507720000000006
1788.57715	-47.53960999999998
1787.57422	-6.054209999999998
1786.57031	-87.04044999999999
1785.56641	-112.12485000000001
1784.56152	-24.43656
1783.55762	-161.05915
1782.55273	96.89403
1781.54785	-8.04137
1780.54297	-167.59726999999998
1779.53809	-39.140950000000004
1778.53223	2.220039999999999
1777.52734	-148.26628
1776.52148	-14.147719999999993
1775.51563	-72.91275
1774.50879	-3.98674
1773.50293	10.32285
1772.49609	-195.29713
1771.48926	-148.06871
1770.48242	-109.45211
1769.47559	-186.66387
1768.46777	-87.36646999999999
1767.46094	-100.20541
1766.45313	-25.67877999999999
1765.44531	-119.50573000000001
1764.4375	-59.369359999999986
1763.42871	-94.67476
1762.4209	49.32173999999999
1761.41211	-172.89478
1760.40332	-62.88849999999999
1759.39356	20.631470000000007
1758.38477	-134.38369
1757.375	-17.659789999999987
1756.36621	49.770300000000006
1755.35645	-37.918580000000006
1754.3457	77.11623
1753.33594	33.83146000000002
1752.3252	111.89289
1751.31543	25.262789999999995
1750.30469	256.85148000000004
1749.29297	100.67459000000001
1748.28223	97.36419999999998
1747.27051	123.96293
1746.25977	54.77826
1745.24805	170.78103
1744.23535	268.52891
1743.22363	114.24233
1742.21191	51.912220000000005
1741.19922	239.21715999999998
1740.18652	175.24521
1739.17383	44.6193
1738.16016	20.457250000000002
1737.14746	-79.78605
1736.13379	10.849129999999999
1735.12012	158.07375
1734.10645	224.05732
1733.0918	-69.91431
1732.07813	-19.91321
1731.06348	-77.62856
1730.04883	-55.1987
1729.03418	-101.89914
1728.01953	-145.76562
1727.00391	-125.7962
1725.98828	-97.88713
1724.97266	-9.197679999999998
1723.95703	17.461249999999993
1722.94141	-155.38644
1721.92481	-4.1969099999999955
1720.90918	-159.80659
1719.89258	-233.03331
1718.87598	-133.74809000000002
1717.8584	-59.45697999999999
1716.8418	-30.245630000000006
1715.82422	-146.01995999999997
1714.80664	-259.36628
1713.78906	-159.15268
1712.77051	-101.84284
1711.75293	-146.11096999999998
1710.73438	-232.99785999999997
1709.71582	18.08408000000003
1708.69727	-225.28753999999998
1707.67871	-283.44112
1706.65918	-303.15915999999993
1705.64063	-226.49433
1704.62109	-53.70898
1703.60059	-286.65430000000003
1702.58106	-394.85808
1701.56152	-249.09701
1700.54102	-168.94954
1699.52051	-338.1258
1698.5	-257.71541
1697.47852	-340.33765999999997
1696.45801	-158.61188999999996
1695.43652	-107.76813999999996
1694.41504	-195.38253000000003
1693.39356	-238.27742
1692.37207	-296.43789000000004
1691.34961	-363.46862999999996
1690.32715	-257.22004000000004
1689.30469	-399.18941
1688.28223	-276.55566
1687.25977	-306.8961800000001
1686.23633	-377.74481
1685.21387	-394.82554
1684.19043	-550.2881699999999
1683.16602	-396.60456
1682.14258	-386.20866
1681.11914	-310.65274999999997
1680.09473	-363.22468000000003
1679.07031	-542.37275
1678.0459	-439.60091
1677.02051	-380.7219799999999
1675.99609	-451.5779399999999
1674.9707	-466.8471599999999
1673.94531	-714.1086899999999
1672.91992	-462.33511
1671.89356	-655.8547799999999
1670.86816	-616.12786
1669.8418	-649.85377
1668.81543	-603.5196199999999
1667.78906	-727.3460799999999
1666.76172	-720.53702
1665.73535	-676.05319
1664.70801	-676.39942
1663.68066	-737.4197100000001
1662.65332	-710.8558400000001
1661.625	-813.8662300000001
1660.59766	-846.8562599999999
1659.56934	-766.9615200000001
1658.54102	-800.10863
1657.5127	-928.7121599999999
1656.4834	-955.8540899999999
1655.45508	-1212.92606
1654.42578	-1094.9236099999998
1653.39648	-932.4131699999999
1652.36621	-1309.1302500000002
1651.33691	-1178.6732900000002
1650.30664	-1399.69013
1649.27637	-1266.69162
1648.24609	-1461.6313400000001
1647.21582	-1480.01228
1646.18555	-1591.5411199999999
1645.1543	-1504.8959999999997
1644.12305	-1686.07323
1643.0918	-1562.33715
1642.06055	-1717.70736
1641.02832	-1807.9179599999998
1639.99707	-1872.4098
1638.96484	-1986.3212900000003
1637.93164	-1995.9753400000002
1636.89941	-1978.27488
1635.86719	-2100.46878
1634.83398	-2136.14224
1633.80078	-2100.28967
1632.76758	-2114.4788200000003
1631.73438	-2274.96105
1630.7002	-2486.22591
1629.66602	-2260.94247
1628.63184	-2436.8084999999996
1627.59766	-2368.7245
1626.56348	-2667.9699
1625.52832	-2836.4811799999998
1624.49316	-2897.4297599999995
1623.45801	-2886.98191
1622.42285	-2845.0538600000004
1621.3877	-3018.18765
1620.35156	-2927.77196
1619.31543	-2997.61546
1618.2793	-3385.5230800000004
1617.24316	-3617.7114100000003
1616.20703	-3715.8710200000005
1615.16992	-3869.7194600000003
1614.13281	-4008.4185700000003
1613.0957	-4169.89768
1612.05859	-4195.80433
1611.02051	-4446.57575
1609.9834	-4774.735070000001
1608.94531	-5051.88328
1607.90723	-5066.2766599999995
1606.86816	-5234.65185
1605.83008	-5560.717240000001
1604.79102	-5489.030380000001
1603.75195	-5817.63035
1602.71289	-6348.4889299999995
1601.67383	-6847.591179999999
1600.63379	-7237.59841
1599.59473	-7700.18959
1598.55469	-8201.24996
1597.51367	-8483.831409999999
1596.47363	-9535.044210000002
1595.43359	-10070.33723
1594.39258	-10375.797009999998
1593.35156	-11020.92294
1592.31055	-11513.270590000002
1591.26856	-12068.428090000001
1590.22754	-12111.921159999998
1589.18555	-12484.27752
1588.14356	-12406.95623
1587.10059	-12212.911039999999
1586.05859	-11932.461649999997
1585.01563	-11878.198329999996
1583.97266	-11790.207649999997
1582.92969	-11663.099160000002
1581.88672	-11048.713949999998
1580.84375	-10637.599170000001
1579.79981	-10110.901010000001
1578.75586	-10010.91175
1577.71191	-8884.027160000001
1576.66699	-7342.528409999999
1575.62305	-5528.347029999997
1574.57813	-4164.975760000001
1573.5332	-2669.0849599999965
1572.48828	-1568.5686199999982
1571.44336	-2269.93146
1570.39746	-3268.7841800000024
1569.35156	-4331.0290300000015
1568.30566	-4804.775740000001
1567.25977	-4966.19469
1566.21387	-5585.649590000001
1565.16699	-5938.115320000001
1564.12012	-5786.294969999999
1563.07324	-4942.2498700000015
1562.02637	-4949.05997
1560.97852	-4633.938380000001
1559.93066	-4478.052730000001
1558.88379	-4221.699270000001
1557.83496	-4107.046920000001
1556.78711	-4301.137139999999
1555.73926	-4803.76398
1554.69043	-4701.397239999999
1553.6416	-5330.172210000001
1552.59277	-5643.90975
1551.54297	-6031.28309
1550.49414	-6182.309749999999
1549.44434	-6541.9632
1548.39453	-7109.916150000001
1547.34473	-7380.96351
1546.29395	-7801.71676
1545.24414	-8469.09939
1544.19336	-8357.46071
1543.14258	-8749.7597
1542.09082	-8748.76433
1541.04004	-8539.29334
1539.98828	-8117.507100000001
1538.93652	-7791.380079999999
1537.88477	-7468.10947
1536.83301	-7613.174370000001
1535.78027	-6998.19575
1534.72754	-6460.503929999999
1533.67481	-5954.861860000001
1532.62207	-5566.666209999999
1531.56934	-5384.77561
1530.51563	-4920.61657
1529.46191	-4385.12244
1528.4082	-3973.6162100000006
1527.35449	-3724.5506900000005
1526.29981	-3364.73675
1525.24609	-3082.40455
1524.19141	-2693.0936100000004
1523.13672	-2630.8840900000005
1522.08106	-2339.5407499999997
1521.02637	-2497.84061
1519.9707	-2280.6466000000005
1518.91504	-2324.15942
1517.85938	-2163.17335
1516.80273	-1812.8222700000001
1515.74707	-1846.69846
1514.69043	-1808.0209
1513.63379	-1684.9198099999999
1512.57715	-1746.93785
1511.51953	-1509.53322
1510.46191	-1499.3498499999998
1509.40527	-1152.91916
1508.34668	-1437.28024
1507.28906	-1476.80004
1506.23145	-1288.05032
1505.17285	-1570.56964
1504.11426	-1497.5551699999999
1503.05566	-1440.8477699999999
1501.99609	-1572.77028
1500.9375	-1381.8566400000002
1499.87793	-1233.93818
1498.81836	-1142.54058
1497.75781	-1109.05202
1496.69824	-1010.89391
1495.6377	-1060.16801
1494.57715	-1124.05434
1493.5166	-1158.4891899999998
1492.45606	-1140.77013
1491.39453	-742.6765799999998
1490.33301	-652.30845
1489.27148	-654.9755300000002
1488.20996	-451.6655899999996
1487.14844	-560.09564
1486.08594	-15.622839999999997
1485.02344	-119.37129999999979
1483.96094	-426.14966000000004
1482.89844	-232.46853999999985
1481.83496	-166.71074
1480.77246	-293.55762000000004
1479.70898	-286.4336400000002
1478.64453	-306.17452000000003
1477.58106	-718.5029900000004
1476.51758	-826.7331200000003
1475.45313	-606.31754
1474.38867	-737.1071899999997
1473.32324	-838.9308499999997
1472.25879	-1033.6704999999997
1471.19336	-1195.4935299999997
1470.12793	-1346.9222800000002
1469.0625	-1649.75173
1467.99707	-1716.64124
1466.93066	-1773.3655600000002
1465.86523	-1938.44607
1464.79883	-1931.1111600000002
1463.73145	-2079.63873
1462.66504	-2287.4009699999997
1461.59766	-2308.4785
1460.53027	-2123.67468
1459.46289	-2199.0214499999997
1458.39551	-2009.32931
1457.32715	-2131.61896
1456.25977	-1762.01843
1455.19141	-1637.57307
1454.12305	-1185.65452
1453.05371	-1339.05474
1451.98535	-1219.8130099999998
1450.91602	-966.46484
1449.84668	-770.15257
1448.77637	-660.7163899999999
1447.70703	-610.24108
1446.63672	-775.42318
1445.56641	-637.37111
1444.49609	-563.22558
1443.42578	-563.54387
1442.35449	-546.32783
1441.2832	-466.49757000000005
1440.21191	-544.97487
1439.14063	-495.01806
1438.06934	-392.52460999999994
1436.99707	-715.74351
1435.92481	-746.36118
1434.85254	-565.1538499999999
1433.78027	-570.30161
1432.70703	-533.6099
1431.63379	-616.4433799999999
1430.56055	-783.04088
1429.48731	-437.94742
1428.41309	-432.7901
1427.33984	-450.52979999999997
1426.26563	-446.94246999999996
1425.19141	-421.19
1424.11621	-494.74748
1423.04199	-451.46218
1421.9668	-392.02603
1420.8916	-423.79464
1419.81641	-292.33736999999996
1418.74023	-217.42616999999998
1417.66504	-263.18949
1416.58887	-105.31690000000003
1415.5127	-316.63354000000004
1414.43555	-502.22731000000005
1413.35938	-329.00719
1412.28223	-338.48867
1411.20508	-338.57223000000005
1410.12793	-579.03438
1409.04981	-458.00696000000005
1407.97266	-870.0018399999999
1406.89453	-848.9514300000001
1405.81641	-1021.9988000000001
1404.73731	-1012.8635499999999
1403.65918	-924.3417400000001
1402.58008	-1072.57805
1401.50098	-1003.41602
1400.42188	-989.91433
1399.3418	-937.11773
1398.2627	-602.43631
1397.18262	-649.64942
1396.10254	-679.8903799999999
1395.02148	-420.60179999999997
1393.94141	-341.96593999999993
1392.86035	-372.96961
1391.7793	-255.17496000000003
1390.69824	-97.06245999999999
1389.61621	-156.96386
1388.53516	-305.66442000000006
1387.45313	-243.91424999999998
1386.37109	-131.69614
1385.28809	-46.25228000000004
1384.20606	-82.55630000000002
1383.12305	-57.20549999999997
1382.04004	15.23448000000002
1380.95703	-196.68282
1379.87305	-179.05791
1378.78906	-89.72421000000003
1377.70508	-391.72314
1376.62109	-189.89135999999996
1375.53711	-161.06522999999999
1374.45215	-215.45881000000003
1373.36719	-218.47606
1372.28223	-348.5257899999999
1371.19727	-447.55341999999996
1370.11231	-252.99881
1369.02637	-218.76561
1367.94043	-186.96529999999998
1366.85449	-215.62802999999997
1365.76758	-137.26198999999997
1364.68164	-385.90738
1363.59473	-260.45496
1362.50781	-184.28121000000002
1361.41992	-153.7738
1360.33301	-139.58028
1359.24512	-172.63557
1358.15723	-125.3335
1357.06934	31.242369999999994
1355.98145	83.46494000000001
1354.89258	-149.07431
1353.80371	-217.34208999999998
1352.71484	3.3737100000000027
1351.625	79.83703
1350.53613	-38.10583
1349.44629	-83.18908000000002
1348.35645	-102.27546999999998
1347.2666	-251.82388
1346.17578	-178.52831
1345.08594	-225.47359
1343.99512	-196.82099
1342.90332	-225.93144000000004
1341.8125	-243.31241
1340.7207	-190.63169
1339.62988	-313.21132
1338.53809	-135.34584999999998
1337.44531	-170.46678
1336.35352	-267.10133
1335.26074	-173.21806
1334.16797	-170.8572
1333.0752	-198.44664
1331.98145	-224.28057
1330.88867	-185.93314
1329.79492	-262.51979
1328.70117	-389.05201999999997
1327.60645	-168.81914
1326.5127	-191.75762
1325.41797	-316.88831
1324.32324	-221.82467
1323.22754	-405.28123999999997
1322.13281	-456.49348
1321.03711	-491.04479000000003
1319.94141	-477.35537000000005
1318.8457	-714.95975
1317.75	-595.32444
1316.65332	-840.71086
1315.55664	-866.3634999999999
1314.45996	-840.37855
1313.36328	-882.3569699999999
1312.26563	-946.0915
1311.16797	-998.1285300000001
1310.07031	-1058.38605
1308.97266	-1169.4099800000001
1307.87402	-1242.37382
1306.77637	-1234.0408
1305.67773	-1288.04181
1304.5791	-1183.95797
1303.47949	-1345.33229
1302.38086	-1336.8758
1301.28125	-1611.6019
1300.18164	-1596.9084699999999
1299.08106	-1645.8079699999998
1297.98145	-1591.57043
1296.88086	-1779.6111099999998
1295.78027	-1972.40571
1294.67969	-2156.76608
1293.57813	-2277.68656
1292.47656	-2374.32906
1291.375	-2549.7816999999995
1290.27344	-2761.5620799999997
1289.17188	-3011.8821500000004
1288.06934	-2806.4739500000005
1286.9668	-2738.2107700000006
1285.86426	-2820.2216
1284.76172	-2774.5463299999997
1283.6582	-2841.4398899999997
1282.55469	-2766.7695
1281.45117	-2765.94816
1280.34766	-2810.85354
1279.24414	-2533.83178
1278.13965	-2209.5949499999997
1277.03516	-2282.43825
1275.93066	-1886.66335
1274.8252	-1577.4409800000003
1273.7207	-1375.5957600000002
1272.61523	-1411.68376
1271.50879	-1421.3137700000002
1270.40332	-1327.21911
1269.29785	-1273.18048
1268.19141	-1280.4770700000001
1267.08496	-1145.59949
1265.97754	-1092.6632
1264.87109	-976.47092
1263.76367	-1041.9820399999999
1262.65625	-873.95736
1261.54883	-904.15375
1260.44043	-1031.28105
1259.33301	-1020.571
1258.22461	-915.6178
1257.11523	-969.4291999999999
1256.00684	-999.22497
1254.89746	-1053.91752
1253.78809	-1058.92386
1252.67871	-986.45349
1251.56934	-999.38698
1250.45898	-872.79422
1249.34961	-813.7668100000001
1248.23926	-867.81344
1247.12793	-676.49661
1246.01758	-747.4711
1244.90625	-534.8126500000001
1243.79492	-598.4751200000001
1242.68359	-585.90042
1241.57129	-546.89436
1240.45996	-412.9627
1239.34766	-476.45579
1238.23438	-386.77903000000003
1237.12207	-450.22939
1236.00879	-464.30036
1234.89648	-499.14081000000004
1233.78223	-450.18116999999995
1232.66895	-564.83826
1231.55566	-536.82842
1230.44141	-396.18350000000004
1229.32715	-352.24423
1228.21191	-447.12435999999997
1227.09766	-482.67538
1225.98242	-571.30115
1224.86719	-427.80937
1223.75195	-388.90106
1222.63574	-332.44573
1221.52051	-323.34312
1220.4043	-373.98598
1219.28711	-257.72609
1218.1709	-316.6118
1217.05371	-295.27540999999997
1215.93652	-433.10345
1214.81934	-427.14958
1213.70215	-563.00888
1212.58398	-724.7180900000001
1211.46582	-608.79485
1210.34766	-625.2378699999999
1209.22949	-669.4204699999999
1208.11035	-747.1569099999999
1206.99219	-746.79167
1205.87305	-859.3936800000001
1204.75293	-928.2457299999999
1203.63379	-1089.9139800000003
1202.51367	-1249.57815
1201.39356	-1462.8773199999998
1200.27344	-1570.1300499999998
1199.15234	-1768.32858
1198.03223	-2006.0521700000002
1196.91113	-2029.28292
1195.79004	-2374.87845
1194.66797	-2590.87551
1193.5459	-2819.93943
1192.42481	-2909.8005399999997
1191.30176	-3028.0805599999994
1190.17969	-3127.8213800000003
1189.05664	-3375.8179400000004
1187.93359	-3393.35524
1186.81055	-3404.6499200000003
1185.6875	-3189.7954699999996
1184.56348	-3138.5699799999998
1183.44043	-2916.15714
1182.31641	-2877.3971899999997
1181.19141	-2668.9814499999998
1180.06738	-2349.3779099999997
1178.94238	-2025.15836
1177.81738	-1657.87682
1176.69238	-1338.6145900000001
1175.56641	-1083.1265499999997
1174.44043	-1017.5531899999999
1173.31445	-840.8845
1172.18848	-683.11401
1171.0625	-630.9316000000001
1169.93555	-617.4389499999999
1168.80859	-584.7070399999999
1167.68164	-730.6406299999999
1166.55371	-604.29872
1165.42676	-471.93005
1164.29883	-548.4821900000001
1163.1709	-449.47970999999995
1162.04199	-429.80886
1160.91406	-437.34070999999994
1159.78516	-464.31366
1158.65625	-324.9701600000001
1157.52637	-196.96217000000001
1156.39746	-120.79611999999997
1155.26758	-96.34437
1154.1377	-56.22923
1153.00684	-1.323350000000005
1151.87695	-1.7452699999999766
1150.74609	53.53406
1149.61523	-26.484720000000003
1148.48438	21.98937
1147.35254	109.66068
1146.2207	133.85764
1145.08887	90.57961
1143.95703	99.34338
1142.8252	52.95402
1141.69238	66.10695999999999
1140.55957	121.97245000000001
1139.42676	31.042059999999992
1138.29297	76.12571
1137.15918	-84.33685
1136.02539	-115.14741999999998
1134.8916	-115.12421
1133.75781	-251.73881
1132.62305	-289.98601
1131.48828	-468.80497
1130.35352	-689.4823500000001
1129.21777	-674.3055800000001
1128.08301	-640.0949199999999
1126.94727	-636.4244000000001
1125.81152	-751.5246999999999
1124.67481	-688.9034399999999
1123.53906	-611.91607
1122.40234	-575.8066900000001
1121.26563	-667.1052000000002
1120.12793	-685.76828
1118.99023	-604.72749
1117.85352	-667.2473100000002
1116.71484	-647.0964200000003
1115.57715	-751.7650800000001
1114.43945	-882.9735000000001
1113.30078	-842.7172999999998
1112.16211	-1112.7299300000004
1111.02246	-1200.2355400000001
1109.88379	-1291.6353699999995
1108.74414	-1336.2758599999997
1107.60449	-1503.8654900000001
1106.46387	-1766.00146
1105.32422	-1923.7656199999997
1104.18359	-1953.1888600000002
1103.04297	-2193.9600299999997
1101.90234	-2607.5732900000003
1100.76074	-2816.8516499999996
1099.61914	-3184.2478899999996
1098.47754	-3485.16175
1097.33594	-4151.534739999999
1096.19336	-4892.3484100000005
1095.05176	-5655.640670000001
1093.90918	-6520.41392
1092.76563	-7634.78432
1091.62305	-8674.16117
1090.47949	-10058.17263
1089.33594	-11174.664369999999
1088.19238	-12227.099209999998
1087.04785	-13360.62615
1085.90332	-14193.664240000002
1084.75879	-14997.97807
1083.61426	-15176.24307
1082.46973	-15225.979050000002
1081.32422	-15280.0372
1080.17871	-14979.43919
1079.0332	-14475.977629999998
1077.88672	-13145.56552
1076.74023	-12115.657499999998
1075.59375	-10771.53143
1074.44727	-9223.166369999999
1073.30078	-8142.332030000001
1072.15332	-6757.0989000000045
1071.00586	-5323.0278800000015
1069.8584	-4742.544040000001
1068.70996	-4044.7096900000033
1067.56152	-3888.7923499999997
1066.41309	-3552.0227300000006
1065.26465	-3253.8850299999976
1064.11621	-2755.9128200000014
1062.9668	-2496.35254
1061.81738	-2347.737040000002
1060.66797	-2211.0563700000002
1059.51758	-1733.7365100000006
1058.36816	-1199.5928200000017
1057.21777	-1871.3778399999992
1056.06738	-1493.6588199999997
1054.91602	-1481.4193399999995
1053.76465	-1445.3424599999998
1052.61328	-1300.3918900000008
1051.46191	-748.2062999999998
1050.31055	-1088.6687200000006
1049.1582	-987.1922000000004
1048.00586	-1073.5543100000004
1046.85352	-1067.37316
1045.7002	-930.0603699999997
1044.54785	-858.9745200000002
1043.39453	-973.05537
1042.24023	-1134.9248399999997
1041.08691	-1062.76318
1039.93262	-1261.74453
1038.77832	-1392.8937100000003
1037.62402	-1432.87939
1036.46973	-1468.2852400000002
1035.31445	-1896.0663100000002
1034.15918	-1892.0101300000001
1033.00391	-2062.8124300000004
1031.84766	-2273.6664499999997
1030.69238	-2627.30451
1029.53613	-2938.35114
1028.37891	-3073.31834
1027.22266	-3797.3758900000003
1026.06543	-4172.069700000001
1024.9082	-4640.404740000001
1023.75098	-4670.93413
1022.59375	-4243.757009999999
1021.43555	-3429.08057
1020.27734	-3283.957699999999
1019.11914	-3038.468790000001
1017.95996	-2841.3844599999993
1016.80078	-3112.91324
1015.6416	-3845.93076
1014.48242	-3933.1840099999995
1013.32324	-4001.8030400000002
1012.16309	-3743.15139
1011.00293	-3505.5061900000005
1009.84277	-2941.2610799999998
1008.68164	-2406.01893
1007.52051	-1868.8037100000001
1006.35938	-1737.5432499999997
1005.19824	-1833.3365299999996
1004.03711	-1585.5290600000003
1002.875	-2176.60292
1001.71289	-2613.1745999999994
1000.55078	-2884.0256999999983
999.3877	-2864.4343100000006
998.22461	-1849.1133200000004
997.06152	-1232.1971799999992
995.89844	-1840.3596900000011
994.73438	-3321.1548700000003
993.57129	-4420.71917
992.40723	-4863.22805
991.24219	-5022.22846
990.07813	-5445.25967
988.91309	-5668.63207
987.74805	-5871.1321100000005
986.58301	-5957.96339
985.41699	-6001.677970000001
984.25098	-5942.53774
983.08496	-5699.690140000001
981.91895	-5529.48221
980.75195	-5393.9114
979.58496	-4987.24704
978.41797	-4857.30956
977.25098	-4534.26794
976.08301	-4269.78936
974.91504	-4030.43627
973.74707	-3861.5442799999996
972.5791	-3585.4833900000003
971.41016	-3284.56064
970.24219	-3106.2465700000002
969.07227	-3024.1189600000002
967.90332	-2514.39712
966.7334	-2197.81576
965.56348	-2097.14395
964.39356	-1921.3850999999997
963.22363	-1740.75229
962.05273	-1686.1351900000002
960.88184	-1539.18551
959.71094	-1338.86005
958.54004	-1306.5636399999999
957.36816	-952.56983
956.19629	-953.78396
955.02441	-791.9483399999999
953.85156	-798.32257
952.67969	-831.3592800000001
951.50684	-721.0494500000001
950.33398	-634.9810500000001
949.16016	-796.8426800000001
947.98633	-804.2775
946.8125	-780.19451
945.63867	-859.9070899999999
944.46484	-754.19714
943.29004	-751.29197
942.11523	-775.1152000000001
940.94043	-730.70451
939.76465	-637.33428
938.58887	-715.91831
937.41309	-811.6117100000001
936.23731	-505.1971699999999
935.06055	-613.6074400000001
933.88379	-741.5565499999999
932.70703	-719.5917299999999
931.53027	-642.37638
930.35254	-680.9760099999999
929.17578	-530.81381
927.99805	-528.0716600000001
926.81934	-648.0269000000001
925.6416	-602.9173900000001
924.46289	-691.2468799999999
923.28418	-446.83009999999996
922.10449	-574.50891
920.92481	-706.46292
919.74609	-718.7692999999999
919.55176	-627.7729099999999
918.38672	-610.6826
917.2207	-463.86661
916.05469	-633.7835
914.8877	-604.69054
913.72168	-562.71223
912.55469	-788.93613
911.3877	-570.1653799999999
910.2207	-694.568
909.05273	-593.69931
907.88574	-753.12538
906.71777	-600.4891700000001
905.54883	-710.32934
904.38086	-671.9001
903.21191	-540.3508899999999
902.04297	-555.5464199999999
900.87402	-422.00063000000006
899.7041	-505.6893799999999
898.53516	-329.74361
897.36523	-307.55751
896.19434	-330.8249599999999
895.02441	-375.38436
893.85352	-267.61487000000005
892.68262	-302.63626
891.51172	-179.59310000000002
890.34082	-49.13741999999996
889.16895	-132.91231
887.99707	-225.13442000000003
886.8252	-123.71249999999998
885.65332	-161.97015
884.48047	-68.04244999999999
883.30762	-23.173720000000003
882.13477	-31.75436
880.96191	11.122800000000005
879.78809	37.58294
878.61426	3.550939999999997
877.44043	9.904850000000003
876.2666	-1.736650000000001
875.0918	97.60121
873.91699	13.802579999999995
872.74219	170.57085
871.56738	106.22285
870.3916	134.33114999999998
869.21582	5.965889999999998
868.04004	43.3583
866.86426	-60.77624
865.6875	-3.4571300000000003
864.51074	-13.514919999999996
863.33398	-2.4129600000000053
862.15723	-60.27390999999999
860.97949	3.167869999999999
859.80273	-200.20713
858.625	-109.14206
857.44629	-90.46258
856.26856	-81.43198
855.08984	-59.02154
853.91113	-220.58802
852.73145	-112.51678000000001
851.55273	-56.122760000000014
850.37305	-181.80536
849.19336	-314.45243000000005
848.01367	-422.45784000000003
846.83301	-469.13029
845.65234	-415.11163999999997
844.47168	-545.47536
843.29102	-533.97871
842.11035	-540.29559
840.92871	-634.74361
839.74707	-606.6665
838.56445	-829.24315
837.38281	-785.00494
836.2002	-835.2048100000001
835.01758	-861.24693
833.83496	-792.02658
832.65137	-812.5799
831.46777	-991.11849
830.28418	-972.07221
829.10059	-896.86916
827.91699	-931.23633
826.73242	-873.8680200000001
825.54785	-863.0581400000001
824.36328	-937.56951
823.17773	-974.58555
821.99219	-911.0376299999999
820.80664	-904.6135700000001
819.62109	-803.3870099999999
818.43457	-903.6634899999999
817.24902	-777.32431
816.0625	-722.5822400000001
814.875	-765.61248
813.68848	-813.18588
812.50098	-751.1887499999999
811.31348	-742.1609800000001
810.12598	-757.87673
808.9375	-894.4778900000001
807.74902	-856.01358
806.56055	-885.12414
805.37207	-908.37021
804.18262	-827.3486599999999
802.99414	-912.7756899999999
801.80371	-1038.93846
800.61426	-1049.2946200000001
799.42481	-1117.60122
798.23438	-1043.81094
797.04395	-970.6526700000002
795.85254	-839.3097300000001
794.66211	-857.6243
793.4707	-686.7044800000001
792.2793	-805.66179
791.08789	-771.49791
789.89551	-635.9287
788.70313	-541.7410100000001
787.51074	-492.20772999999997
786.31836	-523.96621
785.125	-493.51928
783.93164	-493.63480999999996
782.73828	-458.91432999999995
781.54492	-616.24549
780.35059	-518.00114
779.15625	-484.09743
777.96191	-587.55688
776.76758	-739.7768100000001
775.57227	-915.63437
774.37695	-972.50093
773.18164	-1131.6807199999998
771.98633	-1146.5314799999999
770.79004	-1107.16576
769.59375	-1110.93225
768.39746	-1015.4145599999999
767.20117	-948.68133
766.00391	-1025.9273899999998
764.80664	-939.85827
763.60938	-754.54924
762.41211	-817.21426
761.21387	-809.9021200000001
760.01563	-653.9281100000001
758.81738	-637.0787600000001
757.61816	-570.88835
756.41992	-459.76726999999994
755.2207	-274.7638800000001
754.02148	-198.58009000000004
752.82129	11.161060000000134
751.62109	112.67942999999991
750.4209	279.0051900000001
749.2207	181.91752999999994
748.02051	-173.06184000000007
746.81934	-276.07382999999993
745.61816	-372.18021
744.41699	-508.43181000000004
743.21484	-890.94385
742.0127	-943.2152100000001
740.81055	-960.38857
739.6084	-1132.39919
738.40625	-1061.60228
737.20313	-1162.47738
736.0	-1213.5184000000002
734.7959	-1428.9294800000002
733.59277	-1461.22604
732.38867	-1431.0602999999999
731.18457	-1517.28876
729.97949	-1519.52755
728.77539	-1335.71371
727.57031	-1290.34707
726.36523	-1242.21788
725.16016	-1362.20127
723.9541	-1348.2664100000002
722.74805	-1528.16964
721.54199	-1418.0519900000002
720.33496	-1644.13619
719.12891	-1669.80807
717.92188	-1678.1069899999998
716.71484	-1861.3209900000002
715.50684	-2027.79004
714.29883	-2262.15101
713.09082	-2369.13904
711.88281	-2464.60705
710.67481	-2745.7974200000003
709.46582	-3106.26042
708.25684	-3483.61087
707.04785	-3742.56371
705.83789	-4159.17108
704.62793	-4652.69451
703.41797	-5223.25079
702.20801	-5628.76587
700.99805	-6453.25249
699.78711	-7160.173279999999
698.57617	-7789.29399
697.36426	-8271.500610000001
696.15332	-8481.31161
694.94141	-9206.296859999999
693.72949	-9923.63741
692.5166	-10111.63015
691.30469	-10218.122210000001
690.0918	-10137.57462
688.87891	-9666.62887
687.66504	-9008.651849999998
686.45117	-8007.27599
685.23731	-7337.3142100000005
684.02344	-6551.699880000001
682.80957	-5975.291859999999
681.59473	-5671.71625
680.37988	-5115.168170000001
679.16504	-5089.1444200000005
677.94922	-4856.36208
676.7334	-4690.19124
675.51758	-4640.45744
674.30176	-4416.7649
673.08496	-4093.81992
671.86914	-3911.1977100000004
670.65137	-3425.62459
669.43457	-2937.2443999999996
668.2168	-2589.85603
667.0	-2216.1738699999996
665.78125	-1973.3265499999998
664.56348	-1845.58585
663.34473	-1529.8084999999999
662.12598	-1546.1484500000001
660.90723	-1367.4403900000002
659.68848	-1234.8940400000001
658.46875	-1101.2683900000002
657.24902	-1344.6996399999998
656.0293	-1190.76055
654.80859	-1162.40021
653.58789	-1102.47452
652.36719	-949.8239299999999
651.14648	-911.00114
649.92481	-927.9757999999999
648.7041	-950.03764
647.48242	-817.9487799999999
646.25977	-867.3540499999999
645.03711	-922.89157
643.81543	-827.39425
642.5918	-798.40346
641.36914	-646.9438599999999
640.14551	-651.86116
638.92188	-522.70368
637.69824	-580.99314
636.47461	-557.6693299999998
635.25	-626.2635499999999
634.02539	-320.43592999999987
632.80078	-397.40725999999995
631.5752	-333.3060899999999
630.34961	-471.99416999999994
629.12402	-514.3817
627.89844	-467.6872699999999
626.67188	-436.0828499999999
625.44531	-372.3788400000001
624.21875	-318.40199000000007
622.99219	-361.53483000000006
621.76465	-416.4369600000001
620.53711	-356.64632000000006
619.30957	-167.78445999999997
618.08106	-96.26226999999994
616.85254	71.10380999999995
615.62402	94.66917000000001
614.39551	148.60744999999997
613.16699	238.17636000000005
611.9375	219.7063599999999
610.70801	356.78198000000003
609.47754	336.3394200000001
608.24805	262.46494999999993
607.01758	306.10026000000005
605.78711	332.73581
604.55566	393.54657999999995
603.3252	217.96815999999998
602.09375	349.78301
600.86133	281.98022000000003
599.62988	301.00725
598.39746	259.22834
597.16504	211.89711000000003
595.93262	228.24763000000002
594.69922	239.72735
593.46582	289.96755
592.23242	339.90794
590.99902	221.49891
589.76465	113.37498
588.53027	-2.4078700000000026
587.2959	45.45161
586.06152	-2.2572299999999927
584.82617	31.94654
583.59082	79.94794999999999
582.35547	-101.3742
581.11914	-193.54801
579.88281	-184.94987
578.64648	-89.51651
577.41016	-54.26935
