2000.04395	56.52463
1901.7627	-50.26985
1900.78027	-136.10708
1899.79785	-41.33818
1898.81543	-111.85437
1897.83203	-14.0077
1896.84961	-45.57454
1895.86621	70.37154
1894.88281	-147.41689
1893.89844	-27.49518
1892.91504	-199.22534000000002
1891.93066	-127.89551
1890.94727	-75.67143999999999
1889.96289	-53.37037
1888.97754	-114.60255999999998
1887.99316	59.9501
1887.00781	-150.38667999999998
1886.02344	-87.48146
1885.03809	-75.42670000000001
1884.05176	-103.83731
1883.06641	-135.20769
1882.08106	90.95039
1881.09473	-77.94636
1880.1084	-6.541119999999999
1879.12207	21.989720000000005
1878.13574	27.93225
1877.14844	-89.54889
1876.16211	-14.924730000000002
1875.17481	-61.72616
1874.1875	-157.48572000000001
1873.19922	-49.38196
1872.21191	2.466929999999998
1871.22363	-14.8949
1870.23633	-78.55338
1869.24805	-20.96747
1868.25879	-63.547439999999995
1867.27051	-89.10432
1866.28223	-97.42815
1865.29297	-39.54634
1864.30371	-2.2528900000000007
1863.31445	9.192239999999998
1862.32422	-26.93816
1861.33496	-33.343920000000004
1860.34473	-27.385299999999994
1859.35449	-116.37792999999999
1858.36426	83.67636999999999
1857.37402	101.65784999999998
1856.38379	-17.80583
1855.39258	-6.703649999999996
1854.40137	-13.081440000000004
1853.41016	76.82987999999999
1852.41895	-190.8894
1851.42676	-191.80189000000001
1850.43555	-111.16631
1849.44336	-90.95758000000001
1848.45117	-112.53366
1847.45898	-174.77886
1846.4668	-75.84441000000001
1845.47363	-88.2974
1844.48047	-53.66398
1843.48731	-124.4519
1842.49414	33.84089999999999
1841.50098	12.127979999999994
1840.50684	-8.014710000000008
1839.51367	-56.751239999999996
1838.51953	-98.22848
1837.52539	116.67818999999999
1836.53027	87.04459999999999
1835.53613	-161.00786
1834.54102	-71.05694
1833.5459	42.898889999999994
1832.55078	-65.42154
1831.55566	-40.96674999999999
1830.56055	189.08274999999998
1829.56445	121.87044000000002
1828.56836	-87.75824999999999
1827.57227	-71.32426999999998
1826.57617	-141.89863000000003
1825.58008	-131.54122999999998
1824.58301	129.95261
1823.58594	100.59889000000001
1822.58887	108.31187
1821.5918	-22.981280000000012
1820.59473	-10.01567
1819.59668	71.11531
1818.59961	-30.47633000000002
1817.60156	-40.81023000000002
1816.60352	-39.82145999999999
1815.60449	-121.10569000000001
1814.60645	-136.64607999999998
1813.60742	-122.82374
1812.6084	12.57240999999999
1811.60938	100.0668
1810.61035	24.017380000000003
1809.61035	-188.52942000000002
1808.61133	51.27287999999999
1807.61133	-22.800629999999998
1806.61133	136.46733
1805.61035	37.82814000000002
1804.61035	-51.66734000000001
1803.60938	17.140010000000018
1802.6084	59.85584999999999
1801.60742	-47.01178
1800.60645	31.681279999999987
1799.60547	-262.86303999999996
1798.60352	-69.65767
1797.60156	110.86852000000002
1796.59961	88.11794
1795.59766	-2.07107000000002
1794.5957	44.739850000000004
1793.59277	74.39495
1792.58984	-201.08281
1791.58789	62.95131000000001
1790.58398	-104.60192
1789.58106	-30.882319999999993
1788.57715	-65.90036999999998
1787.57422	-143.15371
1786.57031	66.58760000000001
1785.56641	-24.99944
1784.56152	50.87413
1783.55762	-102.38734
1782.55273	112.68968
1781.54785	57.58427999999999
1780.54297	-56.98973
1779.53809	-40.56375
1778.53223	100.30193
1777.52734	-81.50731999999999
1776.52148	-102.34134999999999
1775.51563	-26.226349999999996
1774.50879	-93.33317
1773.50293	88.91145999999999
1772.49609	-67.63662000000001
1771.48926	-42.64711
1770.48242	-31.081059999999994
1769.47559	-42.85500000000002
1768.46777	-63.286339999999996
1767.46094	-65.40695
1766.45313	17.387170000000026
1765.44531	-129.90087
1764.4375	14.229150000000004
1763.42871	8.298369999999977
1762.4209	-88.5906
1761.41211	-163.07377
1760.40332	-123.41218999999998
1759.39356	-34.48599999999999
1758.38477	-61.022249999999985
1757.375	115.39518999999999
1756.36621	36.47654999999999
1755.35645	29.63936000000001
1754.3457	128.40691
1753.33594	52.22836000000001
1752.3252	139.92347
1751.31543	86.50313
1750.30469	232.99528999999998
1749.29297	105.16574
1748.28223	28.48633999999999
1747.27051	102.20713
1746.25977	-87.69660999999999
1745.24805	172.14764
1744.23535	144.36905
1743.22363	124.29132
1742.21191	2.4650800000000004
1741.19922	47.614569999999986
1740.18652	91.64597
1739.17383	116.11607000000001
1738.16016	-64.47931999999999
1737.14746	84.54590999999999
1736.13379	9.24307
1735.12012	-99.05861
1734.10645	79.18575
1733.0918	-31.92076
1732.07813	-204.47914
1731.06348	-171.3804
1730.04883	-112.40061
1729.03418	-285.11663999999996
1728.01953	-184.22222
1727.00391	-0.757000000000005
1725.98828	25.7699
1724.97266	-159.95093
1723.95703	-111.18499
1722.94141	-210.23352
1721.92481	-171.11381999999998
1720.90918	-118.99718999999999
1719.89258	-306.71173999999996
1718.87598	-209.08299000000002
1717.8584	-192.89184999999998
1716.8418	-320.49019
1715.82422	-315.84184
1714.80664	-398.10284
1713.78906	-313.81842
1712.77051	-230.20506
1711.75293	-433.66723
1710.73438	-355.8356
1709.71582	-172.43738
1708.69727	-420.15271
1707.67871	-386.50699000000003
1706.65918	-389.5419099999999
1705.64063	-329.0478
1704.62109	-369.37914
1703.60059	-484.90995000000004
1702.58106	-471.07498
1701.56152	-374.37882
1700.54102	-516.6508
1699.52051	-385.90594
1698.5	-394.41339
1697.47852	-469.95642999999995
1696.45801	-545.66369
1695.43652	-426.88197999999994
1694.41504	-451.27939000000003
1693.39356	-459.06721
1692.37207	-491.50829000000004
1691.34961	-642.74046
1690.32715	-531.8340000000001
1689.30469	-587.34196
1688.28223	-602.6485700000001
1687.25977	-805.93915
1686.23633	-561.40454
1685.21387	-636.95404
1684.19043	-673.3825199999999
1683.16602	-634.19672
1682.14258	-710.2420400000001
1681.11914	-779.4486899999999
1680.09473	-738.7084500000001
1679.07031	-868.90508
1678.0459	-887.4757599999999
1677.02051	-1061.8293999999999
1675.99609	-885.49786
1674.9707	-970.71709
1673.94531	-1171.35171
1672.91992	-940.5395199999999
1671.89356	-1019.86599
1670.86816	-1129.2115900000001
1669.8418	-1239.73937
1668.81543	-1009.3643
1667.78906	-949.2039299999999
1666.76172	-1075.02882
1665.73535	-1198.0108599999999
1664.70801	-1049.30567
1663.68066	-1068.3210100000001
1662.65332	-1027.65626
1661.625	-1109.57766
1660.59766	-1395.8009499999998
1659.56934	-1080.8750300000002
1658.54102	-1109.13665
1657.5127	-1272.33594
1656.4834	-1303.8235799999998
1655.45508	-1379.39798
1654.42578	-1286.61856
1653.39648	-1119.10501
1652.36621	-1344.54096
1651.33691	-1371.50794
1650.30664	-1406.4289
1649.27637	-1384.33194
1648.24609	-1646.02013
1647.21582	-1482.9382999999998
1646.18555	-1443.18266
1645.1543	-1564.5953399999999
1644.12305	-1747.4188199999999
1643.0918	-1673.96044
1642.06055	-1909.6580400000003
1641.02832	-1971.2471799999998
1639.99707	-1990.8752499999998
1638.96484	-2131.6743100000003
1637.93164	-2047.7732000000003
1636.89941	-2100.84739
1635.86719	-2048.4293500000003
1634.83398	-2245.00393
1633.80078	-2381.50317
1632.76758	-2429.15387
1631.73438	-2655.40416
1630.7002	-2747.4049800000003
1629.66602	-2689.47213
1628.63184	-2829.1957099999995
1627.59766	-2895.90773
1626.56348	-3242.0525400000006
1625.52832	-3210.25242
1624.49316	-3440.3856899999996
1623.45801	-3291.9252699999997
1622.42285	-3356.6604300000004
1621.3877	-3470.1830099999997
1620.35156	-3846.2185
1619.31543	-3657.8685100000002
1618.2793	-3812.9889000000003
1617.24316	-3950.7800100000004
1616.20703	-4108.99444
1615.16992	-4444.97789
1614.13281	-4385.3914700000005
1613.0957	-4615.89206
1612.05859	-4816.70326
1611.02051	-5004.98615
1609.9834	-5418.00167
1608.94531	-5595.69968
1607.90723	-5618.80474
1606.86816	-6000.658200000001
1605.83008	-6448.001170000001
1604.79102	-6688.42589
1603.75195	-7110.41575
1602.71289	-7631.0607
1601.67383	-8170.46471
1600.63379	-8867.352319999998
1599.59473	-9328.63344
1598.55469	-10338.467249999998
1597.51367	-11095.07995
1596.47363	-12284.680930000002
1595.43359	-12700.99641
1594.39258	-13229.586069999998
1593.35156	-13930.07919
1592.31055	-14672.794030000001
1591.26856	-14452.3275
1590.22754	-14686.37234
1589.18555	-14739.85956
1588.14356	-14781.774589999997
1587.10059	-14232.168849999998
1586.05859	-14100.592509999999
1585.01563	-13917.704189999997
1583.97266	-13723.973269999999
1582.92969	-13342.144079999998
1581.88672	-12981.61825
1580.84375	-12322.585490000001
1579.79981	-12317.401010000001
1578.75586	-12129.6266
1577.71191	-11379.585760000002
1576.66699	-10635.79794
1575.62305	-9925.540389999998
1574.57813	-9768.52264
1573.5332	-9869.541989999998
1572.48828	-9420.769799999998
1571.44336	-9344.550599999999
1570.39746	-9883.780270000003
1569.35156	-9883.132550000002
1568.30566	-10020.947620000003
1567.25977	-9985.839220000002
1566.21387	-10075.27263
1565.16699	-9970.91415
1564.12012	-9659.173879999998
1563.07324	-8830.9608
1562.02637	-8584.1918
1560.97852	-8163.824130000001
1559.93066	-7722.409180000001
1558.88379	-7420.05327
1557.83496	-6878.47758
1556.78711	-6613.7997399999995
1555.73926	-6899.3933799999995
1554.69043	-6864.8884499999995
1553.6416	-7060.084320000001
1552.59277	-7284.34823
1551.54297	-7668.7513500000005
1550.49414	-7955.642269999999
1549.44434	-8305.29133
1548.39453	-8847.22035
1547.34473	-9299.28627
1546.29395	-9698.36861
1545.24414	-9827.54006
1544.19336	-9728.29372
1543.14258	-10082.85906
1542.09082	-9944.009699999999
1541.04004	-9598.9242
1539.98828	-9455.16237
1538.93652	-8820.564769999999
1537.88477	-8650.07932
1536.83301	-8436.67681
1535.78027	-8065.1374
1534.72754	-7359.70839
1533.67481	-7247.05791
1532.62207	-6793.117389999999
1531.56934	-6720.160749999999
1530.51563	-6373.88439
1529.46191	-5840.45398
1528.4082	-5798.33801
1527.35449	-5673.54117
1526.29981	-5231.559499999999
1525.24609	-4935.00722
1524.19141	-4606.18394
1523.13672	-4670.06451
1522.08106	-4312.12767
1521.02637	-4039.1416400000003
1519.9707	-3934.20733
1518.91504	-3761.58243
1517.85938	-3610.8172699999996
1516.80273	-3467.48828
1515.74707	-3115.42557
1514.69043	-3077.7127100000002
1513.63379	-3016.56547
1512.57715	-2993.4555800000003
1511.51953	-2817.8314
1510.46191	-2905.49637
1509.40527	-2503.12595
1508.34668	-2704.38308
1507.28906	-2656.24096
1506.23145	-2456.57995
1505.17285	-2574.56897
1504.11426	-2510.8605199999997
1503.05566	-2409.21215
1501.99609	-2543.53569
1500.9375	-2318.84742
1499.87793	-1938.58167
1498.81836	-1750.1892000000003
1497.75781	-1872.2387899999999
1496.69824	-1663.44946
1495.6377	-1475.8466000000003
1494.57715	-1496.69667
1493.5166	-1343.84331
1492.45606	-1204.1737
1491.39453	-659.3464999999997
1490.33301	-469.52671999999984
1489.27148	-314.1847600000001
1488.20996	-299.5144699999996
1487.14844	152.96857
1486.08594	364.9115899999997
1485.02344	315.74271
1483.96094	155.82666000000017
1482.89844	-9.613310000000183
1481.83496	-201.5981899999997
1480.77246	-421.9472700000001
1479.70898	-285.7661600000001
1478.64453	-657.2582600000001
1477.58106	-1095.36456
1476.51758	-1110.3451800000003
1475.45313	-1281.59976
1474.38867	-1231.6035299999999
1473.32324	-1531.68622
1472.25879	-1691.3606799999998
1471.19336	-1708.1771199999998
1470.12793	-1714.4811200000004
1469.0625	-2036.04019
1467.99707	-2065.5339400000003
1466.93066	-2064.7840100000003
1465.86523	-2257.24276
1464.79883	-2492.1838500000003
1463.73145	-2619.49121
1462.66504	-2869.4706399999995
1461.59766	-2743.83217
1460.53027	-2572.09448
1459.46289	-2797.66119
1458.39551	-2465.59792
1457.32715	-2221.55134
1456.25977	-2181.98938
1455.19141	-1991.74531
1454.12305	-1644.99048
1453.05371	-1472.99258
1451.98535	-1253.25057
1450.91602	-1182.9497
1449.84668	-1017.31729
1448.77637	-937.23126
1447.70703	-956.1817
1446.63672	-844.61318
1445.56641	-668.8344099999999
1444.49609	-566.72781
1443.42578	-493.02895
1442.35449	-496.90773
1441.2832	-519.41319
1440.21191	-590.32259
1439.14063	-527.70245
1438.06934	-449.36198999999993
1436.99707	-458.80399000000006
1435.92481	-702.17454
1434.85254	-595.1766299999999
1433.78027	-564.13393
1432.70703	-578.82122
1431.63379	-595.4068699999999
1430.56055	-722.10341
1429.48731	-258.51207999999997
1428.41309	-471.99484
1427.33984	-384.64059
1426.26563	-409.45480999999995
1425.19141	-329.59794999999997
1424.11621	-502.13307
1423.04199	-375.91961000000003
1421.9668	-411.91819
1420.8916	-449.59373000000005
1419.81641	-373.54005
1418.74023	-454.67175
1417.66504	-566.22372
1416.58887	-527.80744
1415.5127	-568.86185
1414.43555	-812.0988500000001
1413.35938	-575.02121
1412.28223	-644.27772
1411.20508	-638.0051800000001
1410.12793	-770.9615600000001
1409.04981	-817.2146700000001
1407.97266	-876.95033
1406.89453	-840.34987
1405.81641	-922.12419
1404.73731	-945.22007
1403.65918	-856.6432200000002
1402.58008	-956.1518199999999
1401.50098	-888.53214
1400.42188	-799.29053
1399.3418	-748.6657700000001
1398.2627	-417.36429
1397.18262	-405.64148
1396.10254	-492.55363
1395.02148	-23.864439999999945
1393.94141	-224.02976999999998
1392.86035	-258.86719999999997
1391.7793	77.84335999999996
1390.69824	18.180180000000007
1389.61621	170.19928999999996
1388.53516	-161.25759000000005
1387.45313	19.068970000000036
1386.37109	111.24309999999997
1385.28809	186.04086999999993
1384.20606	143.72015999999996
1383.12305	49.980170000000044
1382.04004	22.281020000000012
1380.95703	21.955120000000022
1379.87305	160.27980000000002
1378.78906	194.69101999999998
1377.70508	-134.91023
1376.62109	144.40357000000006
1375.53711	164.12500999999997
1374.45215	185.72906999999998
1373.36719	364.82433
1372.28223	222.0578200000001
1371.19727	243.27039000000002
1370.11231	278.96705999999995
1369.02637	277.2368
1367.94043	303.80408
1366.85449	270.48609
1365.76758	356.85782
1364.68164	389.40816000000007
1363.59473	305.19383
1362.50781	475.69355999999993
1361.41992	470.19912
1360.33301	543.2391600000001
1359.24512	748.8946599999999
1358.15723	847.54622
1357.06934	910.7965
1355.98145	770.14916
1354.89258	712.58074
1353.80371	660.89295
1352.71484	629.97738
1351.625	818.4708499999999
1350.53613	728.68648
1349.44629	744.03413
1348.35645	703.3760599999999
1347.2666	687.37475
1346.17578	667.7262499999999
1345.08594	730.2535700000001
1343.99512	722.10716
1342.90332	633.10487
1341.8125	615.8657499999999
1340.7207	773.38662
1339.62988	669.9969000000001
1338.53809	804.0807500000001
1337.44531	846.93708
1336.35352	890.8063099999999
1335.26074	807.5251499999999
1334.16797	731.58008
1333.0752	753.45561
1331.98145	636.07927
1330.88867	563.20138
1329.79492	564.65138
1328.70117	498.3423700000001
1327.60645	489.75694
1326.5127	549.83729
1325.41797	469.7175
1324.32324	408.41888000000006
1323.22754	136.55973999999998
1322.13281	153.64558999999997
1321.03711	38.86464000000001
1319.94141	118.00171999999998
1318.8457	-242.84506
1317.75	-196.80088
1316.65332	-348.23715
1315.55664	-386.61542
1314.45996	-495.83292000000006
1313.36328	-588.8365199999998
1312.26563	-762.92581
1311.16797	-616.1777
1310.07031	-627.5804500000002
1308.97266	-727.5104700000002
1307.87402	-634.07534
1306.77637	-719.3211100000001
1305.67773	-886.29247
1304.5791	-750.7473899999999
1303.47949	-698.24045
1302.38086	-968.2734
1301.28125	-1095.4601899999998
1300.18164	-1278.85822
1299.08106	-1253.84944
1297.98145	-1388.45462
1296.88086	-1613.31911
1295.78027	-1720.77375
1294.67969	-2153.57016
1293.57813	-2286.84519
1292.47656	-2440.49661
1291.375	-2879.78365
1290.27344	-3150.43568
1289.17188	-3334.90608
1288.06934	-3197.0699000000004
1286.9668	-3447.2665500000003
1285.86426	-3459.0448499999998
1284.76172	-3510.3047499999993
1283.6582	-3611.02851
1282.55469	-3651.81344
1281.45117	-3602.89414
1280.34766	-3434.13302
1279.24414	-3234.70361
1278.13965	-2754.8895
1277.03516	-2795.14174
1275.93066	-2365.19747
1274.8252	-1947.27283
1273.7207	-1690.7729400000003
1272.61523	-1584.74065
1271.50879	-1418.4900400000001
1270.40332	-1399.54504
1269.29785	-1268.17661
1268.19141	-898.88052
1267.08496	-1070.6644900000001
1265.97754	-811.43857
1264.87109	-679.00866
1263.76367	-782.77297
1262.65625	-747.51489
1261.54883	-852.84479
1260.44043	-915.6917
1259.33301	-832.99945
1258.22461	-776.54579
1257.11523	-734.7770599999999
1256.00684	-901.80593
1254.89746	-836.16367
1253.78809	-850.2422700000001
1252.67871	-837.26773
1251.56934	-832.93502
1250.45898	-781.82123
1249.34961	-653.69087
1248.23926	-757.4324200000001
1247.12793	-605.29628
1246.01758	-738.88694
1244.90625	-644.3516000000001
1243.79492	-639.94992
1242.68359	-523.89435
1241.57129	-407.77179000000007
1240.45996	-255.79302
1239.34766	-336.202
1238.23438	-220.35024
1237.12207	-302.46667
1236.00879	-119.87175000000002
1234.89648	-232.06921000000006
1233.78223	-280.39010999999994
1232.66895	-294.80204999999995
1231.55566	-264.39827
1230.44141	-249.63170000000002
1229.32715	-262.96712
1228.21191	-389.18557
1227.09766	-224.64303
1225.98242	-233.31212999999997
1224.86719	-225.48275999999998
1223.75195	-159.00069999999997
1222.63574	-65.14481
1221.52051	-49.52654000000001
1220.4043	-68.87822
1219.28711	77.30113999999998
1218.1709	60.230219999999974
1217.05371	24.35832000000005
1215.93652	-72.80804
1214.81934	-93.10985
1213.70215	-190.32304
1212.58398	-341.61799
1211.46582	-425.81317
1210.34766	-468.70622
1209.22949	-646.23018
1208.11035	-645.9879099999999
1206.99219	-713.8803499999999
1205.87305	-895.83304
1204.75293	-1035.9037799999999
1203.63379	-1039.9107400000003
1202.51367	-1263.75125
1201.39356	-1462.4466599999996
1200.27344	-1620.6209599999997
1199.15234	-1676.60238
1198.03223	-2020.5597400000001
1196.91113	-2218.8990000000003
1195.79004	-2550.81668
1194.66797	-2724.4399699999994
1193.5459	-3012.88389
1192.42481	-3159.1442899999997
1191.30176	-3301.7954099999997
1190.17969	-3504.7247
1189.05664	-3606.0882
1187.93359	-3578.5781399999996
1186.81055	-3533.9648700000002
1185.6875	-3505.6013799999996
1184.56348	-3148.81339
1183.44043	-3037.23649
1182.31641	-2763.1740499999996
1181.19141	-2567.4374999999995
1180.06738	-2127.9540799999995
1178.94238	-1943.84366
1177.81738	-1563.04675
1176.69238	-1204.4716500000002
1175.56641	-950.1536499999997
1174.44043	-777.6479199999999
1173.31445	-467.98208999999997
1172.18848	-365.5186799999999
1171.0625	-381.66897000000006
1169.93555	-381.2901499999999
1168.80859	-223.29602999999997
1167.68164	-367.6970899999999
1166.55371	-341.13035
1165.42676	-136.41412000000003
1164.29883	-180.23694999999998
1163.1709	-137.57470999999998
1162.04199	13.405930000000012
1160.91406	69.02891
1159.78516	-18.148109999999974
1158.65625	5.416449999999941
1157.52637	-24.837199999999996
1156.39746	102.03039000000001
1155.26758	21.41660999999999
1154.1377	0.1931300000000249
1153.00684	-12.561180000000007
1151.87695	-72.22299999999998
1150.74609	-85.7432
1149.61523	-51.84004
1148.48438	-64.3594
1147.35254	49.73679
1146.2207	47.22272
1145.08887	42.73872
1143.95703	-10.367539999999991
1142.8252	-44.91038
1141.69238	-58.43222
1140.55957	-49.85973
1139.42676	-166.28893
1138.29297	-209.10635000000002
1137.15918	-259.63366
1136.02539	-225.47071
1134.8916	-417.82903
1133.75781	-481.69885999999997
1132.62305	-531.99489
1131.48828	-668.7568
1130.35352	-933.0922600000001
1129.21777	-828.7321800000001
1128.08301	-912.2740599999998
1126.94727	-1012.8343500000001
1125.81152	-1017.56828
1124.67481	-1137.5683
1123.53906	-1019.75616
1122.40234	-1033.47381
1121.26563	-1048.11521
1120.12793	-1070.6372999999999
1118.99023	-1041.0213099999999
1117.85352	-1093.4997500000002
1116.71484	-1193.3621600000001
1115.57715	-1118.1738900000003
1114.43945	-1376.4354100000003
1113.30078	-1328.1499199999998
1112.16211	-1314.8979000000004
1111.02246	-1534.37104
1109.88379	-1372.3919599999995
1108.74414	-1530.3581299999996
1107.60449	-1580.5271100000004
1106.46387	-1962.92846
1105.32422	-2150.7116699999997
1104.18359	-2187.7621000000004
1103.04297	-2497.3531
1101.90234	-2817.8040000000005
1100.76074	-3425.3660499999996
1099.61914	-3791.5293799999995
1098.47754	-4381.1703
1097.33594	-4858.784
1096.19336	-5787.52956
1095.05176	-6640.804
1093.90918	-7415.996929999999
1092.76563	-8685.92299
1091.62305	-9871.16117
1090.47949	-11104.707299999998
1089.33594	-12296.334780000001
1088.19238	-13393.550379999999
1087.04785	-14736.67791
1085.90332	-15328.53485
1084.75879	-16141.27201
1083.61426	-16290.73819
1082.46973	-16447.59429
1081.32422	-16252.603610000002
1080.17871	-15681.908909999998
1079.0332	-15039.563569999998
1077.88672	-14026.743250000003
1076.74023	-12540.96023
1075.59375	-11096.46893
1074.44727	-9573.008159999998
1073.30078	-7628.1191400000025
1072.15332	-5986.2551500000045
1071.00586	-4950.375530000005
1069.8584	-3358.9385699999984
1068.70996	-2467.8971900000033
1067.56152	-1554.6419499999975
1066.41309	-780.2922599999984
1065.26465	-879.6096399999988
1064.11621	-697.1569600000003
1062.9668	-928.7021499999973
1061.81738	-1025.0759000000035
1060.66797	-1009.3542200000011
1059.51758	-1210.91424
1058.36816	-1157.6006300000008
1057.21777	-2485.9559599999993
1056.06738	-2307.3516899999995
1054.91602	-2240.70792
1053.76465	-2183.14178
1052.61328	-2165.4319300000006
1051.46191	-1612.1213400000006
1050.31055	-1711.6242900000007
1049.1582	-1771.4724700000002
1048.00586	-1892.8807300000003
1046.85352	-1799.7908800000005
1045.7002	-1799.3157399999996
1044.54785	-1645.87003
1043.39453	-1754.2956
1042.24023	-1875.5149199999998
1041.08691	-1786.57153
1039.93262	-1994.9229999999998
1038.77832	-2063.34036
1037.62402	-2215.7250999999997
1036.46973	-2197.6667100000004
1035.31445	-2426.18789
1034.15918	-2712.05566
1033.00391	-2801.8241500000004
1031.84766	-2839.21943
1030.69238	-2960.10419
1029.53613	-3126.73932
1028.37891	-3349.4723899999995
1027.22266	-3773.1847300000004
1026.06543	-3802.2664700000005
1024.9082	-3858.6542500000014
1023.75098	-3284.27397
1022.59375	-2801.8800599999995
1021.43555	-1570.4838900000013
1020.27734	-984.9830899999997
1019.11914	-1268.1367600000012
1017.95996	-1796.9259599999996
1016.80078	-2641.5836499999996
1015.6416	-3585.76645
1014.48242	-3902.0172599999996
1013.32324	-4112.31329
1012.16309	-4048.32424
1011.00293	-3768.7789000000002
1009.84277	-3373.97494
1008.68164	-2842.2721100000003
1007.52051	-2297.9050300000004
1006.35938	-2170.8942099999995
1005.19824	-2076.0825099999997
1004.03711	-2196.2504900000004
1002.875	-2297.39369
1001.71289	-2995.6433499999994
1000.55078	-3355.9490399999995
999.3877	-2900.4518900000003
998.22461	-979.5039499999984
997.06152	948.5440300000009
995.89844	953.8004700000001
994.73438	-1626.3121
993.57129	-3888.7582300000004
992.40723	-4696.310079999999
991.24219	-5122.10175
990.07813	-5534.430200000001
988.91309	-5552.89281
987.74805	-5957.53983
986.58301	-5803.11061
985.41699	-5821.965810000001
984.25098	-5657.26809
983.08496	-5553.907920000001
981.91895	-5450.7320899999995
980.75195	-5308.66152
979.58496	-4867.4769
978.41797	-4912.77013
977.25098	-4430.41125
976.08301	-4287.7033
974.91504	-3969.04033
973.74707	-4011.8535999999995
972.5791	-3662.6819400000004
971.41016	-3319.5346400000003
970.24219	-3166.83116
969.07227	-3045.17081
967.90332	-2694.7744000000002
966.7334	-2410.75778
965.56348	-2109.45291
964.39356	-1920.3607099999997
963.22363	-1855.6230799999998
962.05273	-1650.6219500000002
960.88184	-1463.11849
959.71094	-1372.49728
958.54004	-1124.18816
957.36816	-853.21997
956.19629	-907.2936100000001
955.02441	-894.8891099999998
953.85156	-890.91961
952.67969	-718.2126400000001
951.50684	-690.7412200000001
950.33398	-753.1543
949.16016	-785.7567100000001
947.98633	-895.7151200000001
946.8125	-928.83358
945.63867	-945.70931
944.46484	-874.22037
943.29004	-726.09159
942.11523	-720.4835400000002
940.94043	-586.34959
939.76465	-666.66066
938.58887	-755.16947
937.41309	-634.7741500000001
936.23731	-471.13112999999987
935.06055	-491.24318000000005
933.88379	-509.4101199999999
932.70703	-480.1186499999999
931.53027	-429.07673
930.35254	-489.79644999999994
929.17578	-472.34254999999996
927.99805	-350.3202
926.81934	-391.7737000000001
925.6416	-486.85357999999997
924.46289	-449.6186799999999
923.28418	-343.86202000000003
922.10449	-411.01793999999995
920.92481	-482.56766000000005
919.74609	-491.54506000000003
919.55176	-610.43319
918.38672	-562.3183799999999
917.2207	-505.12235
916.05469	-667.65814
914.8877	-574.7848100000001
913.72168	-559.11912
912.55469	-538.66826
911.3877	-535.06318
910.2207	-595.36241
909.05273	-550.58944
907.88574	-499.50297
906.71777	-409.1267700000001
905.54883	-537.09863
904.38086	-597.94198
903.21191	-501.21551
902.04297	-534.90108
900.87402	-541.77619
899.7041	-444.61708999999996
898.53516	-598.61693
897.36523	-517.19575
896.19434	-412.8667899999999
895.02441	-501.93605
893.85352	-438.94623
892.68262	-443.96237999999994
891.51172	-392.84407
890.34082	-268.41427
889.16895	-345.91382
887.99707	-248.40099000000004
886.8252	-162.35742
885.65332	-77.60195000000002
884.48047	-266.3956
883.30762	-110.59067999999999
882.13477	-17.716619999999992
880.96191	-91.97249
879.78809	12.346320000000002
878.61426	65.89292
877.44043	96.90711
876.2666	115.84426
875.0918	20.037869999999998
873.91699	-23.404210000000006
872.74219	71.77826
871.56738	94.44615999999999
870.3916	135.38236999999998
869.21582	-83.03523999999999
868.04004	66.01852
866.86426	-3.8686900000000044
865.6875	155.18177
864.51074	10.230740000000004
863.33398	58.93114
862.15723	165.09046999999998
860.97949	-8.26225
859.80273	-105.82409
858.625	4.947330000000001
857.44629	-36.289699999999996
856.26856	-50.36241
855.08984	-72.44728
853.91113	-179.37341
852.73145	-127.73334
851.55273	-91.01574000000001
850.37305	-259.25919
849.19336	-182.56514000000004
848.01367	-311.88119
846.83301	-320.32885999999996
845.65234	-311.5082
844.47168	-467.61514000000005
843.29102	-516.84072
842.11035	-454.08707000000004
840.92871	-568.43047
839.74707	-599.6322
838.56445	-577.28073
837.38281	-632.92419
836.2002	-633.79747
835.01758	-531.7221200000001
833.83496	-502.79509999999993
832.65137	-615.34566
831.46777	-797.1727099999999
830.28418	-798.9995600000001
829.10059	-976.6437
827.91699	-950.6942200000001
826.73242	-895.57627
825.54785	-1071.82572
824.36328	-993.4871700000001
823.17773	-995.5724299999999
821.99219	-951.5545699999999
820.80664	-889.2132700000001
819.62109	-919.5391999999999
818.43457	-759.81233
817.24902	-892.33447
816.0625	-631.7565500000001
814.875	-696.12066
813.68848	-732.92223
812.50098	-696.57053
811.31348	-782.6169100000001
810.12598	-818.43553
808.9375	-761.2001600000001
807.74902	-831.3388600000001
806.56055	-913.32226
805.37207	-920.64975
804.18262	-927.6225599999999
802.99414	-1050.59501
801.80371	-1095.2335400000002
800.61426	-1191.54569
799.42481	-1157.37612
798.23438	-1235.16999
797.04395	-1044.8796100000002
795.85254	-896.05301
794.66211	-923.88672
793.4707	-962.12746
792.2793	-854.1791
791.08789	-732.0032
789.89551	-702.3685300000001
788.70313	-712.03909
787.51074	-580.51608
786.31836	-493.66315
785.125	-614.97566
783.93164	-673.2404899999999
782.73828	-535.3730899999999
781.54492	-593.6811600000001
780.35059	-480.97935
779.15625	-423.23303
777.96191	-640.4294199999999
776.76758	-684.2908
775.57227	-878.18428
774.37695	-932.48892
773.18164	-1165.45885
771.98633	-1141.4588099999999
770.79004	-1199.27888
769.59375	-1179.5317200000002
768.39746	-1027.6584699999999
767.20117	-884.16089
766.00391	-985.5572099999999
764.80664	-942.9708899999999
763.60938	-776.6650400000001
762.41211	-1004.7099
761.21387	-915.15291
760.01563	-732.35996
758.81738	-883.4241000000001
757.61816	-937.33722
756.41992	-815.2407999999999
755.2207	-735.5671900000001
754.02148	-516.64058
752.82129	-402.82868999999994
751.62109	-294.06251
750.4209	-168.11748999999998
749.2207	-324.31734000000006
748.02051	-554.16835
746.81934	-634.1287
745.61816	-722.62302
744.41699	-837.29497
743.21484	-973.89648
742.0127	-1187.8121600000002
740.81055	-1199.40572
739.6084	-1409.5567
738.40625	-1354.31951
737.20313	-1449.48996
736.0	-1665.87838
734.7959	-1729.1997700000002
733.59277	-1799.46213
732.38867	-1805.4536699999999
731.18457	-1891.63819
729.97949	-1872.58871
728.77539	-1738.2501200000002
727.57031	-1704.2127600000001
726.36523	-1769.78701
725.16016	-1766.23844
723.9541	-1828.16256
722.74805	-2005.6527
721.54199	-1998.14163
720.33496	-1884.45764
719.12891	-2048.2403200000003
717.92188	-2155.10668
716.71484	-2269.8302900000003
715.50684	-2312.92009
714.29883	-2454.03562
713.09082	-2642.29577
711.88281	-2924.88056
710.67481	-3168.23948
709.46582	-3427.96553
708.25684	-3906.90564
707.04785	-4222.71015
705.83789	-4580.3884800000005
704.62793	-5271.831340000001
703.41797	-5815.577969999999
702.20801	-6355.19891
700.99805	-6961.77984
699.78711	-7746.031919999999
698.57617	-8612.69542
697.36426	-8907.72174
696.15332	-9228.362270000001
694.94141	-9822.75462
693.72949	-10371.91524
692.5166	-10184.37014
691.30469	-10163.545549999999
690.0918	-9875.646400000001
688.87891	-9451.82418
687.66504	-8804.046869999998
686.45117	-8077.91613
685.23731	-7186.9260300000005
684.02344	-6564.8368500000015
682.80957	-6105.25572
681.59473	-5878.3799500000005
680.37988	-5354.511920000001
679.16504	-5317.995860000001
677.94922	-5146.66921
676.7334	-5199.85542
675.51758	-4926.87846
674.30176	-4754.76539
673.08496	-4499.71745
671.86914	-4225.06343
670.65137	-3906.62856
669.43457	-3489.9732799999997
668.2168	-3200.27476
667.0	-2794.66374
665.78125	-2622.75119
664.56348	-2451.53992
663.34473	-2159.77034
662.12598	-2220.52482
660.90723	-2007.2436500000001
659.68848	-1980.72015
658.46875	-1760.05474
657.24902	-1838.61472
656.0293	-1820.3244399999999
654.80859	-1591.94352
653.58789	-1575.44436
652.36719	-1627.30588
651.14648	-1569.6915
649.92481	-1429.3450899999998
648.7041	-1370.54517
647.48242	-1197.1154199999999
646.25977	-1206.54172
645.03711	-1257.4876
643.81543	-1041.43369
642.5918	-1222.63824
641.36914	-1072.3666899999998
640.14551	-995.49228
638.92188	-1145.66355
637.69824	-1222.40795
636.47461	-995.3556099999998
635.25	-1074.65309
634.02539	-914.3210199999999
632.80078	-885.70794
631.5752	-921.9374999999999
630.34961	-795.92044
629.12402	-842.5778
627.89844	-829.8076299999999
626.67188	-766.5990599999999
625.44531	-667.6654600000002
624.21875	-594.9100500000001
622.99219	-693.5182199999999
621.76465	-676.88471
620.53711	-631.30403
619.30957	-437.50401
618.08106	-431.77709999999996
616.85254	-218.90938000000006
615.62402	-147.25765
614.39551	-136.36863000000005
613.16699	83.49179000000004
611.9375	179.1009499999999
610.70801	106.77276
609.47754	342.14802000000003
608.24805	223.23283000000004
607.01758	336.81834000000003
605.78711	357.75553
604.55566	507.25117
603.3252	458.51100999999994
602.09375	491.94521
600.86133	356.12884
599.62988	433.19826000000006
598.39746	522.21839
597.16504	416.66783
595.93262	393.36911999999995
594.69922	297.13436
593.46582	295.38531
592.23242	311.91395
590.99902	273.78439000000003
589.76465	327.41979000000003
588.53027	173.91082
587.2959	55.82270000000001
586.06152	-109.16341999999999
584.82617	-45.77377
583.59082	66.54012999999999
582.35547	-34.76527
581.11914	-195.40542
579.88281	-129.33411
578.64648	-120.38704999999999
577.41016	-206.44732
