2000.04395	38.669399999999996
1901.7627	165.17879
1900.78027	-106.34415999999999
1899.79785	-56.24808
1898.81543	-103.45677
1897.83203	5.400500000000008
1896.84961	60.07048
1895.86621	36.0497
1894.88281	59.749900000000025
1893.89844	-4.24417
1892.91504	152.6175
1891.93066	42.25532000000001
1890.94727	-84.82899
1889.96289	165.98976
1888.97754	-79.58532999999998
1887.99316	12.517690000000002
1887.00781	-15.86332999999999
1886.02344	17.756559999999993
1885.03809	131.41765999999998
1884.05176	51.68203
1883.06641	119.23951
1882.08106	82.97632999999999
1881.09473	32.19845000000001
1880.1084	-37.715590000000006
1879.12207	33.5963
1878.13574	-43.754239999999996
1877.14844	184.10685
1876.16211	-1.5179500000000008
1875.17481	-44.65915
1874.1875	-32.75153000000002
1873.19922	-97.83285
1872.21191	-11.085590000000002
1871.22363	-148.46809
1870.23633	173.35441
1869.24805	-65.75557
1868.25879	-6.0357199999999995
1867.27051	-86.52297
1866.28223	161.96792
1865.29297	128.53617
1864.30371	-217.84446
1863.31445	4.258160000000004
1862.32422	205.22595
1861.33496	-100.28307999999998
1860.34473	50.86241
1859.35449	-313.02964
1858.36426	-170.62152
1857.37402	-92.06061000000001
1856.38379	-73.80142000000001
1855.39258	45.992419999999996
1854.40137	-112.20428
1853.41016	-65.58134
1852.41895	-68.03535000000001
1851.42676	-126.76898
1850.43555	-62.977329999999995
1849.44336	-368.01129000000003
1848.45117	-37.84441999999999
1847.45898	-227.74963
1846.4668	-104.74345000000001
1845.47363	10.38992
1844.48047	-123.5052
1843.48731	-206.33398
1842.49414	-96.16422
1841.50098	-7.203990000000005
1840.50684	-56.21388999999999
1839.51367	-83.29753
1838.51953	-379.60819000000004
1837.52539	-215.09813000000003
1836.53027	-78.79028000000001
1835.53613	-295.51215
1834.54102	-133.37306999999998
1833.5459	-105.77152000000001
1832.55078	-108.26196
1831.55566	-441.40163
1830.56055	4.967700000000008
1829.56445	-95.59304999999999
1828.56836	-156.13706
1827.57227	59.74255000000002
1826.57617	-233.62615000000002
1825.58008	-7.026430000000005
1824.58301	103.78087
1823.58594	-88.1394
1822.58887	78.31097
1821.5918	-14.090240000000009
1820.59473	59.37370999999999
1819.59668	-160.72111
1818.59961	-160.96733
1817.60156	-136.9977
1816.60352	-8.282939999999996
1815.60449	-287.40246
1814.60645	-69.82064
1813.60742	62.22997000000001
1812.6084	14.41606999999999
1811.60938	2.5560899999999975
1810.61035	145.34338
1809.61035	-269.23239
1808.61133	17.321380000000005
1807.61133	-24.283780000000007
1806.61133	229.63852000000003
1805.61035	34.54739000000001
1804.61035	161.65809
1803.60938	-28.240340000000003
1802.6084	87.8772
1801.60742	47.299199999999985
1800.60645	235.30515999999997
1799.60547	147.96054
1798.60352	214.30744
1797.60156	160.743
1796.59961	104.43954000000002
1795.59766	-47.82236000000002
1794.5957	-191.73615999999998
1793.59277	105.07345
1792.58984	-182.1347
1791.58789	-3.6121199999999973
1790.58398	-75.47835
1789.58106	-239.51943
1788.57715	-142.95414
1787.57422	-174.30915
1786.57031	-128.10347000000002
1785.56641	26.344839999999998
1784.56152	81.7061
1783.55762	-89.58497999999999
1782.55273	17.16148
1781.54785	129.76873999999998
1780.54297	54.524680000000004
1779.53809	-77.47138000000001
1778.53223	181.36616
1777.52734	55.787090000000006
1776.52148	-170.13164
1775.51563	-42.34059
1774.50879	-50.565250000000006
1773.50293	50.51606
1772.49609	-222.68488000000002
1771.48926	-76.80547
1770.48242	-122.31358
1769.47559	-36.790310000000005
1768.46777	-111.71561999999999
1767.46094	-9.270929999999993
1766.45313	9.749450000000024
1765.44531	-49.426000000000016
1764.4375	57.224680000000006
1763.42871	108.74412000000001
1762.4209	202.09700000000004
1761.41211	249.16558999999998
1760.40332	242.22667
1759.39356	313.0901600000001
1758.38477	197.55071
1757.375	479.24572
1756.36621	219.22355
1755.35645	398.30013999999994
1754.3457	484.2327
1753.33594	305.41514000000006
1752.3252	430.16636
1751.31543	420.9752
1750.30469	611.7743899999999
1749.29297	395.93739999999997
1748.28223	221.92224999999996
1747.27051	482.01852
1746.25977	150.08989000000003
1745.24805	362.54389
1744.23535	315.82578
1743.22363	305.24086
1742.21191	-14.77121
1741.19922	195.87182
1740.18652	178.85609
1739.17383	248.56905
1738.16016	92.05379
1737.14746	-126.31030000000001
1736.13379	-92.41349
1735.12012	-39.60417
1734.10645	120.61322
1733.0918	-1.3611799999999992
1732.07813	-10.329509999999999
1731.06348	42.66141
1730.04883	88.62618
1729.03418	-193.583
1728.01953	-107.87671
1727.00391	-54.87793
1725.98828	140.23149
1724.97266	148.98748999999998
1723.95703	-275.98015
1722.94141	-145.14533
1721.92481	32.110780000000005
1720.90918	41.314310000000006
1719.89258	-172.77276
1718.87598	-101.44212000000002
1717.8584	31.88196000000002
1716.8418	-4.410269999999997
1715.82422	115.06204000000002
1714.80664	56.038430000000005
1713.78906	339.73402000000004
1712.77051	120.29082
1711.75293	374.51589
1710.73438	365.41256
1709.71582	433.80277
1708.69727	411.35760000000005
1707.67871	332.46475999999996
1706.65918	345.97147000000007
1705.64063	237.80957
1704.62109	385.2671500000001
1703.60059	253.58719000000002
1702.58106	427.0721500000001
1701.56152	395.21648
1700.54102	332.96612
1699.52051	227.56432
1698.5	315.54316
1697.47852	362.24005999999997
1696.45801	488.33986000000004
1695.43652	219.14501000000007
1694.41504	312.34553
1693.39356	326.22556999999995
1692.37207	366.9311899999999
1691.34961	202.31655999999998
1690.32715	302.21074999999996
1689.30469	315.19407
1688.28223	534.30753
1687.25977	200.85223999999994
1686.23633	366.68233999999995
1685.21387	588.5338399999999
1684.19043	436.0590900000001
1683.16602	553.0468699999999
1682.14258	335.35189
1681.11914	476.99068
1680.09473	474.1507499999999
1679.07031	106.7533800000001
1678.0459	196.30375000000004
1677.02051	151.02051000000006
1675.99609	251.1885400000001
1674.9707	117.81007
1673.94531	90.45882000000006
1672.91992	408.26096000000007
1671.89356	64.07069999999999
1670.86816	62.672559999999976
1669.8418	202.1112599999999
1668.81543	74.59372000000008
1667.78906	342.7170900000001
1666.76172	189.6715999999999
1665.73535	307.08944999999994
1664.70801	281.92651
1663.68066	189.12307999999985
1662.65332	221.13256
1661.625	186.35025999999993
1660.59766	258.76685
1659.56934	320.8261399999999
1658.54102	451.1277600000001
1657.5127	274.4588600000002
1656.4834	194.6261300000001
1655.45508	14.953269999999975
1654.42578	233.54514000000017
1653.39648	543.0409300000001
1652.36621	255.21728000000007
1651.33691	251.72130000000016
1650.30664	256.47118999999975
1649.27637	183.62131
1648.24609	-15.28776999999991
1647.21582	231.37823000000026
1646.18555	120.45564999999988
1645.1543	17.608880000000227
1644.12305	-135.12023
1643.0918	51.802130000000034
1642.06055	19.828529999999773
1641.02832	-79.07664999999997
1639.99707	-219.4334799999997
1638.96484	-212.3675500000004
1637.93164	14.653809999999794
1636.89941	-57.43577000000005
1635.86719	-79.62893000000031
1634.83398	197.5104699999997
1633.80078	148.1597999999999
1632.76758	132.05292000000009
1631.73438	-4.922350000000279
1630.7002	174.89580000000024
1629.66602	213.2255
1628.63184	428.2272700000003
1627.59766	383.3041800000001
1626.56348	294.5042199999998
1625.52832	421.7979999999998
1624.49316	312.44866
1623.45801	449.96803999999975
1622.42285	381.1441299999997
1621.3877	531.1717200000003
1620.35156	598.4873099999995
1619.31543	477.85329
1618.2793	350.54185999999936
1617.24316	738.5835200000001
1616.20703	635.56135
1615.16992	854.89113
1614.13281	1241.3175199999996
1613.0957	1367.3991999999998
1612.05859	1377.7965000000004
1611.02051	1723.0302100000008
1609.9834	2112.675329999999
1608.94531	2361.9270300000007
1607.90723	2749.393750000001
1606.86816	3093.1806699999997
1605.83008	3580.5046899999998
1604.79102	4511.2621
1603.75195	5317.405789999999
1602.71289	6291.094079999999
1601.67383	7500.57386
1600.63379	8758.6887
1599.59473	10325.09361
1598.55469	12495.663610000001
1597.51367	15350.057260000001
1596.47363	18208.69407
1595.43359	21129.25848
1594.39258	24645.670760000005
1593.35156	29017.006749999997
1592.31055	32347.8505
1591.26856	36727.3805
1590.22754	40650.65696
1589.18555	43981.98029000001
1588.14356	46449.60041000001
1587.10059	48677.532320000006
1586.05859	49993.76296000001
1585.01563	50695.96964
1583.97266	50485.13806
1582.92969	50043.137169999995
1581.88672	48620.168860000005
1580.84375	47191.6606
1579.79981	46946.54235
1578.75586	46742.055049999995
1577.71191	48033.79120000001
1576.66699	51449.64932
1575.62305	58160.07484
1574.57813	66025.99494
1573.5332	72009.06739
1572.48828	75033.73606
1571.44336	71861.33025999999
1570.39746	65178.38378999999
1569.35156	56370.44557999999
1568.30566	48021.48207
1567.25977	40520.19984999999
1566.21387	35227.02228999999
1565.16699	30200.35538
1564.12012	25798.50483
1563.07324	22958.08119
1562.02637	20758.58652
1560.97852	18466.543059999996
1559.93066	16757.72266
1558.88379	15248.152300000002
1557.83496	13830.15816
1556.78711	12163.27009
1555.73926	10416.35711
1554.69043	8864.63401
1553.6416	7060.927890000001
1552.59277	5768.621009999999
1551.54297	4428.083119999999
1550.49414	2984.906070000001
1549.44434	2066.7536
1548.39453	1095.2908799999987
1547.34473	357.13120999999956
1546.29395	-621.6098199999997
1545.24414	-1139.219509999999
1544.19336	-1808.257099999999
1543.14258	-2366.9044699999995
1542.09082	-2568.6075999999994
1541.04004	-2645.9053999999996
1539.98828	-2435.7951900000007
1538.93652	-2134.9574699999994
1537.88477	-1618.881440000001
1536.83301	-1900.6348100000005
1535.78027	-1276.9625999999998
1534.72754	-1084.8466999999991
1533.67481	-765.7581000000009
1532.62207	-532.2995099999998
1531.56934	-834.1738099999993
1530.51563	-275.05382999999983
1529.46191	-350.1488099999997
1528.4082	-222.44091000000026
1527.35449	-179.99137000000064
1526.29981	-38.07952000000023
1525.24609	87.6005699999996
1524.19141	422.26796000000013
1523.13672	506.8607899999997
1522.08106	403.7273100000002
1521.02637	485.23848999999973
1519.9707	405.4490999999998
1518.91504	520.0948500000004
1517.85938	549.4177100000006
1516.80273	727.3876899999996
1515.74707	932.9685300000001
1514.69043	740.4424800000002
1513.63379	901.5461299999997
1512.57715	710.1518799999999
1511.51953	589.8530100000003
1510.46191	317.03772000000026
1509.40527	699.20255
1508.34668	333.0387300000002
1507.28906	311.11841000000004
1506.23145	528.7199500000002
1505.17285	324.69097999999985
1504.11426	884.7783300000001
1503.05566	1326.76136
1501.99609	1291.0638200000003
1500.9375	1801.5101800000002
1499.87793	2392.88042
1498.81836	2740.3252700000003
1497.75781	3137.97374
1496.69824	3212.3295999999996
1495.6377	3204.6114099999995
1494.57715	2990.67222
1493.5166	2849.02705
1492.45606	2563.55995
1491.39453	2469.3717600000004
1490.33301	2709.40468
1489.27148	3040.93609
1488.20996	3339.6788900000006
1487.14844	3472.90924
1486.08594	3860.6505999999995
1485.02344	3885.92972
1483.96094	4007.2143600000004
1482.89844	4122.82419
1481.83496	3669.86201
1480.77246	3496.52148
1479.70898	3385.2865699999998
1478.64453	3662.8061900000002
1477.58106	4109.3161
1476.51758	4621.47855
1475.45313	5758.41733
1474.38867	6777.28636
1473.32324	7734.813290000001
1472.25879	7743.828039999999
1471.19336	7060.89514
1470.12793	5913.09798
1469.0625	4361.222390000001
1467.99707	3070.13403
1466.93066	2260.632
1465.86523	1380.9846000000002
1464.79883	833.4551299999998
1463.73145	326.90521999999964
1462.66504	-195.6897799999997
1461.59766	-365.84672
1460.53027	-391.0563400000001
1459.46289	-801.2265299999999
1458.39551	-602.4439300000004
1457.32715	-616.654
1456.25977	-746.4235800000001
1455.19141	-898.2307800000001
1454.12305	-535.8616099999999
1453.05371	-605.43093
1451.98535	-403.1607899999999
1450.91602	-521.59237
1449.84668	-551.07844
1448.77637	-431.8269899999999
1447.70703	-668.1212599999999
1446.63672	-557.22094
1445.56641	-238.47432000000003
1444.49609	-319.89453000000003
1443.42578	-327.77867
1442.35449	-290.73481
1441.2832	-374.73799
1440.21191	-89.47349999999994
1439.14063	-93.85793000000001
1438.06934	93.71262999999999
1436.99707	87.82597999999996
1435.92481	-83.80905999999993
1434.85254	-110.39680999999996
1433.78027	-301.93513
1432.70703	-499.87663000000003
1431.63379	-498.29758999999996
1430.56055	-866.6302900000001
1429.48731	-437.6287
1428.41309	-441.13604
1427.33984	-418.29832999999996
1426.26563	-677.44664
1425.19141	-612.49037
1424.11621	-482.42606
1423.04199	-489.18181000000004
1421.9668	-490.43174
1420.8916	-291.97442
1419.81641	-356.82692
1418.74023	-394.05733999999995
1417.66504	-148.98854999999998
1416.58887	-193.62565
1415.5127	-420.24348
1414.43555	-299.11289000000005
1413.35938	-291.62307
1412.28223	-388.90926
1411.20508	-334.09653000000003
1410.12793	-380.0726
1409.04981	-639.74364
1407.97266	-854.74915
1406.89453	-564.08223
1405.81641	-721.3566000000001
1404.73731	-960.5770799999999
1403.65918	-713.3005700000001
1402.58008	-939.80477
1401.50098	-863.23038
1400.42188	-758.25071
1399.3418	-557.5697
1398.2627	-667.78766
1397.18262	-658.9007300000001
1396.10254	-474.07827
1395.02148	-564.79206
1393.94141	-419.82633999999996
1392.86035	-491.99447999999995
1391.7793	-397.80291
1390.69824	-249.88473
1389.61621	-421.28709000000003
1388.53516	-462.04601
1387.45313	-398.88812999999993
1386.37109	-447.18921
1385.28809	-169.14211000000003
1384.20606	-178.71670000000003
1383.12305	19.559390000000008
1382.04004	3.0606200000000285
1380.95703	0.3390899999999988
1379.87305	-100.73662000000002
1378.78906	170.38053000000002
1377.70508	74.25225
1376.62109	86.73700000000008
1375.53711	230.71466999999996
1374.45215	180.33526999999992
1373.36719	219.79685999999998
1372.28223	231.08089000000007
1371.19727	209.43482000000006
1370.11231	359.80757000000006
1369.02637	410.63206
1367.94043	398.78656
1366.85449	198.45386000000008
1365.76758	185.00498
1364.68164	208.86855000000003
1363.59473	36.81351999999998
1362.50781	190.31874999999997
1361.41992	136.81920000000002
1360.33301	24.02751999999998
1359.24512	271.18098
1358.15723	309.02162
1357.06934	230.50851
1355.98145	305.08236
1354.89258	408.23020999999994
1353.80371	234.75989
1352.71484	500.35684000000003
1351.625	564.2968999999999
1350.53613	267.51316999999995
1349.44629	549.99665
1348.35645	626.1448
1347.2666	613.88329
1346.17578	479.53441
1345.08594	676.15573
1343.99512	699.4825900000001
1342.90332	825.9285399999999
1341.8125	632.2927500000001
1340.7207	746.90097
1339.62988	621.2990299999999
1338.53809	799.08734
1337.44531	780.36975
1336.35352	1007.6659300000001
1335.26074	845.3368499999999
1334.16797	1099.04144
1333.0752	1201.52196
1331.98145	985.35692
1330.88867	1082.53805
1329.79492	1120.26228
1328.70117	758.0542200000001
1327.60645	811.4027000000001
1326.5127	629.84486
1325.41797	626.23667
1324.32324	598.88238
1323.22754	526.36473
1322.13281	405.10702000000003
1321.03711	250.65993000000003
1319.94141	401.66193999999996
1318.8457	477.6145
1317.75	565.0106499999999
1316.65332	602.55536
1315.55664	674.8394100000002
1314.45996	826.29125
1313.36328	718.0655200000001
1312.26563	522.1637000000001
1311.16797	548.11267
1310.07031	558.02874
1308.97266	480.27693999999997
1307.87402	414.3990899999999
1306.77637	628.2723699999999
1305.67773	756.7336500000001
1304.5791	823.3958600000001
1303.47949	949.92111
1302.38086	1011.6098399999998
1301.28125	1137.28176
1300.18164	1254.70721
1299.08106	1512.9854000000003
1297.98145	1519.9838600000003
1296.88086	1766.63773
1295.78027	2161.8654100000003
1294.67969	2425.36948
1293.57813	3011.8368199999995
1292.47656	3291.59031
1291.375	4129.5067500000005
1290.27344	4633.23577
1289.17188	5345.09136
1288.06934	6286.33769
1286.9668	6723.1654499999995
1285.86426	7095.24165
1284.76172	7589.54755
1283.6582	7711.74664
1282.55469	7525.737459999999
1281.45117	7259.235680000001
1280.34766	6801.883889999999
1279.24414	6409.3803800000005
1278.13965	6009.042619999999
1277.03516	5428.88377
1275.93066	5174.77646
1274.8252	4828.86529
1273.7207	4343.66974
1272.61523	4030.97743
1271.50879	3705.7808899999995
1270.40332	3224.5305800000006
1269.29785	3009.0862100000004
1268.19141	2813.6985300000006
1267.08496	2657.7979100000002
1265.97754	2463.94342
1264.87109	2198.41752
1263.76367	1875.98035
1262.65625	2041.8027799999998
1261.54883	1505.73737
1260.44043	1287.7986600000002
1259.33301	1192.3285299999998
1258.22461	1023.0832599999999
1257.11523	684.0557600000001
1256.00684	482.60024
1254.89746	442.26971000000003
1253.78809	210.1701599999999
1252.67871	136.90816999999993
1251.56934	-80.25783000000001
1250.45898	53.12973999999997
1249.34961	26.58105999999998
1248.23926	-11.632280000000037
1247.12793	-101.33542
1246.01758	-55.65611000000001
1244.90625	-106.91447000000005
1243.79492	-141.36530000000005
1242.68359	-151.66215999999997
1241.57129	-47.88056000000006
1240.45996	33.13508999999999
1239.34766	-71.50149999999996
1238.23438	-19.83352000000002
1237.12207	38.19506000000001
1236.00879	-69.22200000000004
1234.89648	-276.3338600000001
1233.78223	-260.91616999999997
1232.66895	-217.42597999999992
1231.55566	-345.76695000000007
1230.44141	-218.7455
1229.32715	-431.53297000000003
1228.21191	-549.98974
1227.09766	-468.12975
1225.98242	-560.10221
1224.86719	-296.96639
1223.75195	-424.49224999999996
1222.63574	-267.05429000000004
1221.52051	-180.56997
1220.4043	-173.17665000000002
1219.28711	-187.56885
1218.1709	-153.71536
1217.05371	-31.395099999999957
1215.93652	-17.36020000000002
1214.81934	-51.83296999999999
1213.70215	107.09523999999999
1212.58398	-5.499520000000075
1211.46582	193.6861399999999
1210.34766	187.99520000000007
1209.22949	288.52478999999994
1208.11035	392.2235200000001
1206.99219	503.07313999999997
1205.87305	463.2358099999999
1204.75293	670.1147400000002
1203.63379	613.1276499999999
1202.51367	905.5186499999998
1201.39356	939.3228100000001
1200.27344	974.9226200000003
1199.15234	1250.8177799999999
1198.03223	1060.94295
1196.91113	1257.20134
1195.79004	1366.0480699999994
1194.66797	1279.0976300000002
1193.5459	1441.3825900000002
1192.42481	1589.34692
1191.30176	1593.9467800000002
1190.17969	1507.94596
1189.05664	1815.268
1187.93359	1903.35203
1186.81055	2131.5173099999993
1185.6875	2723.222100000001
1184.56348	3039.95785
1183.44043	3334.6880699999992
1182.31641	3436.0046600000005
1181.19141	3126.804690000001
1180.06738	3359.227320000001
1178.94238	3198.5020400000003
1177.81738	2700.9986599999997
1176.69238	2142.2464899999995
1175.56641	1784.3519700000002
1174.44043	1171.6245400000003
1173.31445	898.96297
1172.18848	585.0240500000002
1171.0625	352.1634899999999
1169.93555	430.4211600000001
1168.80859	453.01421000000005
1167.68164	274.37481
1166.55371	225.2755299999999
1165.42676	43.94245000000001
1164.29883	-103.49257
1163.1709	-7.403450000000021
1162.04199	-90.83918000000006
1160.91406	-35.46424999999999
1159.78516	85.44263999999998
1158.65625	180.37878999999998
1157.52637	386.64887999999996
1156.39746	411.81728000000004
1155.26758	491.73051999999996
1154.1377	462.01917000000003
1153.00684	377.80915000000005
1151.87695	339.81763
1150.74609	117.88789999999999
1149.61523	46.68033
1148.48438	-17.33593
1147.35254	16.14837
1146.2207	-191.84483
1145.08887	-64.1565
1143.95703	-122.10925999999999
1142.8252	116.67525
1141.69238	-74.9778
1140.55957	-71.59622999999999
1139.42676	-29.193780000000004
1138.29297	-147.69971
1137.15918	-145.04496
1136.02539	-166.80014
1134.8916	18.72426999999999
1133.75781	-183.78327000000002
1132.62305	-13.909290000000055
1131.48828	-133.71753999999999
1130.35352	-82.03963000000022
1129.21777	-125.4511500000001
1128.08301	81.22460000000001
1126.94727	562.5323199999998
1125.81152	664.7699200000002
1124.67481	1111.35797
1123.53906	1479.7675199999999
1122.40234	1898.8845900000001
1121.26563	2363.4877
1120.12793	2470.038
1118.99023	2744.02629
1117.85352	3195.55079
1116.71484	3635.51613
1115.57715	4183.18146
1114.43945	4643.78553
1113.30078	5131.64378
1112.16211	5455.6860799999995
1111.02246	5983.52862
1109.88379	5979.46131
1108.74414	6092.606220000001
1107.60449	6257.076649999999
1106.46387	6034.2551300000005
1105.32422	6212.033200000001
1104.18359	6237.72154
1103.04297	5958.06536
1101.90234	5906.037549999999
1100.76074	5753.573890000001
1099.61914	5896.00284
1098.47754	6019.965929999999
1097.33594	5742.927180000001
1096.19336	5482.534889999999
1095.05176	5275.93844
1093.90918	5006.704730000001
1092.76563	4426.07555
1091.62305	4071.9008400000002
1090.47949	3892.0446600000014
1089.33594	3669.2325999999994
1088.19238	3930.8504900000007
1087.04785	4408.16388
1085.90332	5100.285949999998
1084.75879	6419.394
1083.61426	8338.98935
1082.46973	11057.57759
1081.32422	14418.463779999998
1080.17871	18347.548120000003
1079.0332	23400.793850000002
1077.88672	28905.436439999998
1076.74023	35430.051490000005
1075.59375	42418.68537
1074.44727	49255.47621
1073.30078	55067.916020000004
1072.15332	59723.791719999994
1071.00586	61756.30415999999
1069.8584	62398.85049999999
1068.70996	59606.55984
1067.56152	54863.41273
1066.41309	49903.805400000005
1065.26465	42775.88255000001
1064.11621	36492.32741
1062.9668	30360.63965
1061.81738	24585.3323
1060.66797	20361.6155
1059.51758	16868.79767
1058.36816	14719.497029999999
1057.21777	10662.80673
1056.06738	9931.286979999999
1054.91602	9030.479580000001
1053.76465	8114.43586
1052.61328	7370.140339999999
1051.46191	7305.340090000001
1050.31055	6476.80247
1049.1582	5601.451359999999
1048.00586	5261.05604
1046.85352	4592.392469999999
1045.7002	4178.496270000001
1044.54785	3581.53403
1043.39453	3036.9817399999997
1042.24023	2608.03317
1041.08691	2171.3532800000003
1039.93262	1795.1053200000006
1038.77832	1874.6800199999998
1037.62402	1630.4213900000004
1036.46973	1542.2838499999998
1035.31445	1500.6619600000004
1034.15918	1379.7322999999997
1033.00391	1241.4761399999998
1031.84766	1598.51177
1030.69238	1673.2072100000005
1029.53613	1832.7203900000004
1028.37891	2245.366720000001
1027.22266	3078.5699099999993
1026.06543	5854.319459999999
1024.9082	10590.20219
1023.75098	18750.77583
1022.59375	26358.211740000002
1021.43555	28649.84033
1020.27734	25547.62726
1019.11914	19233.63082
1017.95996	11246.85041
1016.80078	6291.575530000001
1015.6416	3049.5834000000004
1014.48242	2403.673170000001
1013.32324	3043.0350899999994
1012.16309	4033.05393
1011.00293	5061.66031
1009.84277	5413.433260000001
1008.68164	5096.43248
1007.52051	4395.47022
1006.35938	4020.03316
1005.19824	4028.7347500000005
1004.03711	4815.83593
1002.875	7393.09313
1001.71289	14327.02071
1000.55078	25588.2077
999.3877	38564.87038
998.22461	42227.460900000005
997.06152	32679.29794
995.89844	18428.40496
994.73438	7447.509680000001
993.57129	2869.5759900000003
992.40723	371.0373300000001
991.24219	-1246.4109500000004
990.07813	-2404.0056400000003
988.91309	-2709.7899100000004
987.74805	-3051.77042
986.58301	-2928.43812
985.41699	-2806.1064400000005
984.25098	-3285.8694100000002
983.08496	-3643.6288600000003
981.91895	-3926.71647
980.75195	-3906.25881
979.58496	-3758.46396
978.41797	-3775.34984
977.25098	-3780.5264799999995
976.08301	-3663.14318
974.91504	-3451.03301
973.74707	-3282.6412599999994
972.5791	-3160.15392
971.41016	-2961.2869
970.24219	-2708.6572100000003
969.07227	-2770.7331000000004
967.90332	-2323.70907
966.7334	-2163.43265
965.56348	-1801.45505
964.39356	-1458.0847399999998
963.22363	-1513.63962
962.05273	-1358.1619300000002
960.88184	-1229.0494
959.71094	-873.2046200000001
958.54004	-829.6191299999999
957.36816	-554.17078
956.19629	-617.8287600000001
955.02441	-662.5747499999999
953.85156	-519.65548
952.67969	-827.44625
951.50684	-549.4593900000001
950.33398	-801.58924
949.16016	-803.19732
947.98633	-826.24738
946.8125	-863.1311000000001
945.63867	-826.2745199999999
944.46484	-971.25943
943.29004	-950.86362
942.11523	-816.69262
940.94043	-790.33903
939.76465	-426.76128000000006
938.58887	-797.73648
937.41309	-657.0529
936.23731	-590.36853
935.06055	-630.15272
933.88379	-792.1597599999999
932.70703	-764.4137499999999
931.53027	-814.7571800000001
930.35254	-737.4840399999998
929.17578	-797.44045
927.99805	-890.0158600000001
926.81934	-774.46409
925.6416	-868.9349
924.46289	-832.22236
923.28418	-739.6171099999999
922.10449	-877.6585799999999
920.92481	-861.37134
919.74609	-867.37686
919.55176	-885.15639
918.38672	-868.79881
917.2207	-980.36763
916.05469	-1126.65437
914.8877	-912.1994100000001
913.72168	-957.40946
912.55469	-1000.58722
911.3877	-779.21037
910.2207	-748.94873
909.05273	-760.0593399999999
907.88574	-892.1543300000001
906.71777	-472.6613500000001
905.54883	-322.75091
904.38086	-318.30693999999994
903.21191	-518.36154
902.04297	-518.6092799999999
900.87402	-400.71536000000003
899.7041	-334.46115999999995
898.53516	-239.88659
897.36523	-179.81322
896.19434	-347.38879999999995
895.02441	-337.49767
893.85352	-529.4464700000001
892.68262	-502.07592999999997
891.51172	-338.67144
890.34082	-291.89126999999996
889.16895	-284.78827
887.99707	-201.79936000000004
886.8252	-180.76979
885.65332	-275.99013
884.48047	-177.31921
883.30762	-180.35716
882.13477	-59.245079999999994
880.96191	-131.64824
879.78809	-29.022709999999996
878.61426	40.538329999999995
877.44043	-42.10503
876.2666	37.57643
875.0918	144.84084000000001
873.91699	79.92633000000001
872.74219	125.73061999999999
871.56738	-89.41817999999999
870.3916	9.534289999999991
869.21582	139.94995
868.04004	67.72227
866.86426	108.45637
865.6875	161.36475000000002
864.51074	260.58771
863.33398	115.95429
862.15723	208.24357
860.97949	9.66734
859.80273	-82.15122
858.625	-13.51632
857.44629	-185.60852
856.26856	-202.93737
855.08984	-18.62323
853.91113	-267.69431
852.73145	-70.39407
851.55273	-75.40750000000001
850.37305	-26.749740000000003
849.19336	-200.18670000000003
848.01367	-229.60848
846.83301	-190.13299999999998
845.65234	-83.10872999999998
844.47168	-214.68352000000004
843.29102	-360.24602
842.11035	-16.728269999999952
840.92871	-113.72169000000008
839.74707	-57.686450000000036
838.56445	-175.13715000000002
837.38281	-46.406490000000076
836.2002	171.24686999999994
835.01758	48.84215000000006
833.83496	-26.38542999999993
832.65137	84.84208000000012
831.46777	26.288720000000012
830.28418	128.34271999999987
829.10059	228.99531000000002
827.91699	130.3424
826.73242	205.57936999999993
825.54785	187.24077999999986
824.36328	31.477550000000065
823.17773	249.15058999999997
821.99219	149.3670000000002
820.80664	154.29548999999997
819.62109	167.69474000000014
818.43457	148.00106000000005
817.24902	72.74892999999997
816.0625	-20.332450000000108
814.875	56.08331999999996
813.68848	-196.40142000000003
812.50098	-176.95409999999993
811.31348	-324.0330500000001
810.12598	-403.48375
808.9375	-343.08499000000006
807.74902	-526.1233
806.56055	-552.8066200000001
805.37207	-821.76197
804.18262	-781.6783699999999
802.99414	-934.0597899999999
801.80371	-1031.3291800000002
800.61426	-1105.5137
799.42481	-956.6948600000001
798.23438	-1018.2455800000001
797.04395	-1181.02193
795.85254	-1162.93305
794.66211	-960.8016799999999
793.4707	-815.85576
792.2793	-872.6225499999999
791.08789	-841.68237
789.89551	-670.80254
788.70313	-693.0009600000001
787.51074	-534.9555499999999
786.31836	-373.5976
785.125	-526.68905
783.93164	-484.39669
782.73828	-374.62282999999996
781.54492	-454.16383
780.35059	-480.36391
779.15625	-433.49237
777.96191	-599.0595599999999
776.76758	-650.6547
775.57227	-877.8127
774.37695	-921.80905
773.18164	-1111.69651
771.98633	-1049.6666
770.79004	-986.54884
769.59375	-804.4186500000001
768.39746	-550.44957
767.20117	-496.81467
766.00391	-522.1369299999999
764.80664	-416.41242
763.60938	-399.416
762.41211	-482.37039
761.21387	-552.70128
760.01563	-709.9065800000001
758.81738	-597.57366
757.61816	-808.7409700000001
756.41992	-546.5652799999999
755.2207	-132.34450000000004
754.02148	-92.17293000000006
752.82129	230.20891000000006
751.62109	193.47947999999997
750.4209	476.61591
749.2207	545.5204299999998
748.02051	495.19927000000007
746.81934	466.68423000000007
745.61816	377.80392000000006
744.41699	755.0933299999999
743.21484	609.5862400000001
742.0127	774.25989
740.81055	878.8259699999999
739.6084	978.1064800000001
738.40625	1095.7688099999998
737.20313	1307.9684200000002
736.0	1298.9623699999997
734.7959	1275.06979
733.59277	1320.7890900000002
732.38867	1266.41291
731.18457	928.2311300000001
729.97949	695.7160399999998
728.77539	739.2782300000001
727.57031	509.78153
726.36523	182.61086
725.16016	-56.32060000000001
723.9541	-385.96270000000004
722.74805	-749.1155000000001
721.54199	-917.0514400000002
720.33496	-1103.0633699999998
719.12891	-1116.2320600000003
717.92188	-1120.48352
716.71484	-1448.8617600000002
715.50684	-1319.59949
714.29883	-1564.5110300000001
713.09082	-1552.0029000000002
711.88281	-1579.99875
710.67481	-2009.8406600000003
709.46582	-2084.53495
708.25684	-2358.94977
707.04785	-2593.13878
705.83789	-3010.44409
704.62793	-3629.6936600000004
703.41797	-4134.69232
702.20801	-4360.35351
700.99805	-4810.52385
699.78711	-5513.441589999999
698.57617	-5561.956099999999
697.36426	-5343.601570000001
696.15332	-4724.79745
694.94141	-3812.2399699999987
693.72949	-2867.15279
692.5166	-968.1369900000009
691.30469	165.6605099999997
690.0918	236.0401299999994
688.87891	-330.59907999999996
687.66504	-835.6650399999999
686.45117	-1631.0345300000008
685.23731	-2017.6513700000014
684.02344	-2350.190120000001
682.80957	-2656.6033799999996
681.59473	-3206.8855600000006
680.37988	-3185.0519600000002
679.16504	-3581.2777200000005
677.94922	-3652.4704799999995
676.7334	-3625.9435599999997
675.51758	-3266.6457900000005
674.30176	-3118.65614
673.08496	-2752.38304
671.86914	-2536.9809200000004
670.65137	-2163.46871
669.43457	-2034.4497199999998
668.2168	-1654.3498599999998
667.0	-1617.58683
665.78125	-1211.7456799999998
664.56348	-1340.39963
663.34473	-1157.7557
662.12598	-1251.8762300000003
660.90723	-1005.8888200000001
659.68848	-868.34673
658.46875	-708.4948899999999
657.24902	-726.90905
656.0293	-716.7514199999999
654.80859	-701.8768
653.58789	-602.74094
652.36719	-633.1987999999999
651.14648	-320.38059999999996
649.92481	-378.9544699999999
648.7041	-395.28880000000004
647.48242	-435.45381999999995
646.25977	-513.3834999999999
645.03711	-650.8073099999999
643.81543	-417.3490800000001
642.5918	-398.2769699999999
641.36914	-401.99689999999987
640.14551	-372.0996200000001
638.92188	-304.93311000000006
637.69824	-352.0998900000001
636.47461	50.72337000000016
635.25	-25.77306999999996
634.02539	174.10819000000015
632.80078	265.34976000000006
631.5752	364.63403000000017
630.34961	272.32736
629.12402	94.56305999999995
627.89844	32.75597000000016
626.67188	-23.743499999999813
625.44531	31.17480999999998
624.21875	-122.20399000000009
622.99219	-266.13584000000003
621.76465	-314.3710400000001
620.53711	-256.05507
619.30957	-121.55643999999995
618.08106	145.86473999999998
616.85254	326.76505999999995
615.62402	513.5536900000001
614.39551	756.35134
613.16699	755.9379600000001
611.9375	497.73424999999986
610.70801	408.41522000000003
609.47754	211.98773999999997
608.24805	287.54422999999997
607.01758	199.11088
605.78711	272.79697
604.55566	213.74203999999997
603.3252	333.69838000000004
602.09375	433.09841000000006
600.86133	164.01565
599.62988	56.863479999999996
598.39746	149.22315
597.16504	130.42436
595.93262	-53.175929999999994
594.69922	113.40725
593.46582	-33.22759
592.23242	-52.55473
590.99902	-66.61507
589.76465	-151.28865
588.53027	-273.08178
587.2959	-161.63798
586.06152	-99.88447
584.82617	37.467870000000005
583.59082	140.18137
582.35547	30.993800000000007
581.11914	38.96122
579.88281	171.79474
578.64648	121.46303999999999
577.41016	135.36198000000002
