2000.04395	17.02262
1901.7627	207.19134
1900.78027	-75.56447999999999
1899.79785	63.07630999999999
1898.81543	-9.882130000000004
1897.83203	5.195440000000005
1896.84961	29.369299999999996
1895.86621	-49.40155
1894.88281	-141.14574
1893.89844	34.22738
1892.91504	-48.148439999999994
1891.93066	-67.31083999999998
1890.94727	-6.066269999999996
1889.96289	51.875960000000006
1888.97754	-19.93071999999998
1887.99316	12.918730000000004
1887.00781	-174.14527999999999
1886.02344	-90.47877
1885.03809	7.746920000000001
1884.05176	-14.62986
1883.06641	100.59191000000001
1882.08106	104.73463000000001
1881.09473	-232.83883
1880.1084	74.57747
1879.12207	70.02895
1878.13574	45.261919999999996
1877.14844	30.23012
1876.16211	42.5417
1875.17481	-52.08022
1874.1875	-2.0510600000000068
1873.19922	-24.162639999999996
1872.21191	-61.39838
1871.22363	74.05935
1870.23633	-40.06144
1869.24805	66.18562
1868.25879	19.01099
1867.27051	-83.70338
1866.28223	-0.010790000000000077
1865.29297	219.89367
1864.30371	22.8802
1863.31445	-74.31635
1862.32422	-23.45276
1861.33496	25.6806
1860.34473	7.459339999999997
1859.35449	17.376580000000004
1858.36426	108.72876
1857.37402	-143.63267000000002
1856.38379	19.08872
1855.39258	-51.95671
1854.40137	-39.181740000000005
1853.41016	-69.9797
1852.41895	-48.56886
1851.42676	-187.06831
1850.43555	-282.52653
1849.44336	-4.686359999999993
1848.45117	-19.244369999999996
1847.45898	-105.78242
1846.4668	-64.84172000000001
1845.47363	-24.516939999999998
1844.48047	-95.98252
1843.48731	-44.19915
1842.49414	48.955529999999996
1841.50098	-64.31963
1840.50684	-60.52857
1839.51367	-73.29911999999999
1838.51953	-119.67645
1837.52539	-104.35570000000001
1836.53027	108.74301
1835.53613	-336.3784
1834.54102	106.77195999999999
1833.5459	33.36929000000001
1832.55078	-38.86181
1831.55566	-59.93531999999999
1830.56055	16.607240000000004
1829.56445	-156.01187
1828.56836	-89.40662999999999
1827.57227	28.048670000000016
1826.57617	-166.99280000000002
1825.58008	-12.38843
1824.58301	148.75391000000002
1823.58594	45.509450000000015
1822.58887	-13.400379999999998
1821.5918	-36.28967000000001
1820.59473	-5.957670000000007
1819.59668	42.277860000000004
1818.59961	-84.95194000000001
1817.60156	39.59395999999998
1816.60352	115.61456000000001
1815.60449	-149.14378
1814.60645	-53.63155
1813.60742	-156.06644
1812.6084	-57.862930000000006
1811.60938	81.02785
1810.61035	-34.45512000000001
1809.61035	-4.192679999999996
1808.61133	-33.21086
1807.61133	-89.09712
1806.61133	90.81587
1805.61035	-82.68161999999998
1804.61035	-10.427420000000012
1803.60938	-71.24261999999999
1802.6084	-9.962559999999996
1801.60742	-145.94179
1800.60645	-15.103359999999995
1799.60547	19.412860000000023
1798.60352	-81.15507
1797.60156	-89.23128
1796.59961	-202.62699
1795.59766	-87.61765000000001
1794.5957	35.64797
1793.59277	-103.72512
1792.58984	-38.00883
1791.58789	-9.50996
1790.58398	35.51097
1789.58106	-109.34600999999999
1788.57715	-81.72429999999999
1787.57422	-81.97619999999999
1786.57031	-109.42694
1785.56641	-59.5463
1784.56152	-103.94438
1783.55762	-179.84103
1782.55273	-11.032630000000001
1781.54785	113.67071999999999
1780.54297	-1.7930399999999977
1779.53809	-28.952360000000006
1778.53223	37.54681
1777.52734	-182.84877
1776.52148	-182.74169999999998
1775.51563	-152.11015
1774.50879	-67.42510999999999
1773.50293	-115.70234
1772.49609	-186.77325000000002
1771.48926	35.344759999999994
1770.48242	-92.97467
1769.47559	-232.60835000000003
1768.46777	-231.26525999999998
1767.46094	-16.994410000000002
1766.45313	-123.35103999999998
1765.44531	-54.11850000000001
1764.4375	-18.24644999999998
1763.42871	-68.28895000000001
1762.4209	143.96028
1761.41211	-66.86121
1760.40332	0.08501000000001113
1759.39356	-32.82836
1758.38477	-199.99654
1757.375	-81.17689
1756.36621	161.19522999999998
1755.35645	92.21145999999999
1754.3457	121.86356
1753.33594	90.26973000000001
1752.3252	128.01666999999998
1751.31543	190.32591
1750.30469	168.86466
1749.29297	102.56722
1748.28223	193.8698
1747.27051	178.02022
1746.25977	151.50254
1745.24805	203.89335
1744.23535	171.96241999999998
1743.22363	197.43027
1742.21191	48.03994
1741.19922	311.23384
1740.18652	127.27931000000001
1739.17383	223.61772000000002
1738.16016	169.22946000000002
1737.14746	-31.948909999999998
1736.13379	125.26741999999999
1735.12012	119.81484999999999
1734.10645	92.15493
1733.0918	20.440620000000003
1732.07813	12.239749999999999
1731.06348	106.07051000000001
1730.04883	63.320550000000004
1729.03418	81.03709
1728.01953	9.775320000000008
1727.00391	-30.55825
1725.98828	5.3727599999999995
1724.97266	29.17065000000001
1723.95703	-131.34172
1722.94141	47.449100000000016
1721.92481	-49.55915999999999
1720.90918	-102.85764999999999
1719.89258	-247.74750999999998
1718.87598	-88.4231
1717.8584	15.37357
1716.8418	15.380049999999983
1715.82422	67.78992
1714.80664	52.14073000000002
1713.78906	62.18781999999999
1712.77051	-80.94328999999999
1711.75293	-140.08594
1710.73438	-65.77634999999998
1709.71582	22.65885000000003
1708.69727	-127.53305999999998
1707.67871	-176.94573000000003
1706.65918	-227.75212999999997
1705.64063	24.21087
1704.62109	-14.538139999999999
1703.60059	-112.00720000000001
1702.58106	-183.17167999999998
1701.56152	-192.46671000000003
1700.54102	-2.574799999999982
1699.52051	-120.56
1698.5	-159.87641
1697.47852	-226.35231999999996
1696.45801	-9.725570000000005
1695.43652	-69.04858999999993
1694.41504	-149.76147000000003
1693.39356	-159.98710999999997
1692.37207	-38.10152000000005
1691.34961	-259.51775999999995
1690.32715	-106.48993000000007
1689.30469	-264.77587
1688.28223	-179.45038
1687.25977	-176.94793000000004
1686.23633	-231.28641000000005
1685.21387	-49.639009999999985
1684.19043	-120.84416999999996
1683.16602	-249.47309000000007
1682.14258	-234.11649
1681.11914	-207.24662
1680.09473	-392.45903000000004
1679.07031	-384.53648
1678.0459	-481.94521
1677.02051	-445.89409999999987
1675.99609	-352.9998199999999
1674.9707	-423.68864999999994
1673.94531	-500.22971999999993
1672.91992	-383.0479999999999
1671.89356	-480.41721999999993
1670.86816	-477.3237200000001
1669.8418	-473.11201000000005
1668.81543	-372.52694999999994
1667.78906	-474.6886699999999
1666.76172	-348.43161
1665.73535	-508.00356
1664.70801	-540.11744
1663.68066	-477.00418000000013
1662.65332	-442.62226
1661.625	-670.3379100000001
1660.59766	-639.6415999999999
1659.56934	-682.01877
1658.54102	-539.88726
1657.5127	-851.0899599999999
1656.4834	-877.2110899999999
1655.45508	-896.32016
1654.42578	-798.19742
1653.39648	-697.33077
1652.36621	-852.44019
1651.33691	-890.35584
1650.30664	-1077.7766100000001
1649.27637	-1115.33792
1648.24609	-947.2517600000001
1647.21582	-1022.4907899999998
1646.18555	-1269.66984
1645.1543	-1174.8761099999997
1644.12305	-1234.32421
1643.0918	-1308.6748
1642.06055	-1541.56588
1641.02832	-1628.17797
1639.99707	-1851.1734699999997
1638.96484	-1836.3885500000001
1637.93164	-1664.1370900000002
1636.89941	-1635.8685099999998
1635.86719	-1900.2261
1634.83398	-1740.18899
1633.80078	-1746.95971
1632.76758	-1806.05878
1631.73438	-1907.36742
1630.7002	-2015.5419499999998
1629.66602	-1992.31747
1628.63184	-1894.0825499999996
1627.59766	-2090.36501
1626.56348	-2120.2252700000004
1625.52832	-2167.26768
1624.49316	-2270.7461699999994
1623.45801	-2344.36521
1622.42285	-2400.3185100000005
1621.3877	-2433.57925
1620.35156	-2710.97704
1619.31543	-2694.01023
1618.2793	-2692.9825600000004
1617.24316	-2665.52732
1616.20703	-2658.6210200000005
1615.16992	-2857.2866000000004
1614.13281	-3130.66881
1613.0957	-2935.9626200000002
1612.05859	-2919.14735
1611.02051	-3028.1733999999997
1609.9834	-3442.63619
1608.94531	-3361.67356
1607.90723	-3246.0061499999993
1606.86816	-3291.2807600000006
1605.83008	-3503.5026400000006
1604.79102	-3182.284780000001
1603.75195	-3151.040500000001
1602.71289	-3099.1227199999994
1601.67383	-3185.8343399999994
1600.63379	-3303.8611
1599.59473	-2747.5782600000002
1598.55469	-2441.593219999999
1597.51367	-1113.302109999997
1596.47363	-469.28835000000254
1595.43359	471.7819100000015
1594.39258	1366.5496700000003
1593.35156	2766.0204200000007
1592.31055	3739.02823
1591.26856	4942.384410000002
1590.22754	5796.28196
1589.18555	6270.488099999999
1588.14356	6492.194159999999
1587.10059	6869.536220000002
1586.05859	6645.395770000003
1585.01563	6449.6844800000035
1583.97266	5982.9700900000025
1582.92969	4987.328569999998
1581.88672	4511.457920000004
1580.84375	3512.0668499999992
1579.79981	2695.1907900000006
1578.75586	1848.1976200000026
1577.71191	2506.859559999997
1576.66699	2861.6708099999996
1575.62305	3965.5396800000017
1574.57813	3914.241030000001
1573.5332	3568.2744200000016
1572.48828	3211.810279999998
1571.44336	1444.9865100000025
1570.39746	-561.7919900000052
1569.35156	-2025.9431000000004
1568.30566	-2723.236680000002
1567.25977	-3172.1068000000014
1566.21387	-3012.2491999999984
1565.16699	-3293.673920000001
1564.12012	-2774.0498499999994
1563.07324	-2091.983260000001
1562.02637	-2331.491610000001
1560.97852	-2098.4032300000017
1559.93066	-1965.2382800000014
1558.88379	-2025.8711399999993
1557.83496	-1687.6279699999996
1556.78711	-1719.8099899999997
1555.73926	-2407.13508
1554.69043	-2833.5847400000002
1553.6416	-3334.726410000001
1552.59277	-3541.420979999999
1551.54297	-4279.67616
1550.49414	-4865.75116
1549.44434	-5245.90998
1548.39453	-6043.838030000001
1547.34473	-6390.036749999999
1546.29395	-6653.8359
1545.24414	-6891.34744
1544.19336	-7230.362079999999
1543.14258	-7254.4406
1542.09082	-7149.17498
1541.04004	-7367.48182
1539.98828	-6900.58107
1538.93652	-6583.937939999999
1537.88477	-6127.0528300000005
1536.83301	-6279.43462
1535.78027	-5805.81294
1534.72754	-5343.613789999999
1533.67481	-5210.88017
1532.62207	-4957.1630399999995
1531.56934	-4716.84837
1530.51563	-4487.02111
1529.46191	-4088.26941
1528.4082	-3867.9282200000002
1527.35449	-3882.5611900000004
1526.29981	-3677.56902
1525.24609	-3318.8447400000005
1524.19141	-2907.60801
1523.13672	-2719.3054700000002
1522.08106	-2557.9460299999996
1521.02637	-2551.7974000000004
1519.9707	-2170.2677000000003
1518.91504	-2153.70032
1517.85938	-2186.2220599999996
1516.80273	-1683.1027800000002
1515.74707	-1478.3425000000002
1514.69043	-1339.16592
1513.63379	-1357.65944
1512.57715	-1373.58274
1511.51953	-1261.97462
1510.46191	-1228.4057599999999
1509.40527	-924.18832
1508.34668	-932.212
1507.28906	-1000.5247800000002
1506.23145	-702.8362000000002
1505.17285	-896.8358699999999
1504.11426	-843.7584099999997
1503.05566	-838.6360999999997
1501.99609	-1010.8933299999999
1500.9375	-808.4550300000003
1499.87793	-561.0915
1498.81836	-625.20794
1497.75781	-589.3758700000001
1496.69824	-525.0025600000001
1495.6377	-547.2423500000002
1494.57715	-629.2325599999999
1493.5166	-406.92851999999993
1492.45606	-520.1019200000001
1491.39453	-88.48590999999988
1490.33301	253.76674000000003
1489.27148	297.9504899999997
1488.20996	154.1156600000004
1487.14844	265.75567999999976
1486.08594	503.63571
1485.02344	552.3022799999999
1483.96094	386.54419000000007
1482.89844	516.5160799999999
1481.83496	559.0121600000002
1480.77246	354.88890999999967
1479.70898	271.23310999999967
1478.64453	196.64847999999984
1477.58106	-191.92120000000023
1476.51758	-94.61666000000014
1475.45313	-104.3788199999999
1474.38867	169.91770999999972
1473.32324	-65.49334999999974
1472.25879	-212.11679000000004
1471.19336	-66.00036
1470.12793	-371.19132000000036
1469.0625	-852.8203400000002
1467.99707	-1019.7372999999998
1466.93066	-1349.1153100000001
1465.86523	-1336.66921
1464.79883	-1402.6502200000002
1463.73145	-1745.59283
1462.66504	-2015.3623899999998
1461.59766	-1848.2323400000002
1460.53027	-1928.6142
1459.46289	-1961.0330499999998
1458.39551	-1811.6763500000002
1457.32715	-1839.7204700000002
1456.25977	-1436.0681100000002
1455.19141	-1352.24684
1454.12305	-1006.91257
1453.05371	-955.66476
1451.98535	-891.1942999999999
1450.91602	-700.93166
1449.84668	-399.76747
1448.77637	-419.6646999999999
1447.70703	-602.7442199999999
1446.63672	-448.45172
1445.56641	-336.45795999999996
1444.49609	-400.97655999999995
1443.42578	-183.38429999999994
1442.35449	-431.47038
1441.2832	-340.64061000000004
1440.21191	-266.70556
1439.14063	-180.21627
1438.06934	-56.209119999999984
1436.99707	-387.92551000000003
1435.92481	-448.99634
1434.85254	-380.91091
1433.78027	-292.50066
1432.70703	-134.56418000000002
1431.63379	-261.07294999999993
1430.56055	-406.01312
1429.48731	-259.11834
1428.41309	-430.40112
1427.33984	-365.68723
1426.26563	-405.28689999999995
1425.19141	-253.2205
1424.11621	-276.06235
1423.04199	-354.51598
1421.9668	-481.82081
1420.8916	-416.30713000000003
1419.81641	-426.61094
1418.74023	-531.295
1417.66504	-373.23859999999996
1416.58887	-564.76772
1415.5127	-776.14111
1414.43555	-609.47351
1413.35938	-460.02662
1412.28223	-608.88767
1411.20508	-524.6582900000001
1410.12793	-455.74298000000005
1409.04981	-603.2236800000001
1407.97266	-778.89338
1406.89453	-878.3331400000001
1405.81641	-1007.97994
1404.73731	-964.4609899999999
1403.65918	-959.9568200000001
1402.58008	-795.5171599999999
1401.50098	-717.00076
1400.42188	-578.16491
1399.3418	-767.71754
1398.2627	-634.30193
1397.18262	-541.08862
1396.10254	-495.50428
1395.02148	-352.18103999999994
1393.94141	-360.0361
1392.86035	-367.86762
1391.7793	-157.91717000000003
1390.69824	-298.13948
1389.61621	-229.36369000000002
1388.53516	-518.46252
1387.45313	-351.87507999999997
1386.37109	-375.7432
1385.28809	-279.4345
1384.20606	-376.71827
1383.12305	-183.21965999999998
1382.04004	-200.72867
1380.95703	-411.80011
1379.87305	-312.34641
1378.78906	-156.32272000000003
1377.70508	-334.50685
1376.62109	-418.51355
1375.53711	-245.91643000000002
1374.45215	-302.30529
1373.36719	-148.21015999999997
1372.28223	-293.52295999999996
1371.19727	-201.16207999999995
1370.11231	-288.28656
1369.02637	-128.2495
1367.94043	-190.26256999999998
1366.85449	-211.07249999999996
1365.76758	-218.55866999999998
1364.68164	-258.78349
1363.59473	-192.68546
1362.50781	-155.79434
1361.41992	-146.33
1360.33301	-128.82825
1359.24512	-229.05652
1358.15723	-182.42126
1357.06934	9.932180000000002
1355.98145	9.77984
1354.89258	-103.39272
1353.80371	-96.72124
1352.71484	-157.74536
1351.625	61.777
1350.53613	-73.65225
1349.44629	-89.45226000000001
1348.35645	-174.35358
1347.2666	-197.87248
1346.17578	-300.97677
1345.08594	-181.01361
1343.99512	-171.43314
1342.90332	-294.29870000000005
1341.8125	-276.75955
1340.7207	-207.39153
1339.62988	-211.01729
1338.53809	-113.00299999999999
1337.44531	-254.48882
1336.35352	-174.56382
1335.26074	-80.69526
1334.16797	-47.73855999999999
1333.0752	3.003620000000012
1331.98145	-69.84512000000001
1330.88867	-71.89686
1329.79492	-167.39315000000002
1328.70117	-80.98394999999996
1327.60645	-65.60471999999999
1326.5127	-17.2988
1325.41797	61.46469000000002
1324.32324	-88.83866999999998
1323.22754	-104.73752999999999
1322.13281	-96.01956999999999
1321.03711	-201.72422
1319.94141	-318.36580000000004
1318.8457	-358.72812
1317.75	-278.89682
1316.65332	-360.78051
1315.55664	-426.17620999999997
1314.45996	-513.5623800000001
1313.36328	-567.0414499999999
1312.26563	-613.9327999999999
1311.16797	-481.34307
1310.07031	-423.4490400000001
1308.97266	-556.6720900000001
1307.87402	-610.29305
1306.77637	-595.43649
1305.67773	-563.75982
1304.5791	-513.4245699999999
1303.47949	-383.0393399999999
1302.38086	-522.27101
1301.28125	-594.2284999999999
1300.18164	-619.26007
1299.08106	-517.9419699999999
1297.98145	-523.46633
1296.88086	-736.38888
1295.78027	-555.56978
1294.67969	-570.9515700000002
1293.57813	-544.3323700000001
1292.47656	1.3175999999998567
1291.375	138.3090000000002
1290.27344	512.66399
1289.17188	778.87212
1288.06934	1073.29619
1286.9668	1325.2948499999993
1285.86426	1790.7899900000002
1284.76172	1870.05829
1283.6582	1874.2593299999999
1282.55469	1801.3649000000005
1281.45117	1761.1624300000003
1280.34766	1558.0098600000001
1279.24414	1347.3237400000003
1278.13965	1409.75551
1277.03516	1093.3896300000001
1275.93066	1112.62412
1274.8252	911.5415599999997
1273.7207	1044.9443999999999
1272.61523	628.8819699999999
1271.50879	439.96057999999994
1270.40332	106.93328999999994
1269.29785	211.73622999999998
1268.19141	133.61906
1267.08496	20.342219999999998
1265.97754	82.87493999999992
1264.87109	-108.3944899999999
1263.76367	-35.70238999999992
1262.65625	47.07842000000005
1261.54883	-289.7094699999999
1260.44043	-265.32622000000003
1259.33301	-431.1769700000001
1258.22461	-338.9607500000001
1257.11523	-436.94386999999995
1256.00684	-487.5398
1254.89746	-369.57361000000003
1253.78809	-522.51011
1252.67871	-575.8048699999999
1251.56934	-510.15587000000005
1250.45898	-321.79439
1249.34961	-466.58415
1248.23926	-529.5588
1247.12793	-389.34485000000006
1246.01758	-402.01854000000003
1244.90625	-218.56324000000006
1243.79492	-362.22830000000005
1242.68359	-205.08936999999997
1241.57129	-140.53742000000005
1240.45996	-110.59030999999999
1239.34766	-162.13657999999998
1238.23438	-120.97778
1237.12207	-109.19761
1236.00879	-103.44157000000001
1234.89648	-260.68078
1233.78223	-286.35506
1232.66895	-482.65909999999997
1231.55566	-373.26660000000004
1230.44141	-437.93241
1229.32715	-391.52979000000005
1228.21191	-448.87627
1227.09766	-507.35389000000004
1225.98242	-567.4836799999999
1224.86719	-538.91243
1223.75195	-399.95072999999996
1222.63574	-439.82803
1221.52051	-375.25119
1220.4043	-409.73051
1219.28711	-343.73652
1218.1709	-241.77052
1217.05371	-157.46928999999997
1215.93652	-318.14378
1214.81934	-267.32157
1213.70215	-339.78552
1212.58398	-578.97875
1211.46582	-304.9378500000001
1210.34766	-459.14525
1209.22949	-329.7079299999999
1208.11035	-397.13262
1206.99219	-396.86826999999994
1205.87305	-575.3603200000001
1204.75293	-606.19013
1203.63379	-520.15751
1202.51367	-611.0475100000001
1201.39356	-785.5043399999997
1200.27344	-849.3962199999999
1199.15234	-910.4717700000001
1198.03223	-1096.60441
1196.91113	-1065.6546200000003
1195.79004	-1167.5432400000004
1194.66797	-1344.3191199999997
1193.5459	-1550.2597500000002
1192.42481	-1781.7031299999999
1191.30176	-1849.6235299999994
1190.17969	-2199.7146900000002
1189.05664	-2165.4214500000003
1187.93359	-2255.5415199999998
1186.81055	-2251.6899600000006
1185.6875	-2294.5696399999997
1184.56348	-2281.95792
1183.44043	-2168.94205
1182.31641	-2233.1149699999996
1181.19141	-2285.21289
1180.06738	-1982.6122799999994
1178.94238	-1847.56583
1177.81738	-1549.06945
1176.69238	-1199.5119300000001
1175.56641	-1195.7978099999998
1174.44043	-1079.6079999999997
1173.31445	-775.1191799999999
1172.18848	-887.79743
1171.0625	-751.7302500000001
1169.93555	-807.2576399999999
1168.80859	-646.2902399999999
1167.68164	-600.1279
1166.55371	-593.94081
1165.42676	-530.39715
1164.29883	-666.2334900000001
1163.1709	-499.47313999999994
1162.04199	-332.20188
1160.91406	-414.93176
1159.78516	-334.57609
1158.65625	-319.20585000000005
1157.52637	-289.13341
1156.39746	-149.27456
1155.26758	-123.70519999999999
1154.1377	85.85529
1153.00684	-112.98025
1151.87695	137.9548
1150.74609	-21.822400000000002
1149.61523	-38.71107000000001
1148.48438	34.85915
1147.35254	52.755430000000004
1146.2207	101.62895
1145.08887	81.75353
1143.95703	54.045880000000004
1142.8252	63.587340000000005
1141.69238	-0.27791999999999994
1140.55957	36.02642
1139.42676	0.874369999999999
1138.29297	-51.026210000000006
1137.15918	-120.73992
1136.02539	-36.11350999999999
1134.8916	-278.20161
1133.75781	-332.79884
1132.62305	-263.32878000000005
1131.48828	-440.24909
1130.35352	-577.8332100000001
1129.21777	-586.1840000000001
1128.08301	-641.4440999999999
1126.94727	-416.35171000000014
1125.81152	-400.9774
1124.67481	-532.7284500000001
1123.53906	-285.26532
1122.40234	-101.91656000000012
1121.26563	-71.10373000000004
1120.12793	-53.738979999999856
1118.99023	-19.740800000000036
1117.85352	-3.8505800000002637
1116.71484	141.0979199999997
1115.57715	166.78179999999975
1114.43945	169.95984999999973
1113.30078	289.72459000000026
1112.16211	183.20853999999963
1111.02246	130.13066999999955
1109.88379	357.20594000000074
1108.74414	335.1321000000007
1107.60449	237.20457999999962
1106.46387	270.25854999999956
1105.32422	188.10449000000062
1104.18359	87.83627999999953
1103.04297	-211.20758999999998
1101.90234	-224.48198000000048
1100.76074	-424.6316799999995
1099.61914	-503.11824999999953
1098.47754	-839.2406099999998
1097.33594	-1327.5313199999991
1096.19336	-1555.4607100000003
1095.05176	-2164.9639100000004
1093.90918	-2800.963239999999
1092.76563	-3557.3248399999993
1091.62305	-4683.7485799999995
1090.47949	-5490.1828799999985
1089.33594	-6443.55939
1088.19238	-7418.862399999998
1087.04785	-8060.904480000001
1085.90332	-8594.74725
1084.75879	-8850.14408
1083.61426	-8505.41299
1082.46973	-7726.404830000003
1081.32422	-7092.0538000000015
1080.17871	-6173.6803999999975
1079.0332	-4680.465909999999
1077.88672	-3774.180750000003
1076.74023	-2186.167260000002
1075.59375	-1009.7521300000008
1074.44727	-52.50815999999759
1073.30078	779.7441400000025
1072.15332	1837.58079
1071.00586	1811.9057199999952
1069.8584	2567.659090000001
1068.70996	2595.243429999995
1067.56152	2280.4439800000036
1066.41309	2326.4108699999997
1065.26465	2157.7106700000004
1064.11621	2014.2414800000006
1062.9668	1732.0732400000015
1061.81738	1296.7971399999988
1060.66797	1013.4934299999986
1059.51758	1129.1384899999994
1058.36816	1168.2333499999986
1057.21777	-75.80753000000004
1056.06738	303.98815000000104
1054.91602	88.00790000000052
1053.76465	-77.87956999999915
1052.61328	-38.61845000000085
1051.46191	452.34105999999974
1050.31055	248.5275699999993
1049.1582	103.5285100000001
1048.00586	-87.70372000000043
1046.85352	-247.75597000000016
1045.7002	-64.60725000000002
1044.54785	-16.826810000000478
1043.39453	-195.32538999999997
1042.24023	-412.6240499999999
1041.08691	-501.25439000000006
1039.93262	-514.6715299999996
1038.77832	-646.6437100000003
1037.62402	-849.0708
1036.46973	-894.01766
1035.31445	-1134.0482500000003
1034.15918	-1136.7952800000003
1033.00391	-1222.0531600000004
1031.84766	-1327.3422299999997
1030.69238	-1612.52936
1029.53613	-1958.1192099999998
1028.37891	-2135.26267
1027.22266	-2417.6698300000007
1026.06543	-2610.6092500000004
1024.9082	-2670.2851100000007
1023.75098	-2176.931200000001
1022.59375	-1281.9904100000003
1021.43555	-140.09326000000146
1020.27734	107.63214999999946
1019.11914	-95.15629000000081
1017.95996	-725.4904099999985
1016.80078	-1463.98502
1015.6416	-2038.0459899999996
1014.48242	-2029.4220499999992
1013.32324	-1615.8320899999999
1012.16309	-1287.8640400000004
1011.00293	-944.3020900000001
1009.84277	-619.3474999999999
1008.68164	-445.6739600000001
1007.52051	-181.6831000000002
1006.35938	-196.36063999999942
1005.19824	-316.53818999999976
1004.03711	15.08983999999964
1002.875	99.41051000000061
1001.71289	1285.36251
1000.55078	2401.738950000001
999.3877	3819.0012400000014
998.22461	3378.15035
997.06152	1821.7979400000004
995.89844	137.08366999999998
994.73438	-1943.56063
993.57129	-3101.13983
992.40723	-3704.87747
991.24219	-4314.916569999999
990.07813	-4718.04251
988.91309	-4710.93053
987.74805	-5095.46744
986.58301	-5089.64637
985.41699	-5157.960440000001
984.25098	-5229.780049999999
983.08496	-5105.460650000001
981.91895	-4952.6798499999995
980.75195	-4724.97939
979.58496	-4344.25119
978.41797	-4168.04845
977.25098	-3846.09667
976.08301	-3680.31189
974.91504	-3308.34917
973.74707	-3062.2437999999993
972.5791	-2872.7623200000003
971.41016	-2441.36277
970.24219	-2267.82665
969.07227	-2135.60578
967.90332	-1652.7884700000002
966.7334	-1595.548
965.56348	-1375.4106800000002
964.39356	-1121.9482699999999
963.22363	-980.6710499999999
962.05273	-813.3988000000002
960.88184	-567.1692800000001
959.71094	-506.39755000000014
958.54004	-239.35843999999997
957.36816	-51.037419999999884
956.19629	-261.87741000000005
955.02441	-111.88010999999983
953.85156	-76.69966999999997
952.67969	35.54291999999987
951.50684	84.07088999999996
950.33398	23.66079999999988
949.16016	-88.92709000000013
947.98633	-69.6277500000001
946.8125	-273.2946099999999
945.63867	-170.75425999999993
944.46484	-63.934079999999994
943.29004	84.06899999999996
942.11523	54.822819999999865
940.94043	65.45130999999992
939.76465	82.05574000000001
938.58887	138.44420999999988
937.41309	93.47017000000005
936.23731	89.13651000000004
935.06055	47.631459999999834
933.88379	37.98184000000015
932.70703	121.34779000000003
931.53027	-17.972060000000056
930.35254	46.29901000000018
929.17578	32.26577999999995
927.99805	85.76421000000005
926.81934	110.74809000000005
925.6416	70.13714000000004
924.46289	-66.23329999999999
923.28418	103.11338999999998
922.10449	42.92328000000009
920.92481	85.69656999999995
919.74609	72.22141999999997
919.55176	-19.02015999999992
918.38672	37.31761000000006
917.2207	13.222410000000082
916.05469	-115.48613999999998
914.8877	-28.67766000000006
913.72168	31.15429000000006
912.55469	-18.621380000000045
911.3877	7.4396600000000035
910.2207	40.266590000000065
909.05273	10.545479999999998
907.88574	30.260149999999953
906.71777	145.69434
905.54883	-9.755490000000009
904.38086	76.09467000000006
903.21191	57.05402000000004
902.04297	-56.866449999999986
900.87402	167.52161
899.7041	188.3857700000001
898.53516	298.75288
897.36523	174.96864000000005
896.19434	173.51819
895.02441	38.542460000000005
893.85352	155.15508999999997
892.68262	255.87015000000008
891.51172	341.56937999999997
890.34082	328.71869
889.16895	279.93141
887.99707	334.5077299999999
886.8252	528.04551
885.65332	419.69584
884.48047	497.67706000000004
883.30762	526.10774
882.13477	549.55129
880.96191	544.42147
879.78809	685.67437
878.61426	685.28864
877.44043	598.25018
876.2666	616.96349
875.0918	748.62139
873.91699	560.67206
872.74219	591.22969
871.56738	546.33145
870.3916	613.98174
869.21582	601.4611600000001
868.04004	570.1490100000001
866.86426	422.01673
865.6875	548.1862699999999
864.51074	539.33444
863.33398	550.04966
862.15723	591.15658
860.97949	661.2668500000001
859.80273	469.78326999999996
858.625	544.5669200000001
857.44629	497.88699
856.26856	525.8569
855.08984	521.97739
853.91113	468.68643000000003
852.73145	529.06282
851.55273	416.03787
850.37305	414.26770999999997
849.19336	377.35973
848.01367	351.54515999999995
846.83301	276.02781000000004
845.65234	467.9965
844.47168	298.7238
843.29102	291.03645000000006
842.11035	206.09351000000004
840.92871	312.86181
839.74707	161.56874000000005
838.56445	-3.37853999999993
837.38281	-21.446649999999977
836.2002	-23.537180000000035
835.01758	104.69322
833.83496	11.796820000000025
832.65137	142.94145000000003
831.46777	-11.049049999999852
830.28418	-29.79656
829.10059	-26.80070999999998
827.91699	-42.97608000000014
826.73242	-151.48826000000008
825.54785	-4.610779999999977
824.36328	-133.92333000000008
823.17773	-137.4814899999999
821.99219	-14.314759999999978
820.80664	43.02473999999984
819.62109	-18.422689999999875
818.43457	-70.11465999999996
817.24902	-119.89840000000004
816.0625	0.8714099999999689
814.875	-9.53692000000001
813.68848	-298.26611
812.50098	-111.47015999999996
811.31348	-125.55917000000011
810.12598	-372.88695000000007
808.9375	-358.68222000000003
807.74902	-390.4184600000001
806.56055	-345.75153
805.37207	-481.45581000000004
804.18262	-479.6067099999999
802.99414	-612.3019299999999
801.80371	-838.43208
800.61426	-842.9877200000001
799.42481	-984.09963
798.23438	-849.57473
797.04395	-916.1820900000001
795.85254	-691.85712
794.66211	-659.8443399999999
793.4707	-690.7801800000001
792.2793	-527.95013
791.08789	-445.49682
789.89551	-472.61650000000003
788.70313	-545.3323300000001
787.51074	-577.4411699999999
786.31836	-418.00396
785.125	-393.65677999999997
783.93164	-628.29576
782.73828	-464.75118999999995
781.54492	-506.47543
780.35059	-474.23103
779.15625	-571.9337499999999
777.96191	-543.85581
776.76758	-642.75946
775.57227	-735.9913300000001
774.37695	-918.53543
773.18164	-1052.6326299999998
771.98633	-964.9100999999999
770.79004	-1006.0211100000001
769.59375	-1033.05926
768.39746	-766.40712
767.20117	-840.73424
766.00391	-837.2719599999999
764.80664	-834.32786
763.60938	-770.12637
762.41211	-780.98677
761.21387	-655.6424400000001
760.01563	-717.49505
758.81738	-771.01183
757.61816	-626.8008600000001
756.41992	-705.0626799999999
755.2207	-614.6171800000001
754.02148	-383.21473000000003
752.82129	-3.4874999999999545
751.62109	20.374990000000025
750.4209	330.87897
749.2207	144.11284
748.02051	95.01286000000005
746.81934	-179.35458999999992
745.61816	-317.2397799999999
744.41699	-548.60076
743.21484	-770.1897
742.0127	-865.89245
740.81055	-968.69839
739.6084	-952.97091
738.40625	-970.98809
737.20313	-1044.0453200000002
736.0	-1118.7021800000002
734.7959	-1300.85221
733.59277	-1339.6577499999999
732.38867	-1258.04736
731.18457	-1517.8647499999997
729.97949	-1607.8926000000001
728.77539	-1491.22351
727.57031	-1517.1584400000002
726.36523	-1497.8509999999999
725.16016	-1614.62199
723.9541	-1644.39654
722.74805	-1786.56687
721.54199	-1778.71252
720.33496	-1929.15259
719.12891	-1902.38112
717.92188	-1974.4796299999998
716.71484	-2176.3874800000003
715.50684	-2302.09717
714.29883	-2449.89584
713.09082	-2599.3032000000003
711.88281	-2859.49407
710.67481	-3182.4938300000003
709.46582	-3331.1436
708.25684	-3702.9249600000003
707.04785	-4035.09231
705.83789	-4344.10601
704.62793	-4792.826660000001
703.41797	-5392.95184
702.20801	-5889.80713
700.99805	-6539.86644
699.78711	-7146.765809999999
698.57617	-7685.31572
697.36426	-7945.640380000001
696.15332	-8175.622150000001
694.94141	-8651.486069999999
693.72949	-9151.84322
692.5166	-8872.9905
691.30469	-8591.958139999999
690.0918	-8867.902740000001
688.87891	-8386.472129999998
687.66504	-8202.51123
686.45117	-7476.99401
685.23731	-6961.19873
684.02344	-6581.340260000001
682.80957	-6186.383159999999
681.59473	-5937.41425
680.37988	-5621.20809
679.16504	-5612.093760000001
677.94922	-5611.70418
676.7334	-5591.55861
675.51758	-5411.77378
674.30176	-5166.89643
673.08496	-4926.23777
671.86914	-4637.8481
670.65137	-3986.91768
669.43457	-3647.5933699999996
668.2168	-3138.88483
667.0	-2775.46925
665.78125	-2658.91102
664.56348	-2392.93494
663.34473	-2037.2881399999999
662.12598	-2167.4802400000003
660.90723	-1935.6179300000001
659.68848	-1811.89493
658.46875	-1745.61408
657.24902	-1783.0984099999998
656.0293	-1565.0135599999999
654.80859	-1592.65157
653.58789	-1555.7674299999999
652.36719	-1501.00812
651.14648	-1439.5220299999999
649.92481	-1410.8613599999999
648.7041	-1427.10053
647.48242	-1284.36762
646.25977	-1278.23559
645.03711	-1289.33883
643.81543	-1260.80079
642.5918	-1210.93022
641.36914	-1243.7212599999998
640.14551	-1195.67486
638.92188	-1136.05509
637.69824	-1118.64553
636.47461	-1134.65376
635.25	-1149.74998
634.02539	-879.4561999999999
632.80078	-846.43076
631.5752	-949.5976699999999
630.34961	-797.4107300000001
629.12402	-877.68553
627.89844	-804.3946299999999
626.67188	-751.9373799999998
625.44531	-634.5116500000001
624.21875	-666.4523200000001
622.99219	-821.71042
621.76465	-885.2762400000001
620.53711	-838.9193
619.30957	-605.5793100000001
618.08106	-520.8743
616.85254	-363.57033000000007
615.62402	-260.57778
614.39551	-164.2159200000001
613.16699	-47.720179999999914
611.9375	-130.16141000000005
610.70801	-242.21007000000003
609.47754	-8.651449999999954
608.24805	-117.74325000000002
607.01758	85.26292000000001
605.78711	159.89722000000003
604.55566	111.94851999999997
603.3252	34.609290000000016
602.09375	135.26396999999997
600.86133	54.33830999999999
599.62988	121.07788000000001
598.39746	141.59086
597.16504	113.82172
595.93262	129.64891
594.69922	98.98510000000002
593.46582	169.36302999999998
592.23242	168.66949
590.99902	79.29639
589.76465	-16.226689999999998
588.53027	-18.51733
587.2959	77.12518999999999
586.06152	9.256810000000002
584.82617	-72.335
583.59082	-36.527330000000006
582.35547	-51.709669999999996
581.11914	-32.128529999999984
579.88281	-149.57714
578.64648	-110.62525
577.41016	-161.75865
