2000.04395	-104.81908999999999
1901.7627	118.17293000000001
1900.78027	-199.21792
1899.79785	-29.44686
1898.81543	-107.68633000000001
1897.83203	-126.9875
1896.84961	-129.80828
1895.86621	-77.49855
1894.88281	-96.45600999999999
1893.89844	-18.32336
1892.91504	-122.52063
1891.93066	-85.69962
1890.94727	-26.69633
1889.96289	-68.03358
1888.97754	-205.02418
1887.99316	-43.10564
1887.00781	-205.41421
1886.02344	-101.78216
1885.03809	28.600610000000003
1884.05176	-97.36732
1883.06641	-17.73809
1882.08106	-53.9542
1881.09473	113.54245999999998
1880.1084	2.6251999999999995
1879.12207	8.810209999999998
1878.13574	9.37187
1877.14844	-118.33005
1876.16211	38.09509
1875.17481	-86.72321
1874.1875	-183.00785000000002
1873.19922	-177.07157999999998
1872.21191	-91.84597
1871.22363	-121.80492000000001
1870.23633	-115.81203000000001
1869.24805	-53.88969
1868.25879	-145.32209
1867.27051	-202.78396
1866.28223	30.12167
1865.29297	44.00328
1864.30371	107.38673
1863.31445	-62.82039
1862.32422	-128.37113
1861.33496	38.65831
1860.34473	63.48531
1859.35449	41.64241
1858.36426	-57.9951
1857.37402	-52.44747
1856.38379	158.23678999999998
1855.39258	-77.08554
1854.40137	-25.930010000000003
1853.41016	10.597919999999995
1852.41895	-52.53372
1851.42676	-239.36642999999998
1850.43555	-118.05277
1849.44336	-220.99457999999998
1848.45117	-64.55781999999999
1847.45898	22.260409999999993
1846.4668	-74.11037000000002
1845.47363	-79.55120000000001
1844.48047	-49.92421
1843.48731	-55.90833
1842.49414	-46.958079999999995
1841.50098	-121.71173
1840.50684	-50.54419999999999
1839.51367	-104.17367999999999
1838.51953	-198.60548
1837.52539	-53.43822000000001
1836.53027	73.15337
1835.53613	-203.73439
1834.54102	-123.36573999999999
1833.5459	-4.552810000000001
1832.55078	-120.00164
1831.55566	-73.83519
1830.56055	-64.52404
1829.56445	-133.94788
1828.56836	-194.5784
1827.57227	-36.373489999999975
1826.57617	-130.7255
1825.58008	-16.995659999999987
1824.58301	76.89157
1823.58594	-81.61922999999999
1822.58887	55.89332
1821.5918	-58.26136
1820.59473	-1.7781799999999919
1819.59668	-73.56309000000002
1818.59961	-4.628990000000016
1817.60156	-26.47547
1816.60352	22.892500000000013
1815.60449	-48.30315000000002
1814.60645	44.40101
1813.60742	53.98788999999999
1812.6084	142.11509
1811.60938	36.472350000000006
1810.61035	-120.20379
1809.61035	-155.07062000000002
1808.61133	-62.76056000000001
1807.61133	16.932609999999983
1806.61133	-33.3086
1805.61035	-85.68548999999999
1804.61035	100.43036999999998
1803.60938	-104.56602999999998
1802.6084	-156.41731
1801.60742	-11.590370000000007
1800.60645	-134.8125
1799.60547	27.550990000000013
1798.60352	95.293
1797.60156	133.73676
1796.59961	-40.550160000000005
1795.59766	-0.7737500000000068
1794.5957	37.694050000000004
1793.59277	132.9439
1792.58984	32.71013000000001
1791.58789	31.095880000000008
1790.58398	-82.70601
1789.58106	-81.47265999999999
1788.57715	-86.50465
1787.57422	-64.69198
1786.57031	53.65011000000001
1785.56641	-34.05381
1784.56152	93.33438000000001
1783.55762	-22.675439999999995
1782.55273	96.45279000000001
1781.54785	140.50777
1780.54297	103.68912
1779.53809	0.5323300000000017
1778.53223	-30.40014
1777.52734	-172.38198999999997
1776.52148	-129.60447
1775.51563	-1.7445900000000023
1774.50879	77.92073
1773.50293	150.42592
1772.49609	-187.01735
1771.48926	127.23378000000001
1770.48242	-63.340379999999996
1769.47559	-120.51779000000002
1768.46777	-226.63488999999998
1767.46094	3.49991
1766.45313	-141.62363
1765.44531	-78.01718000000001
1764.4375	-133.19412999999997
1763.42871	-65.72751000000001
1762.4209	-86.84159
1761.41211	-106.86996
1760.40332	-83.81257999999998
1759.39356	-20.92469
1758.38477	-56.87932000000001
1757.375	-3.4900499999999965
1756.36621	55.040229999999994
1755.35645	-131.51855
1754.3457	73.95733999999999
1753.33594	-42.20420999999999
1752.3252	100.17133999999999
1751.31543	21.035719999999998
1750.30469	139.48991
1749.29297	92.41423
1748.28223	-24.05446
1747.27051	149.35047
1746.25977	30.774370000000005
1745.24805	118.63382
1744.23535	-3.0916500000000013
1743.22363	126.17663999999999
1742.21191	28.53728
1741.19922	182.8761
1740.18652	100.08113
1739.17383	115.78214
1738.16016	9.02449
1737.14746	-117.20024000000001
1736.13379	-28.9831
1735.12012	-2.091809999999999
1734.10645	-25.776170000000008
1733.0918	-79.44498
1732.07813	-142.72072
1731.06348	-141.70928
1730.04883	-84.15441
1729.03418	-166.41843
1728.01953	-172.86603
1727.00391	-117.86623
1725.98828	-247.96945
1724.97266	49.85954000000001
1723.95703	-145.01027
1722.94141	-209.99048
1721.92481	-77.99436999999999
1720.90918	-111.72218
1719.89258	-368.76535
1718.87598	-225.23542000000003
1717.8584	-261.84232
1716.8418	-183.7254
1715.82422	-309.35755
1714.80664	-279.90103
1713.78906	-196.63970999999998
1712.77051	-344.11805
1711.75293	-318.461
1710.73438	-405.86897999999997
1709.71582	-249.17991999999998
1708.69727	-235.00448999999998
1707.67871	-530.64779
1706.65918	-372.67706
1705.64063	-444.31449
1704.62109	-297.88091999999995
1703.60059	-339.19887000000006
1702.58106	-466.75575
1701.56152	-330.97278000000006
1700.54102	-387.3005
1699.52051	-393.12031
1698.5	-348.45367
1697.47852	-342.72849999999994
1696.45801	-444.85715
1695.43652	-401.61195999999995
1694.41504	-358.77309
1693.39356	-374.1938
1692.37207	-360.45144000000005
1691.34961	-559.04439
1690.32715	-441.689
1689.30469	-446.32244000000003
1688.28223	-583.70583
1687.25977	-743.10695
1686.23633	-550.4748199999999
1685.21387	-493.36615
1684.19043	-642.3818899999999
1683.16602	-708.72452
1682.14258	-691.82234
1681.11914	-432.37354999999997
1680.09473	-597.4651900000001
1679.07031	-798.0874299999999
1678.0459	-639.79162
1677.02051	-858.8923399999999
1675.99609	-790.23389
1674.9707	-927.1258899999999
1673.94531	-971.9646499999999
1672.91992	-811.4528799999999
1671.89356	-947.06709
1670.86816	-930.96981
1669.8418	-806.6341600000001
1668.81543	-839.79108
1667.78906	-994.1658399999999
1666.76172	-1027.18368
1665.73535	-1092.30181
1664.70801	-1039.3132699999999
1663.68066	-1130.74109
1662.65332	-1157.8066800000001
1661.625	-1146.97191
1660.59766	-1314.9019199999998
1659.56934	-1214.12772
1658.54102	-1284.4763699999999
1657.5127	-1427.00397
1656.4834	-1400.66055
1655.45508	-1520.62159
1654.42578	-1481.50082
1653.39648	-1374.59121
1652.36621	-1597.9318
1651.33691	-1601.91856
1650.30664	-1688.1206700000002
1649.27637	-1770.6473099999998
1648.24609	-1826.0995400000002
1647.21582	-1858.07227
1646.18555	-1902.00016
1645.1543	-1954.0645799999998
1644.12305	-2287.76397
1643.0918	-2281.69677
1642.06055	-2332.22884
1641.02832	-2472.8025399999997
1639.99707	-2532.0159999999996
1638.96484	-2791.1191400000002
1637.93164	-2675.00311
1636.89941	-2635.69883
1635.86719	-2706.16787
1634.83398	-2639.19363
1633.80078	-2831.4882100000004
1632.76758	-2884.03931
1631.73438	-2844.64818
1630.7002	-2941.61397
1629.66602	-2847.04842
1628.63184	-2892.3871099999997
1627.59766	-2980.29262
1626.56348	-3086.5881900000004
1625.52832	-3281.5987299999997
1624.49316	-3412.86348
1623.45801	-3324.89231
1622.42285	-3590.9158
1621.3877	-3423.31241
1620.35156	-3608.3311700000004
1619.31543	-3565.8749799999996
1618.2793	-3714.6158600000003
1617.24316	-3643.1076500000004
1616.20703	-3682.0375300000005
1615.16992	-4131.62767
1614.13281	-4001.23619
1613.0957	-4133.32517
1612.05859	-4166.66053
1611.02051	-4263.56647
1609.9834	-4518.46895
1608.94531	-4908.83957
1607.90723	-4686.441209999999
1606.86816	-5080.68799
1605.83008	-5172.248730000001
1604.79102	-5505.692980000001
1603.75195	-5323.702120000001
1602.71289	-5723.58414
1601.67383	-5949.14293
1600.63379	-5971.401629999999
1599.59473	-6176.657359999999
1598.55469	-5986.10103
1597.51367	-5662.287469999999
1596.47363	-5448.007100000001
1595.43359	-5037.484689999999
1594.39258	-3850.9366599999994
1593.35156	-3585.4151200000015
1592.31055	-3119.2100500000015
1591.26856	-2532.541369999999
1590.22754	-1572.264909999998
1589.18555	-1457.3302600000025
1588.14356	-1700.1827999999987
1587.10059	-1518.848539999999
1586.05859	-2172.6960299999955
1585.01563	-2119.3760599999987
1583.97266	-3091.0631199999953
1582.92969	-3656.550329999998
1581.88672	-4325.469809999999
1580.84375	-5181.06596
1579.79981	-5909.074840000001
1578.75586	-6655.710579999999
1577.71191	-6835.16388
1576.66699	-6871.776459999997
1575.62305	-6948.505239999999
1574.57813	-6933.061699999998
1573.5332	-7182.4892599999985
1572.48828	-7858.56667
1571.44336	-8680.43537
1570.39746	-9765.399410000002
1569.35156	-10477.140360000001
1568.30566	-10614.170270000002
1567.25977	-9778.7025
1566.21387	-9285.11834
1565.16699	-8629.970790000001
1564.12012	-7847.605519999999
1563.07324	-6622.0311200000015
1562.02637	-6144.699620000001
1560.97852	-5420.869050000001
1559.93066	-4886.04003
1558.88379	-4665.971729999999
1557.83496	-4008.279339999999
1556.78711	-4484.876399999999
1555.73926	-4978.05304
1554.69043	-5328.8581699999995
1553.6416	-5747.456870000001
1552.59277	-5960.40389
1551.54297	-6727.59608
1550.49414	-7130.70721
1549.44434	-7544.19318
1548.39453	-8140.864390000001
1547.34473	-8472.4286
1546.29395	-8703.30367
1545.24414	-8996.54177
1544.19336	-8879.357929999998
1543.14258	-8970.40838
1542.09082	-9025.221119999998
1541.04004	-8612.31849
1539.98828	-8350.801290000001
1538.93652	-7937.127639999999
1537.88477	-7714.873380000001
1536.83301	-7842.7410199999995
1535.78027	-7244.59419
1534.72754	-6494.335959999999
1533.67481	-6593.448780000001
1532.62207	-6192.34126
1531.56934	-6140.461649999999
1530.51563	-5785.79662
1529.46191	-5461.79053
1528.4082	-5177.72155
1527.35449	-5062.804840000001
1526.29981	-4943.596369999999
1525.24609	-4582.1300200000005
1524.19141	-4242.8465400000005
1523.13672	-4130.910150000001
1522.08106	-3860.0379399999997
1521.02637	-3757.9221500000003
1519.9707	-3418.4996900000006
1518.91504	-3385.07172
1517.85938	-3432.33906
1516.80273	-3272.0116000000003
1515.74707	-2814.7547400000003
1514.69043	-2692.28769
1513.63379	-2623.35823
1512.57715	-2597.03093
1511.51953	-2594.57435
1510.46191	-2457.5510299999996
1509.40527	-2400.12369
1508.34668	-2297.75515
1507.28906	-2264.6719900000003
1506.23145	-1806.81417
1505.17285	-2023.53424
1504.11426	-1905.0350799999997
1503.05566	-1780.2591499999999
1501.99609	-1868.9359299999999
1500.9375	-1729.5274200000001
1499.87793	-1416.50007
1498.81836	-1277.31548
1497.75781	-1369.66848
1496.69824	-1104.17993
1495.6377	-1092.1130800000003
1494.57715	-972.9571699999999
1493.5166	-1063.23968
1492.45606	-995.4396900000002
1491.39453	-486.4556299999999
1490.33301	-458.6102099999998
1489.27148	-442.7035599999999
1488.20996	-382.87383999999975
1487.14844	-317.3905600000003
1486.08594	-152.57034999999996
1485.02344	-50.92745999999988
1483.96094	-298.52343999999994
1482.89844	-520.1782600000001
1481.83496	-593.0278799999996
1480.77246	-698.8459500000004
1479.70898	-684.1561700000002
1478.64453	-914.2742499999999
1477.58106	-1298.7785000000001
1476.51758	-1495.9582100000002
1475.45313	-1573.2936099999997
1474.38867	-1550.41505
1473.32324	-1554.78217
1472.25879	-1858.4414899999997
1471.19336	-1649.3377699999996
1470.12793	-1779.5870800000002
1469.0625	-2168.75491
1467.99707	-2187.66528
1466.93066	-2196.29122
1465.86523	-2304.33364
1464.79883	-2448.4549700000002
1463.73145	-2509.01922
1462.66504	-2684.3733199999997
1461.59766	-2621.80711
1460.53027	-2462.87494
1459.46289	-2441.7267699999998
1458.39551	-2425.24557
1457.32715	-2336.49616
1456.25977	-2206.6907300000003
1455.19141	-1967.7369800000001
1454.12305	-1595.6171299999999
1453.05371	-1681.2100599999999
1451.98535	-1431.5929999999998
1450.91602	-1151.35409
1449.84668	-975.52323
1448.77637	-1094.5807
1447.70703	-944.11798
1446.63672	-1047.5414600000001
1445.56641	-904.09665
1444.49609	-889.73615
1443.42578	-689.93357
1442.35449	-749.69719
1441.2832	-646.4903200000001
1440.21191	-756.28342
1439.14063	-579.3029300000001
1438.06934	-488.86274999999995
1436.99707	-673.6684600000001
1435.92481	-606.7167099999999
1434.85254	-579.58533
1433.78027	-463.51959
1432.70703	-381.76055
1431.63379	-660.09827
1430.56055	-594.51573
1429.48731	-467.6637
1428.41309	-417.42501
1427.33984	-394.40053
1426.26563	-586.72201
1425.19141	-523.2264299999999
1424.11621	-467.33110999999997
1423.04199	-398.54243
1421.9668	-317.85558
1420.8916	-247.58478000000002
1419.81641	-420.87892
1418.74023	-577.98676
1417.66504	-453.31101
1416.58887	-490.89382
1415.5127	-576.95462
1414.43555	-789.83447
1413.35938	-687.81665
1412.28223	-673.89303
1411.20508	-706.0785900000001
1410.12793	-691.55829
1409.04981	-806.72392
1407.97266	-1113.87052
1406.89453	-933.69669
1405.81641	-1088.1069400000001
1404.73731	-1112.77646
1403.65918	-960.2152900000001
1402.58008	-937.49864
1401.50098	-972.4035
1400.42188	-722.6391
1399.3418	-548.60492
1398.2627	-441.9133
1397.18262	-201.36095999999998
1396.10254	-86.62082999999996
1395.02148	98.20679000000007
1393.94141	265.57826
1392.86035	157.99819000000002
1391.7793	330.41828
1390.69824	552.7218399999999
1389.61621	538.75208
1388.53516	166.68180999999993
1387.45313	115.54632000000004
1386.37109	18.45514000000003
1385.28809	276.41355
1384.20606	348.49542999999994
1383.12305	45.86048000000005
1382.04004	351.16571999999996
1380.95703	181.53733
1379.87305	105.76930000000004
1378.78906	552.90476
1377.70508	181.16344000000004
1376.62109	330.8784800000001
1375.53711	370.82282999999995
1374.45215	618.2317599999999
1373.36719	627.37358
1372.28223	385.46096
1371.19727	313.03424000000007
1370.11231	363.12807
1369.02637	388.02891
1367.94043	376.86456
1366.85449	571.52192
1365.76758	346.15244
1364.68164	308.96639000000005
1363.59473	306.95103
1362.50781	322.25667
1361.41992	282.70180000000005
1360.33301	407.25869000000006
1359.24512	191.06671999999998
1358.15723	263.46364000000005
1357.06934	352.12155
1355.98145	429.98638
1354.89258	290.50160000000005
1353.80371	220.23316000000003
1352.71484	311.19104
1351.625	457.90322000000003
1350.53613	130.8996
1349.44629	207.76837999999998
1348.35645	258.19597999999996
1347.2666	76.80468000000002
1346.17578	141.59337
1345.08594	81.52992999999998
1343.99512	323.79320000000007
1342.90332	212.71637999999996
1341.8125	197.29268999999994
1340.7207	453.60501
1339.62988	407.65645
1338.53809	381.1265900000001
1337.44531	396.01953000000003
1336.35352	485.1857100000001
1335.26074	534.91534
1334.16797	696.1192599999999
1333.0752	514.87242
1331.98145	370.04589
1330.88867	397.89558999999997
1329.79492	231.44752
1328.70117	299.24075000000005
1327.60645	415.35503000000006
1326.5127	556.72767
1325.41797	354.89804000000004
1324.32324	395.47258999999997
1323.22754	61.70473000000004
1322.13281	178.20155999999997
1321.03711	12.26911999999993
1319.94141	-154.00652000000002
1318.8457	-299.14459
1317.75	-85.50089000000003
1316.65332	-254.40373999999997
1315.55664	-284.90990999999997
1314.45996	-325.07770000000005
1313.36328	-334.38094999999987
1312.26563	-349.4623999999999
1311.16797	-283.3125600000001
1310.07031	-238.16614000000015
1308.97266	-297.75278000000014
1307.87402	-353.31557
1306.77637	-438.1586000000001
1305.67773	-360.46203
1304.5791	-226.77210999999988
1303.47949	-301.4441199999999
1302.38086	-389.72596999999996
1301.28125	-597.6331599999999
1300.18164	-617.92914
1299.08106	-551.8733699999998
1297.98145	-431.4767099999999
1296.88086	-732.35592
1295.78027	-708.2471400000002
1294.67969	-658.1236899999999
1293.57813	-656.75351
1292.47656	-528.6968000000002
1291.375	-417.13850999999977
1290.27344	-116.36749999999984
1289.17188	116.30864999999994
1288.06934	304.8601499999995
1286.9668	695.5131099999999
1285.86426	918.2475100000001
1284.76172	1141.4943200000007
1283.6582	864.4424399999998
1282.55469	956.2452700000003
1281.45117	725.1326499999996
1280.34766	757.4542000000001
1279.24414	688.9277400000005
1278.13965	740.8033699999996
1277.03516	389.2587699999999
1275.93066	578.20444
1274.8252	541.82647
1273.7207	540.51667
1272.61523	385.0794799999999
1271.50879	227.39636999999993
1270.40332	76.64093000000003
1269.29785	33.48024999999984
1268.19141	104.88211999999999
1267.08496	111.33586999999989
1265.97754	64.20867999999996
1264.87109	82.97673000000009
1263.76367	10.30262000000016
1262.65625	7.544179999999983
1261.54883	-134.42315999999994
1260.44043	-265.45530999999994
1259.33301	-216.9712800000001
1258.22461	-259.7361400000001
1257.11523	-221.74000999999998
1256.00684	-262.38706
1254.89746	-225.82203000000004
1253.78809	-282.4104000000001
1252.67871	-284.82669
1251.56934	-258.81313
1250.45898	-106.00606000000005
1249.34961	-215.74707
1248.23926	-213.61147000000005
1247.12793	-142.65912000000003
1246.01758	-124.96141
1244.90625	-76.48606000000007
1243.79492	-66.49518
1242.68359	159.20726000000002
1241.57129	138.79283999999996
1240.45996	274.4078
1239.34766	282.81106000000005
1238.23438	417.47158999999994
1237.12207	311.99898
1236.00879	413.90664000000004
1234.89648	226.35388999999998
1233.78223	182.75922000000003
1232.66895	78.72045000000003
1231.55566	42.90854999999999
1230.44141	80.98417999999992
1229.32715	122.35044999999997
1228.21191	-107.49176999999997
1227.09766	7.895489999999995
1225.98242	-97.19597999999996
1224.86719	-68.40602000000001
1223.75195	-83.90350999999998
1222.63574	-63.90487999999999
1221.52051	-137.13441
1220.4043	-96.77919000000003
1219.28711	-106.56370000000001
1218.1709	51.71697
1217.05371	-19.35224999999997
1215.93652	-77.14895000000001
1214.81934	-126.14678000000004
1213.70215	-119.40278
1212.58398	-223.85691000000003
1211.46582	-241.90212000000008
1210.34766	-216.91892999999993
1209.22949	-171.16697999999997
1208.11035	-178.02787999999998
1206.99219	-211.76816999999994
1205.87305	-440.1374800000001
1204.75293	-333.96691999999985
1203.63379	-417.3246200000001
1202.51367	-562.6191699999999
1201.39356	-680.8154999999997
1200.27344	-811.2562099999998
1199.15234	-799.37607
1198.03223	-1035.58171
1196.91113	-1066.8929000000003
1195.79004	-1317.1821600000003
1194.66797	-1490.6196599999998
1193.5459	-1859.41966
1192.42481	-1899.1367199999995
1191.30176	-2132.6025399999994
1190.17969	-2291.12631
1189.05664	-2511.5259400000004
1187.93359	-2671.68068
1186.81055	-2518.2944500000003
1185.6875	-2631.5357099999997
1184.56348	-2835.63834
1183.44043	-2681.44474
1182.31641	-2849.4592099999995
1181.19141	-2766.7773499999994
1180.06738	-2483.6706299999996
1178.94238	-2304.0765699999997
1177.81738	-1900.5998500000003
1176.69238	-1590.8444500000003
1175.56641	-1333.0890699999998
1174.44043	-993.2243299999998
1173.31445	-661.88273
1172.18848	-759.72241
1171.0625	-716.88259
1169.93555	-741.3444099999999
1168.80859	-713.1157999999999
1167.68164	-700.3374399999999
1166.55371	-658.1193700000001
1165.42676	-598.7887499999999
1164.29883	-523.12156
1163.1709	-526.12041
1162.04199	-509.07893
1160.91406	-583.0677
1159.78516	-472.95189000000005
1158.65625	-404.60058000000004
1157.52637	-311.63112
1156.39746	-107.46186
1155.26758	-105.25899999999999
1154.1377	-94.60057999999998
1153.00684	-116.89111
1151.87695	-163.57548
1150.74609	-77.39716000000001
1149.61523	-39.03681
1148.48438	-7.06054
1147.35254	38.62898
1146.2207	62.621700000000004
1145.08887	61.01887
1143.95703	65.59734
1142.8252	79.13727
1141.69238	-86.61322000000001
1140.55957	-34.67263
1139.42676	-104.31712
1138.29297	-119.0539
1137.15918	-84.7749
1136.02539	-142.17693
1134.8916	-257.70985
1133.75781	-389.23464
1132.62305	-342.29076000000003
1131.48828	-571.58854
1130.35352	-818.7786800000001
1129.21777	-796.1680000000001
1128.08301	-776.2536699999999
1126.94727	-677.7643700000001
1125.81152	-782.30607
1124.67481	-778.8447199999999
1123.53906	-688.8856800000001
1122.40234	-631.99651
1121.26563	-601.76108
1120.12793	-486.76388
1118.99023	-577.3199
1117.85352	-458.0161000000003
1116.71484	-542.87815
1115.57715	-465.22235
1114.43945	-572.2464500000001
1113.30078	-541.3166699999997
1112.16211	-534.2336
1111.02246	-656.7311399999999
1109.88379	-676.1248699999996
1108.74414	-529.1144799999997
1107.60449	-750.5703200000003
1106.46387	-832.1955500000004
1105.32422	-951.9770499999995
1104.18359	-904.5802199999998
1103.04297	-1253.4156000000003
1101.90234	-1310.1963400000004
1100.76074	-1620.4978899999996
1099.61914	-1927.2920799999993
1098.47754	-2060.6761500000002
1097.33594	-2507.32233
1096.19336	-2998.52175
1095.05176	-3470.112830000001
1093.90918	-4212.6649
1092.76563	-5205.8609799999995
1091.62305	-6031.94291
1090.47949	-7223.847919999998
1089.33594	-8158.779119999999
1088.19238	-9262.490329999999
1087.04785	-10314.86248
1085.90332	-10548.311710000002
1084.75879	-11242.12065
1083.61426	-11100.5292
1082.46973	-10893.438040000001
1081.32422	-10457.23154
1080.17871	-9883.485079999999
1079.0332	-9054.30185
1077.88672	-8020.03427
1076.74023	-6940.4074999999975
1075.59375	-6123.984550000001
1074.44727	-5097.305039999999
1073.30078	-4128.01367
1072.15332	-3504.677029999999
1071.00586	-3233.844280000005
1069.8584	-2867.915130000001
1068.70996	-2848.79954
1067.56152	-2632.7161699999997
1066.41309	-2215.13796
1065.26465	-2543.06667
1064.11621	-2041.5397699999994
1062.9668	-1644.7412100000001
1061.81738	-1393.1774700000024
1060.66797	-1261.4128200000014
1059.51758	-766.4601399999992
1058.36816	-629.1357900000003
1057.21777	-1484.7196399999993
1056.06738	-1123.6539399999992
1054.91602	-1436.6434599999993
1053.76465	-1325.2174599999998
1052.61328	-1422.7190400000009
1051.46191	-777.4924300000002
1050.31055	-966.3703800000003
1049.1582	-1003.8538200000003
1048.00586	-959.50792
1046.85352	-1140.9554300000004
1045.7002	-1214.1394699999996
1044.54785	-1175.9496200000003
1043.39453	-1185.40278
1042.24023	-1438.20145
1041.08691	-1289.84985
1039.93262	-1371.6966799999996
1038.77832	-1590.46475
1037.62402	-1784.10827
1036.46973	-1715.5174200000001
1035.31445	-2007.85745
1034.15918	-2232.27002
1033.00391	-2343.2699500000003
1031.84766	-2196.77143
1030.69238	-2650.86384
1029.53613	-2981.26203
1028.37891	-3176.1198499999996
1027.22266	-3934.87564
1026.06543	-4292.783560000001
1024.9082	-4696.117630000001
1023.75098	-4362.5376400000005
1022.59375	-3467.5128700000005
1021.43555	-2607.2104500000005
1020.27734	-1968.4733199999991
1019.11914	-1957.7441799999997
1017.95996	-2337.716489999999
1016.80078	-2742.0279899999996
1015.6416	-3131.6407200000003
1014.48242	-3295.0243399999995
1013.32324	-2839.81891
1012.16309	-2492.52517
1011.00293	-2279.8196700000008
1009.84277	-1921.4407599999995
1008.68164	-1654.8707400000003
1007.52051	-1471.32422
1006.35938	-1454.8005799999996
1005.19824	-1563.1211999999996
1004.03711	-1323.1753000000003
1002.875	-1322.1077999999998
1001.71289	-887.8206
1000.55078	444.99383000000125
999.3877	1274.886010000002
998.22461	820.2968299999993
997.06152	-302.3778399999974
995.89844	-1917.1175000000003
994.73438	-3468.39022
993.57129	-4415.6535
992.40723	-4869.496359999999
991.24219	-5311.21894
990.07813	-5652.91995
988.91309	-5889.64892
987.74805	-6288.88004
986.58301	-6232.051530000001
985.41699	-6294.201410000001
984.25098	-6387.19863
983.08496	-6142.26412
981.91895	-5983.37241
980.75195	-5741.12557
979.58496	-5348.12045
978.41797	-5057.4679399999995
977.25098	-4800.59289
976.08301	-4510.56591
974.91504	-4265.0746
973.74707	-3952.0749199999996
972.5791	-3786.35107
971.41016	-3377.9840400000003
970.24219	-3314.25923
969.07227	-2937.1046800000004
967.90332	-2735.2991500000003
966.7334	-2433.66775
965.56348	-2300.45526
964.39356	-1966.0632899999998
963.22363	-2029.5549299999998
962.05273	-1876.6806900000001
960.88184	-1622.69476
959.71094	-1441.48566
958.54004	-1320.9949499999998
957.36816	-1074.42987
956.19629	-1076.60833
955.02441	-963.1295299999999
953.85156	-1001.5065000000001
952.67969	-874.33504
951.50684	-855.9007000000001
950.33398	-911.05664
949.16016	-906.17453
947.98633	-753.62043
946.8125	-775.84033
945.63867	-820.5515599999999
944.46484	-933.12164
943.29004	-876.42759
942.11523	-810.277
940.94043	-688.79261
939.76465	-950.5992800000001
938.58887	-827.26795
937.41309	-877.5573200000001
936.23731	-704.7583599999999
935.06055	-787.5184800000001
933.88379	-851.2606499999999
932.70703	-783.03735
931.53027	-876.3748700000001
930.35254	-812.5798599999998
929.17578	-954.48609
927.99805	-894.97793
926.81934	-918.5655700000001
925.6416	-788.7588900000001
924.46289	-870.99713
923.28418	-724.8623699999999
922.10449	-970.69124
920.92481	-981.47324
919.74609	-991.59494
919.55176	-912.50049
918.38672	-775.6320499999999
917.2207	-763.1477
916.05469	-959.5074000000001
914.8877	-957.1899000000001
913.72168	-801.98192
912.55469	-729.4046900000001
911.3877	-759.07412
910.2207	-759.72642
909.05273	-645.41774
907.88574	-890.95514
906.71777	-655.47134
905.54883	-665.96498
904.38086	-706.346
903.21191	-680.62994
902.04297	-697.7427299999999
900.87402	-540.38859
899.7041	-544.81132
898.53516	-584.35101
897.36523	-491.39585
896.19434	-431.79720999999995
895.02441	-582.32625
893.85352	-540.004
892.68262	-327.09003999999993
891.51172	-397.86037
890.34082	-288.02165
889.16895	-432.26573
887.99707	-453.49996000000004
886.8252	-212.85708999999997
885.65332	-212.3586
884.48047	-206.38245
883.30762	-320.71452999999997
882.13477	-109.10861
880.96191	-115.58261
879.78809	-8.665309999999998
878.61426	150.49367
877.44043	138.96715
876.2666	91.32771
875.0918	83.93177
873.91699	16.431169999999998
872.74219	114.2773
871.56738	21.440710000000003
870.3916	120.2477
869.21582	-31.52572
868.04004	-81.95994999999999
866.86426	-81.60398
865.6875	1.70834
864.51074	59.412670000000006
863.33398	132.97836
862.15723	99.99685
860.97949	-42.091049999999996
859.80273	-200.60835
858.625	-122.01355000000001
857.44629	-32.71559
856.26856	-78.11325
855.08984	-95.05903
853.91113	-126.92061
852.73145	-42.39573
851.55273	-19.030230000000017
850.37305	-171.39562999999998
849.19336	-228.69921000000002
848.01367	-271.83425
846.83301	-288.32710999999995
845.65234	-244.76434999999998
844.47168	-352.42606
843.29102	-402.15813
842.11035	-367.68997
840.92871	-290.50010000000003
839.74707	-503.40198999999996
838.56445	-475.73145
837.38281	-541.20849
836.2002	-456.12175
835.01758	-371.48170000000005
833.83496	-429.60803
832.65137	-444.22065999999995
831.46777	-560.4538299999999
830.28418	-474.38988000000006
829.10059	-459.23504
827.91699	-579.78724
826.73242	-447.28281000000004
825.54785	-523.2356000000001
824.36328	-471.2777
823.17773	-520.88139
821.99219	-495.16229999999996
820.80664	-539.3015000000001
819.62109	-458.07735
818.43457	-519.69175
817.24902	-532.80136
816.0625	-467.78686000000005
814.875	-492.54131000000007
813.68848	-624.97668
812.50098	-520.4470899999999
811.31348	-582.6129700000001
810.12598	-597.98467
808.9375	-638.37112
807.74902	-544.55191
806.56055	-683.63276
805.37207	-768.12229
804.18262	-807.2430899999999
802.99414	-827.15609
801.80371	-998.22526
800.61426	-963.70993
799.42481	-924.81109
798.23438	-1040.7527
797.04395	-1004.4968900000001
795.85254	-775.53928
794.66211	-771.83726
793.4707	-763.83139
792.2793	-801.9722899999999
791.08789	-631.6698
789.89551	-541.92303
788.70313	-599.2797300000001
787.51074	-614.6022499999999
786.31836	-514.34027
785.125	-501.78929999999997
783.93164	-509.75946999999996
782.73828	-606.6768199999999
781.54492	-574.90092
780.35059	-534.62197
779.15625	-578.11918
777.96191	-600.8307699999999
776.76758	-745.11269
775.57227	-734.43467
774.37695	-939.97984
773.18164	-1198.4377399999998
771.98633	-1140.90808
770.79004	-953.057
769.59375	-1071.10472
768.39746	-827.51325
767.20117	-838.16872
766.00391	-811.7740799999999
764.80664	-754.13137
763.60938	-725.94543
762.41211	-823.23959
761.21387	-779.4764
760.01563	-604.3304800000001
758.81738	-762.16093
757.61816	-716.8796
756.41992	-675.6976
755.2207	-425.11953000000005
754.02148	-332.41652
752.82129	-13.094679999999926
751.62109	211.47190999999998
750.4209	374.0309399999999
749.2207	228.50175999999988
748.02051	41.703289999999924
746.81934	-168.62363000000005
745.61816	-360.19003999999995
744.41699	-483.53564000000006
743.21484	-811.8111600000001
742.0127	-760.7605000000001
740.81055	-669.23757
739.6084	-916.66616
738.40625	-972.79637
737.20313	-973.4479000000001
736.0	-970.1094
734.7959	-1200.9654300000002
733.59277	-1205.67319
732.38867	-1332.29839
731.18457	-1372.11823
729.97949	-1529.65969
728.77539	-1438.1401
727.57031	-1431.82409
726.36523	-1552.83311
725.16016	-1710.06347
723.9541	-1689.81823
722.74805	-1685.7440100000001
721.54199	-1739.90073
720.33496	-1911.62179
719.12891	-1871.1317900000001
717.92188	-1872.42425
716.71484	-2040.0083300000001
715.50684	-2257.24492
714.29883	-2389.7792600000002
713.09082	-2516.8124000000003
711.88281	-2619.68225
710.67481	-2873.6385200000004
709.46582	-3231.33094
708.25684	-3403.75684
707.04785	-3744.78417
705.83789	-4127.51696
704.62793	-4567.499320000001
703.41797	-5058.87714
702.20801	-5584.309569999999
700.99805	-6375.07476
699.78711	-6958.0459599999995
698.57617	-7572.06083
697.36426	-7710.850350000001
696.15332	-8098.849200000001
694.94141	-8518.556129999999
693.72949	-8905.65084
692.5166	-8654.088160000001
691.30469	-8664.47523
690.0918	-8640.59757
688.87891	-8529.464799999998
687.66504	-8184.0605399999995
686.45117	-7512.03502
685.23731	-7047.90869
684.02344	-6423.099540000001
682.80957	-6245.92296
681.59473	-5953.83051
680.37988	-5440.28255
679.16504	-5612.724380000001
677.94922	-5631.85628
676.7334	-5470.58144
675.51758	-5344.44383
674.30176	-5198.92201
673.08496	-4819.02659
671.86914	-4513.8243600000005
670.65137	-3921.8079399999997
669.43457	-3548.38039
668.2168	-3107.48222
667.0	-2726.33625
665.78125	-2586.8380399999996
664.56348	-2346.68106
663.34473	-2064.00395
662.12598	-2120.29469
660.90723	-1938.45426
659.68848	-1838.87297
658.46875	-1577.1252100000002
657.24902	-1730.48382
656.0293	-1621.13075
654.80859	-1455.23175
653.58789	-1466.05146
652.36719	-1450.2658299999998
651.14648	-1344.00295
649.92481	-1348.4499799999999
648.7041	-1349.89244
647.48242	-1320.21192
646.25977	-1332.5231899999999
645.03711	-1378.48919
643.81543	-1346.61371
642.5918	-1172.63314
641.36914	-1123.4423199999999
640.14551	-1016.36818
638.92188	-1237.85494
637.69824	-1305.17253
636.47461	-1208.86393
635.25	-1133.21649
634.02539	-930.0495999999998
632.80078	-738.70222
631.5752	-817.2301399999999
630.34961	-761.79999
629.12402	-915.2097
627.89844	-811.9327499999999
626.67188	-660.87167
625.44531	-750.8133200000001
624.21875	-610.9146300000001
622.99219	-746.34653
621.76465	-822.7454000000001
620.53711	-726.2247500000001
619.30957	-578.46482
618.08106	-522.1944599999999
616.85254	-298.45177000000007
615.62402	-198.69662000000005
614.39551	-177.19645000000003
613.16699	3.713290000000029
611.9375	-75.5865500000001
610.70801	-110.85465000000005
609.47754	3.957770000000039
608.24805	-99.06286
607.01758	-11.995439999999974
605.78711	-27.272989999999993
604.55566	5.273519999999991
603.3252	-6.052120000000002
602.09375	3.02118999999999
600.86133	-66.63287
599.62988	48.84615000000001
598.39746	-74.1203
597.16504	-49.24275
595.93262	-26.98442
594.69922	-96.71609
593.46582	-21.15824
592.23242	6.116159999999999
590.99902	-29.99446
589.76465	-31.188789999999997
588.53027	-13.17606
587.2959	-48.04544
586.06152	-89.59177
584.82617	-165.92111
583.59082	-64.84837
582.35547	-99.74292
581.11914	-202.27181
579.88281	-194.3478
578.64648	-237.131
577.41016	-175.18759
