2000.04395	2.4439600000000006
1901.7627	51.790259999999996
1900.78027	-163.67327
1899.79785	8.24832
1898.81543	-101.90227
1897.83203	-128.80073
1896.84961	-59.002979999999994
1895.86621	-75.08795
1894.88281	-174.57815
1893.89844	-28.75124
1892.91504	-101.72955999999999
1891.93066	-111.43432999999999
1890.94727	-52.81597
1889.96289	-43.56416
1888.97754	-163.97974
1887.99316	-17.05623
1887.00781	-187.08653999999999
1886.02344	-79.05456
1885.03809	-2.5012399999999992
1884.05176	-31.92952
1883.06641	-57.05769
1882.08106	-40.42763
1881.09473	-118.23998
1880.1084	-33.34128
1879.12207	-37.36672
1878.13574	3.8500300000000003
1877.14844	3.96715
1876.16211	19.3693
1875.17481	-69.69138
1874.1875	-120.55833000000001
1873.19922	-83.75004
1872.21191	-18.48504
1871.22363	-27.27609
1870.23633	7.12632
1869.24805	-81.51429999999999
1868.25879	19.87852
1867.27051	-43.064009999999996
1866.28223	15.173
1865.29297	67.09971999999999
1864.30371	35.62753
1863.31445	50.80699
1862.32422	32.90739
1861.33496	54.3938
1860.34473	66.51471
1859.35449	-66.99696
1858.36426	-48.99236
1857.37402	-65.79416
1856.38379	55.00187
1855.39258	-36.210629999999995
1854.40137	-41.152730000000005
1853.41016	69.49897999999999
1852.41895	-90.68687
1851.42676	-193.77008
1850.43555	-205.60772
1849.44336	-113.98595
1848.45117	-47.29071999999999
1847.45898	-86.29923
1846.4668	-125.44034
1845.47363	3.37234
1844.48047	-49.41719
1843.48731	-87.24024
1842.49414	-126.94915
1841.50098	-62.69371
1840.50684	-133.96301
1839.51367	-65.44328999999999
1838.51953	-148.35601
1837.52539	-78.19829
1836.53027	33.51035
1835.53613	-224.59787
1834.54102	-60.57615
1833.5459	-43.07944
1832.55078	-74.86999
1831.55566	-110.73561
1830.56055	-53.77095
1829.56445	-87.54177999999999
1828.56836	-167.70900999999998
1827.57227	-196.96365
1826.57617	-198.0175
1825.58008	-156.49421
1824.58301	35.49048
1823.58594	-132.82566
1822.58887	-60.222849999999994
1821.5918	-73.873
1820.59473	-113.38377
1819.59668	-120.58975000000001
1818.59961	-164.32418
1817.60156	-169.45132
1816.60352	-108.1327
1815.60449	-246.35149
1814.60645	-86.58747
1813.60742	-165.47958
1812.6084	-134.66658
1811.60938	-110.99158
1810.61035	-126.41129000000001
1809.61035	-213.72707
1808.61133	-178.59668
1807.61133	-146.47133
1806.61133	-84.10995
1805.61035	-150.53224
1804.61035	-107.42462
1803.60938	-161.56063999999998
1802.6084	-105.55927
1801.60742	-77.31532
1800.60645	-135.62291
1799.60547	-189.95615999999998
1798.60352	-95.40404999999998
1797.60156	-139.86636
1796.59961	-151.30681
1795.59766	-122.80227000000001
1794.5957	-43.106449999999995
1793.59277	29.02451
1792.58984	-84.74492000000001
1791.58789	-47.42512
1790.58398	-79.38215
1789.58106	-134.45777999999999
1788.57715	-145.72518
1787.57422	-106.29127
1786.57031	-65.52584
1785.56641	-92.67826
1784.56152	35.784859999999995
1783.55762	-81.4918
1782.55273	0.7293500000000002
1781.54785	72.15252
1780.54297	-63.304410000000004
1779.53809	-62.9224
1778.53223	26.32933
1777.52734	-119.06356999999998
1776.52148	-124.79973999999999
1775.51563	-100.03328
1774.50879	28.64117
1773.50293	31.434389999999997
1772.49609	-176.1933
1771.48926	-66.86787
1770.48242	-70.60913
1769.47559	-159.30695
1768.46777	-242.31403
1767.46094	-114.76458
1766.45313	-122.83929999999998
1765.44531	-145.09455000000003
1764.4375	-165.13956
1763.42871	-157.32949000000002
1762.4209	-119.53156
1761.41211	-220.42677
1760.40332	-192.87496
1759.39356	-196.50745
1758.38477	-204.18657
1757.375	-202.98596
1756.36621	-99.52237
1755.35645	-163.01586
1754.3457	-26.15139
1753.33594	-139.8723
1752.3252	-151.13553
1751.31543	-204.06374
1750.30469	-7.346990000000002
1749.29297	-18.69943
1748.28223	-47.40937
1747.27051	24.705470000000002
1746.25977	-13.142229999999998
1745.24805	-14.62621
1744.23535	15.291249999999998
1743.22363	60.05343
1742.21191	-27.581989999999998
1741.19922	148.60691
1740.18652	179.73927
1739.17383	97.00483
1738.16016	71.19129000000001
1737.14746	16.484180000000002
1736.13379	-17.136779999999998
1735.12012	45.97781
1734.10645	133.98031
1733.0918	-3.6191200000000006
1732.07813	18.90797
1731.06348	-28.55505
1730.04883	-57.10288
1729.03418	-105.28603
1728.01953	-70.55572
1727.00391	-52.045109999999994
1725.98828	-18.51082
1724.97266	-23.016859999999998
1723.95703	-56.55698
1722.94141	-171.93893
1721.92481	-83.23505
1720.90918	-148.43604
1719.89258	-255.87192
1718.87598	-240.12246000000002
1717.8584	-174.10843999999997
1716.8418	-242.43383
1715.82422	-288.88768
1714.80664	-253.05803
1713.78906	-276.10849
1712.77051	-351.38247
1711.75293	-370.87829
1710.73438	-432.97648
1709.71582	-377.66461999999996
1708.69727	-488.25281
1707.67871	-516.8558400000001
1706.65918	-516.3859199999999
1705.64063	-494.54863
1704.62109	-465.62233
1703.60059	-467.32664000000005
1702.58106	-552.9146999999999
1701.56152	-433.71955
1700.54102	-384.78178
1699.52051	-512.52298
1698.5	-362.56514
1697.47852	-476.30253
1696.45801	-423.96263
1695.43652	-537.5242999999999
1694.41504	-450.18107000000003
1693.39356	-538.05277
1692.37207	-542.9043800000001
1691.34961	-682.89392
1690.32715	-654.21727
1689.30469	-719.41835
1688.28223	-695.29561
1687.25977	-852.1126
1686.23633	-839.10127
1685.21387	-711.58867
1684.19043	-834.5734299999999
1683.16602	-828.17384
1682.14258	-866.92628
1681.11914	-819.4561199999999
1680.09473	-883.73368
1679.07031	-1011.5554199999999
1678.0459	-1072.04072
1677.02051	-1087.69832
1675.99609	-1037.16022
1674.9707	-1124.53976
1673.94531	-1255.05226
1672.91992	-1128.89503
1671.89356	-1273.2029499999999
1670.86816	-1249.46664
1669.8418	-1343.3912200000002
1668.81543	-1233.7815999999998
1667.78906	-1208.17933
1666.76172	-1331.2762
1665.73535	-1356.10681
1664.70801	-1365.20243
1663.68066	-1446.5619800000002
1662.65332	-1475.17896
1661.625	-1540.28955
1660.59766	-1607.43302
1659.56934	-1577.9070900000002
1658.54102	-1547.4853
1657.5127	-1724.03439
1656.4834	-1873.4091099999998
1655.45508	-2006.41499
1654.42578	-1861.88999
1653.39648	-1844.64165
1652.36621	-2025.28361
1651.33691	-2039.96224
1650.30664	-2187.89003
1649.27637	-2241.63249
1648.24609	-2347.17191
1647.21582	-2433.8465699999997
1646.18555	-2557.94982
1645.1543	-2613.6542499999996
1644.12305	-2818.88315
1643.0918	-2851.22707
1642.06055	-3018.9345200000002
1641.02832	-3098.27293
1639.99707	-3207.43403
1638.96484	-3484.0491
1637.93164	-3359.97281
1636.89941	-3428.43799
1635.86719	-3562.674
1634.83398	-3580.2613
1633.80078	-3746.0504600000004
1632.76758	-3827.61807
1631.73438	-3979.1036900000004
1630.7002	-4037.98883
1629.66602	-4037.11724
1628.63184	-4155.3209
1627.59766	-4279.0997099999995
1626.56348	-4520.5981600000005
1625.52832	-4744.51459
1624.49316	-4849.25994
1623.45801	-4931.03672
1622.42285	-5128.99175
1621.3877	-5288.00661
1620.35156	-5425.71426
1619.31543	-5515.9225799999995
1618.2793	-5838.80591
1617.24316	-5941.3846
1616.20703	-6059.80795
1615.16992	-6342.223550000001
1614.13281	-6461.89084
1613.0957	-6786.34753
1612.05859	-7011.98532
1611.02051	-7220.52034
1609.9834	-7704.46976
1608.94531	-7980.73887
1607.90723	-8275.06783
1606.86816	-8691.009380000001
1605.83008	-9197.76835
1604.79102	-9741.509300000002
1603.75195	-10420.722300000001
1602.71289	-11198.52988
1601.67383	-12259.456
1600.63379	-13381.1585
1599.59473	-14517.655869999999
1598.55469	-16000.25994
1597.51367	-17399.522879999997
1596.47363	-19392.358630000002
1595.43359	-21075.57947
1594.39258	-22751.21303
1593.35156	-24600.64602
1592.31055	-26512.558190000003
1591.26856	-28275.55517
1590.22754	-29797.13399
1589.18555	-31417.55859
1588.14356	-32766.680659999998
1587.10059	-33436.67447
1586.05859	-34171.21348
1585.01563	-34022.080409999995
1583.97266	-33600.88544
1582.92969	-33081.09648
1581.88672	-32044.371789999997
1580.84375	-31032.39616
1579.79981	-30166.1027
1578.75586	-29756.37919
1577.71191	-29196.55585
1576.66699	-29361.600339999997
1575.62305	-30255.48104
1574.57813	-32248.78835
1573.5332	-34400.99862
1572.48828	-35938.64184
1571.44336	-36341.40119
1570.39746	-35679.33743
1569.35156	-33929.41005
1568.30566	-31368.12801
1567.25977	-28255.79893
1566.21387	-25824.33538
1565.16699	-23558.66357
1564.12012	-21483.81038
1563.07324	-19447.95818
1562.02637	-18142.44422
1560.97852	-16798.439850000002
1559.93066	-16102.290200000001
1558.88379	-15173.56163
1557.83496	-14147.32397
1556.78711	-13263.71384
1555.73926	-12891.94387
1554.69043	-12239.145499999999
1553.6416	-11889.28521
1552.59277	-11407.021139999999
1551.54297	-11451.9763
1550.49414	-11326.75799
1549.44434	-11332.83753
1548.39453	-11494.98453
1547.34473	-11628.94758
1546.29395	-11878.51839
1545.24414	-11958.42087
1544.19336	-11875.97094
1543.14258	-11842.58465
1542.09082	-11686.64756
1541.04004	-11404.12251
1539.98828	-10913.85605
1538.93652	-10414.729089999999
1537.88477	-9998.04118
1536.83301	-9877.07403
1535.78027	-9377.72033
1534.72754	-8717.175239999999
1533.67481	-8386.12601
1532.62207	-8031.72534
1531.56934	-7736.1004299999995
1530.51563	-7276.23375
1529.46191	-6815.35834
1528.4082	-6521.51973
1527.35449	-6415.02638
1526.29981	-6048.10246
1525.24609	-5711.0587000000005
1524.19141	-5217.20425
1523.13672	-5082.21778
1522.08106	-4874.42981
1521.02637	-4665.55887
1519.9707	-4393.82632
1518.91504	-4267.36744
1517.85938	-4133.41039
1516.80273	-3891.54947
1515.74707	-3671.87093
1514.69043	-3443.08272
1513.63379	-3437.5509199999997
1512.57715	-3327.66097
1511.51953	-3277.89273
1510.46191	-3208.90408
1509.40527	-2955.12035
1508.34668	-3060.96884
1507.28906	-2978.53819
1506.23145	-2798.89336
1505.17285	-2907.6225
1504.11426	-2787.33497
1503.05566	-2789.48265
1501.99609	-2903.52578
1500.9375	-2782.7500600000003
1499.87793	-2576.3769700000003
1498.81836	-2559.64134
1497.75781	-2594.04292
1496.69824	-2570.52808
1495.6377	-2478.05261
1494.57715	-2666.1958999999997
1493.5166	-2655.87308
1492.45606	-2744.3693200000002
1491.39453	-2704.74262
1490.33301	-2740.77808
1489.27148	-2775.26705
1488.20996	-3002.2120499999996
1487.14844	-3043.39696
1486.08594	-2879.4969100000003
1485.02344	-2922.74379
1483.96094	-3022.93331
1482.89844	-2865.61161
1481.83496	-2831.7239099999997
1480.77246	-2772.44545
1479.70898	-2669.1953000000003
1478.64453	-2867.01341
1477.58106	-3232.75162
1476.51758	-3676.27424
1475.45313	-3957.3085
1474.38867	-4436.63879
1473.32324	-4714.0688
1472.25879	-4772.3953
1471.19336	-4539.91744
1470.12793	-4164.69851
1469.0625	-3965.93231
1467.99707	-3643.38828
1466.93066	-3416.4844700000003
1465.86523	-3282.397
1464.79883	-3184.2710300000003
1463.73145	-3193.27115
1462.66504	-3252.16124
1461.59766	-3194.28244
1460.53027	-3102.39001
1459.46289	-3038.6007799999998
1458.39551	-2870.5314200000003
1457.32715	-2753.32399
1456.25977	-2509.9761700000004
1455.19141	-2186.73069
1454.12305	-1888.38059
1453.05371	-1780.74994
1451.98535	-1593.98702
1450.91602	-1440.9186399999999
1449.84668	-1223.8368799999998
1448.77637	-1178.78771
1447.70703	-1072.83321
1446.63672	-1137.77816
1445.56641	-946.1839
1444.49609	-890.47448
1443.42578	-811.73041
1442.35449	-759.12474
1441.2832	-797.70644
1440.21191	-848.48302
1439.14063	-779.05887
1438.06934	-710.4621699999999
1436.99707	-814.1756700000001
1435.92481	-888.6745999999999
1434.85254	-779.61408
1433.78027	-690.4312
1432.70703	-617.70978
1431.63379	-672.6152099999999
1430.56055	-607.08465
1429.48731	-436.29133
1428.41309	-440.12023
1427.33984	-409.17663
1426.26563	-504.18307999999996
1425.19141	-399.91718
1424.11621	-371.97184
1423.04199	-419.63608
1421.9668	-398.51835
1420.8916	-324.40789
1419.81641	-467.96959
1418.74023	-455.18122
1417.66504	-440.06682
1416.58887	-523.82168
1415.5127	-628.90014
1414.43555	-723.6748100000001
1413.35938	-624.80637
1412.28223	-649.4417
1411.20508	-693.55894
1410.12793	-737.57854
1409.04981	-838.2765400000001
1407.97266	-1002.57699
1406.89453	-917.2180800000001
1405.81641	-1106.27962
1404.73731	-1213.8650599999999
1403.65918	-1105.179
1402.58008	-1128.17258
1401.50098	-1071.23936
1400.42188	-976.11479
1399.3418	-976.52736
1398.2627	-777.87276
1397.18262	-712.32348
1396.10254	-644.18369
1395.02148	-545.3391499999999
1393.94141	-512.15829
1392.86035	-568.39699
1391.7793	-433.63382
1390.69824	-356.94336
1389.61621	-432.59467
1388.53516	-589.76146
1387.45313	-532.10595
1386.37109	-466.59008
1385.28809	-362.68082000000004
1384.20606	-364.26357
1383.12305	-347.63003
1382.04004	-328.2614
1380.95703	-454.3938
1379.87305	-444.86703
1378.78906	-350.158
1377.70508	-616.64044
1376.62109	-586.52315
1375.53711	-472.06003000000004
1374.45215	-441.54317000000003
1373.36719	-392.53508
1372.28223	-516.6749
1371.19727	-554.95211
1370.11231	-492.80123
1369.02637	-373.47491
1367.94043	-405.35402999999997
1366.85449	-347.486
1365.76758	-401.58907
1364.68164	-372.3727
1363.59473	-392.61065
1362.50781	-285.0982
1361.41992	-289.83895
1360.33301	-237.7921
1359.24512	-223.86983
1358.15723	-218.20522
1357.06934	-64.69458
1355.98145	10.699959999999997
1354.89258	-115.7779
1353.80371	-98.14915
1352.71484	-56.05798
1351.625	46.699549999999995
1350.53613	-91.06075
1349.44629	-130.15634
1348.35645	-187.99763
1347.2666	-197.61829
1346.17578	-213.02243
1345.08594	-171.27007
1343.99512	-210.93905
1342.90332	-265.42399
1341.8125	-352.77499
1340.7207	-188.93000999999998
1339.62988	-194.68932
1338.53809	-188.67033999999998
1337.44531	-222.95382
1336.35352	-202.96314999999998
1335.26074	-163.41255999999998
1334.16797	-129.37062
1333.0752	-162.88503
1331.98145	-255.9598
1330.88867	-218.15111
1329.79492	-269.50459
1328.70117	-287.58385999999996
1327.60645	-164.39004999999997
1326.5127	-214.7429
1325.41797	-249.13769
1324.32324	-235.76461999999998
1323.22754	-352.52029
1322.13281	-430.28524999999996
1321.03711	-500.8534
1319.94141	-571.31079
1318.8457	-722.9768799999999
1317.75	-652.5801700000001
1316.65332	-804.3074
1315.55664	-905.7844299999999
1314.45996	-931.67908
1313.36328	-1036.71679
1312.26563	-1095.08788
1311.16797	-1043.05091
1310.07031	-1018.9051800000001
1308.97266	-1101.2509200000002
1307.87402	-1203.69471
1306.77637	-1197.5039000000002
1305.67773	-1278.15434
1304.5791	-1243.69139
1303.47949	-1383.37248
1302.38086	-1456.19573
1301.28125	-1688.46897
1300.18164	-1784.45154
1299.08106	-1861.60793
1297.98145	-1964.27209
1296.88086	-2319.93846
1295.78027	-2531.20658
1294.67969	-2774.88447
1293.57813	-3079.36976
1292.47656	-3299.4735299999998
1291.375	-3581.6063599999998
1290.27344	-3913.02029
1289.17188	-4224.513080000001
1288.06934	-4319.659140000001
1286.9668	-4471.89365
1285.86426	-4512.92453
1284.76172	-4516.30562
1283.6582	-4587.67709
1282.55469	-4527.3817
1281.45117	-4375.4251
1280.34766	-4152.360680000001
1279.24414	-3897.1292399999998
1278.13965	-3460.83922
1277.03516	-3322.55257
1275.93066	-2889.82548
1274.8252	-2589.5866
1273.7207	-2224.2533000000003
1272.61523	-2105.63863
1271.50879	-1926.42784
1270.40332	-1913.8729799999999
1269.29785	-1715.51515
1268.19141	-1547.8523500000001
1267.08496	-1401.03688
1265.97754	-1251.32922
1264.87109	-1156.7554599999999
1263.76367	-1089.26498
1262.65625	-968.0719700000001
1261.54883	-1025.74351
1260.44043	-1006.18779
1259.33301	-972.05281
1258.22461	-940.28558
1257.11523	-1014.7688499999999
1256.00684	-976.2446100000001
1254.89746	-933.80695
1253.78809	-938.5213100000001
1252.67871	-901.62593
1251.56934	-859.37063
1250.45898	-724.08561
1249.34961	-729.64293
1248.23926	-746.34936
1247.12793	-615.6816600000001
1246.01758	-700.50089
1244.90625	-594.70266
1243.79492	-660.2738800000001
1242.68359	-558.64147
1241.57129	-511.52382000000006
1240.45996	-451.05815
1239.34766	-486.26147
1238.23438	-458.16692
1237.12207	-447.71398
1236.00879	-443.13631000000004
1234.89648	-536.90345
1233.78223	-530.74835
1232.66895	-602.5915299999999
1231.55566	-593.99031
1230.44141	-544.77751
1229.32715	-510.47939
1228.21191	-578.89408
1227.09766	-521.6757
1225.98242	-532.79042
1224.86719	-468.67228
1223.75195	-395.26166
1222.63574	-411.63931
1221.52051	-353.46021
1220.4043	-389.85637
1219.28711	-340.55024
1218.1709	-285.56816
1217.05371	-305.89182999999997
1215.93652	-390.49054
1214.81934	-436.6163
1213.70215	-563.70744
1212.58398	-675.30254
1211.46582	-691.21112
1210.34766	-775.84137
1209.22949	-859.7143199999999
1208.11035	-990.97278
1206.99219	-1089.1038999999998
1205.87305	-1338.4579800000001
1204.75293	-1462.06303
1203.63379	-1627.9277900000002
1202.51367	-1887.5922
1201.39356	-2220.4392399999997
1200.27344	-2500.5689599999996
1199.15234	-2739.31668
1198.03223	-3173.61274
1196.91113	-3530.20536
1195.79004	-3974.6138
1194.66797	-4407.620129999999
1193.5459	-4826.20187
1192.42481	-5113.52464
1191.30176	-5402.69348
1190.17969	-5649.5243900000005
1189.05664	-5869.2556700000005
1187.93359	-5992.87769
1186.81055	-5995.90195
1185.6875	-6017.69755
1184.56348	-5989.13658
1183.44043	-5918.85031
1182.31641	-5856.466979999999
1181.19141	-5602.001429999999
1180.06738	-5006.5795499999995
1178.94238	-4494.79545
1177.81738	-3838.7021200000004
1176.69238	-3170.88297
1175.56641	-2643.4505999999997
1174.44043	-2175.8635
1173.31445	-1726.55068
1172.18848	-1510.71951
1171.0625	-1387.0804500000002
1169.93555	-1279.74288
1168.80859	-1105.45893
1167.68164	-1103.6805
1166.55371	-963.44257
1165.42676	-840.37108
1164.29883	-799.83846
1163.1709	-667.12776
1162.04199	-646.0764
1160.91406	-631.33156
1159.78516	-628.08663
1158.65625	-546.12621
1157.52637	-461.34159
1156.39746	-375.77797
1155.26758	-322.90567
1154.1377	-250.22162999999998
1153.00684	-242.21234
1151.87695	-115.32512999999999
1150.74609	-146.25398
1149.61523	-67.61389
1148.48438	41.58343
1147.35254	73.66574
1146.2207	123.37581
1145.08887	86.61959999999999
1143.95703	44.43561
1142.8252	47.648410000000005
1141.69238	-13.94227
1140.55957	-24.35873
1139.42676	-103.14419000000001
1138.29297	-144.6289
1137.15918	-200.72748
1136.02539	-274.7137
1134.8916	-430.82007
1133.75781	-560.1428999999999
1132.62305	-664.46774
1131.48828	-905.11086
1130.35352	-1170.8092000000001
1129.21777	-1293.57024
1128.08301	-1417.48039
1126.94727	-1461.22069
1125.81152	-1579.89755
1124.67481	-1679.15016
1123.53906	-1666.18866
1122.40234	-1720.25608
1121.26563	-1902.9239
1120.12793	-2034.07629
1118.99023	-2205.82455
1117.85352	-2454.02928
1116.71484	-2746.74397
1115.57715	-2978.324
1114.43945	-3237.73194
1113.30078	-3479.16864
1112.16211	-3808.60912
1111.02246	-4029.70035
1109.88379	-4311.61364
1108.74414	-4503.46945
1107.60449	-4654.69377
1106.46387	-4929.7502
1105.32422	-5149.760649999999
1104.18359	-5283.11625
1103.04297	-5687.00617
1101.90234	-5993.754080000001
1100.76074	-6445.14927
1099.61914	-6941.665779999999
1098.47754	-7464.42574
1097.33594	-8253.41267
1096.19336	-9236.71667
1095.05176	-10233.523500000001
1093.90918	-11318.23952
1092.76563	-12749.85438
1091.62305	-14178.87704
1090.47949	-15793.824729999998
1089.33594	-17465.65337
1088.19238	-19146.91057
1087.04785	-20789.04089
1085.90332	-22309.63145
1084.75879	-23872.57887
1083.61426	-25263.46042
1082.46973	-26720.161450000003
1081.32422	-28134.209010000002
1080.17871	-29654.828709999998
1079.0332	-31271.50952
1077.88672	-32852.18679
1076.74023	-34596.91598
1075.59375	-36538.68884
1074.44727	-38225.38487
1073.30078	-39814.37719
1072.15332	-40781.82211
1071.00586	-41019.717020000004
1069.8584	-40150.094020000004
1068.70996	-38274.807590000004
1067.56152	-35358.90544
1066.41309	-31740.559839999998
1065.26465	-28091.45119
1064.11621	-24226.712170000003
1062.9668	-20682.68567
1061.81738	-17658.93528
1060.66797	-14974.037390000001
1059.51758	-12871.39019
1058.36816	-11162.73315
1057.21777	-10060.33519
1056.06738	-8965.024669999999
1054.91602	-8340.92914
1053.76465	-7737.75358
1052.61328	-7153.94444
1051.46191	-6100.55519
1050.31055	-5755.851350000001
1049.1582	-5372.568700000001
1048.00586	-5064.69168
1046.85352	-4733.73697
1045.7002	-4322.680539999999
1044.54785	-4075.32627
1043.39453	-3859.6991000000003
1042.24023	-3722.2279799999997
1041.08691	-3604.54551
1039.93262	-3627.52805
1038.77832	-3669.7471100000002
1037.62402	-3729.33963
1036.46973	-3778.4599200000002
1035.31445	-3976.71038
1034.15918	-4179.82273
1033.00391	-4365.6701
1031.84766	-4566.96094
1030.69238	-4883.317849999999
1029.53613	-5433.22093
1028.37891	-6212.767919999999
1027.22266	-7472.395170000001
1026.06543	-9264.571530000001
1024.9082	-11988.21472
1023.75098	-14694.28523
1022.59375	-16730.53393
1021.43555	-16699.954560000002
1020.27734	-15100.252919999999
1019.11914	-12516.01042
1017.95996	-9870.82952
1016.80078	-8038.5018199999995
1015.6416	-7431.28472
1014.48242	-7190.02272
1013.32324	-7142.30528
1012.16309	-7070.9304600000005
1011.00293	-6811.16067
1009.84277	-6238.91573
1008.68164	-5347.90979
1007.52051	-4557.85051
1006.35938	-4110.5796
1005.19824	-4023.11908
1004.03711	-4087.4722400000005
1002.875	-5069.89509
1001.71289	-7193.26775
1000.55078	-11106.876279999999
999.3877	-15669.59417
998.22461	-18551.00642
997.06152	-17119.11262
995.89844	-12784.75187
994.73438	-9410.95684
993.57129	-7694.479
992.40723	-7102.03633
991.24219	-7018.86666
990.07813	-7030.44578
988.91309	-7137.15503
987.74805	-7508.878070000001
986.58301	-7614.46833
985.41699	-7766.66095
984.25098	-7647.53777
983.08496	-7313.08395
981.91895	-6943.53943
980.75195	-6568.63903
979.58496	-6113.53428
978.41797	-5780.98225
977.25098	-5436.18419
976.08301	-5087.88696
974.91504	-4751.77973
973.74707	-4472.363759999999
972.5791	-4223.12733
971.41016	-3836.52849
970.24219	-3635.1278
969.07227	-3426.78486
967.90332	-3127.70532
966.7334	-2854.18719
965.56348	-2702.8542500000003
964.39356	-2448.90447
963.22363	-2300.28778
962.05273	-2128.77567
960.88184	-2011.52879
959.71094	-1796.8764600000002
958.54004	-1707.05786
957.36816	-1457.14598
956.19629	-1438.00115
955.02441	-1340.9333399999998
953.85156	-1282.71918
952.67969	-1241.03843
951.50684	-1191.85922
950.33398	-1236.43614
949.16016	-1297.58446
947.98633	-1309.21116
946.8125	-1279.72814
945.63867	-1365.04597
944.46484	-1333.99531
943.29004	-1244.7312299999999
942.11523	-1209.2199400000002
940.94043	-1157.1899
939.76465	-1130.83274
938.58887	-1146.0417
937.41309	-1094.36708
936.23731	-1019.72336
935.06055	-1039.2056400000001
933.88379	-1099.4190299999998
932.70703	-1059.83712
931.53027	-1045.44368
930.35254	-1073.7882599999998
929.17578	-1094.66438
927.99805	-1046.44992
926.81934	-1052.90047
925.6416	-1045.45451
924.46289	-999.01015
923.28418	-919.69947
922.10449	-956.1818
920.92481	-1014.6369900000001
919.74609	-1027.14142
919.55176	-983.5817499999999
918.38672	-888.63699
917.2207	-923.7421499999999
916.05469	-991.06809
914.8877	-976.80253
913.72168	-926.33435
912.55469	-895.00598
911.3877	-889.59316
910.2207	-881.7982099999999
909.05273	-854.7865999999999
907.88574	-938.79049
906.71777	-901.3820900000001
905.54883	-830.41401
904.38086	-898.7088
903.21191	-858.61509
902.04297	-798.28976
900.87402	-779.4591
899.7041	-723.3949299999999
898.53516	-643.17027
897.36523	-596.73252
896.19434	-552.92827
895.02441	-664.31961
893.85352	-603.2883400000001
892.68262	-499.33671999999996
891.51172	-416.18266
890.34082	-381.0965
889.16895	-405.50285
887.99707	-390.95831000000004
886.8252	-278.51776
885.65332	-232.34439
884.48047	-213.42125
883.30762	-133.31652
882.13477	-82.0259
880.96191	-59.97864
879.78809	37.4439
878.61426	107.29988
877.44043	46.26987
876.2666	21.62416
875.0918	98.15375999999999
873.91699	32.736529999999995
872.74219	14.756600000000002
871.56738	36.51332
870.3916	44.284549999999996
869.21582	-6.072040000000001
868.04004	14.30222
866.86426	-38.155640000000005
865.6875	-18.95609
864.51074	41.402240000000006
863.33398	68.30696
862.15723	75.75635
860.97949	18.208
859.80273	-86.60571
858.625	-22.3325
857.44629	-68.87106
856.26856	-52.33856
855.08984	-64.48508
853.91113	-163.47342
852.73145	-153.77763
851.55273	-163.26506
850.37305	-280.41173
849.19336	-298.39438
848.01367	-387.80824
846.83301	-432.94208
845.65234	-458.05102
844.47168	-577.1914700000001
843.29102	-615.9095
842.11035	-610.15894
840.92871	-684.61819
839.74707	-759.52786
838.56445	-886.95169
837.38281	-916.4917800000001
836.2002	-950.60838
835.01758	-982.85333
833.83496	-1008.68165
832.65137	-983.2347
831.46777	-1178.7084399999999
830.28418	-1213.35996
829.10059	-1243.04031
827.91699	-1229.14434
826.73242	-1322.6567
825.54785	-1362.2333800000001
824.36328	-1322.81805
823.17773	-1326.6782699999999
821.99219	-1298.32863
820.80664	-1207.68748
819.62109	-1189.80758
818.43457	-1245.20643
817.24902	-1267.1899
816.0625	-1095.56769
814.875	-1066.88977
813.68848	-1092.62397
812.50098	-1013.51847
811.31348	-1044.80815
810.12598	-1043.95152
808.9375	-1041.91318
807.74902	-969.4545800000001
806.56055	-987.18331
805.37207	-1085.7191300000002
804.18262	-1069.07152
802.99414	-1042.2878799999999
801.80371	-1112.69352
800.61426	-1129.4721
799.42481	-1106.07743
798.23438	-1087.2488400000002
797.04395	-1068.4706
795.85254	-911.16186
794.66211	-913.32506
793.4707	-823.38413
792.2793	-741.6208799999999
791.08789	-725.4439600000001
789.89551	-641.36112
788.70313	-580.8381400000001
787.51074	-534.4262299999999
786.31836	-477.24523
785.125	-487.52579
783.93164	-534.8734499999999
782.73828	-446.7256
781.54492	-513.85429
780.35059	-443.62235
779.15625	-462.74645999999996
777.96191	-558.1893799999999
776.76758	-655.6856300000001
775.57227	-832.09047
774.37695	-902.53442
773.18164	-1125.5409
771.98633	-1144.17816
770.79004	-1236.34617
769.59375	-1262.50023
768.39746	-1089.54871
767.20117	-1030.49281
766.00391	-1087.7635799999998
764.80664	-975.21119
763.60938	-881.25675
762.41211	-925.91349
761.21387	-945.0170700000001
760.01563	-866.4906000000001
758.81738	-971.56024
757.61816	-972.16301
756.41992	-1030.9386499999998
755.2207	-1034.9000700000001
754.02148	-1004.5965600000001
752.82129	-987.89824
751.62109	-1002.60487
750.4209	-999.43951
749.2207	-1102.67737
748.02051	-1180.93766
746.81934	-1222.70293
745.61816	-1346.50423
744.41699	-1350.04522
743.21484	-1526.55493
742.0127	-1599.1964200000002
740.81055	-1646.19846
739.6084	-1814.41724
738.40625	-1845.60627
737.20313	-1915.7558800000002
736.0	-2000.56669
734.7959	-2154.32883
733.59277	-2193.41
732.38867	-2153.67215
731.18457	-2255.83099
729.97949	-2107.85901
728.77539	-1972.8141600000001
727.57031	-1906.15612
726.36523	-1846.3196899999998
725.16016	-1904.5407
723.9541	-1907.4264
722.74805	-1972.8236100000001
721.54199	-1996.64112
720.33496	-2041.54755
719.12891	-2040.70505
717.92188	-2172.9130999999998
716.71484	-2295.07398
715.50684	-2409.66643
714.29883	-2548.68385
713.09082	-2695.15151
711.88281	-2891.76269
710.67481	-3237.1845500000004
709.46582	-3555.20343
708.25684	-3903.9894900000004
707.04785	-4336.58391
705.83789	-4807.18876
704.62793	-5407.23321
703.41797	-6050.93928
702.20801	-6662.19329
700.99805	-7481.65836
699.78711	-8412.62284
698.57617	-9243.35733
697.36426	-9879.315540000001
696.15332	-10712.55315
694.94141	-12006.63121
693.72949	-13365.75177
692.5166	-14161.331600000001
691.30469	-14761.50679
690.0918	-14979.165140000001
688.87891	-14389.077539999998
687.66504	-13408.75525
686.45117	-11996.9337
685.23731	-10662.86859
684.02344	-9420.783070000001
682.80957	-8475.52826
681.59473	-7641.66509
680.37988	-6914.40383
679.16504	-6775.903230000001
677.94922	-6513.17207
676.7334	-6425.319399999999
675.51758	-6171.924010000001
674.30176	-5902.935939999999
673.08496	-5495.64182
671.86914	-5162.97573
670.65137	-4545.09958
669.43457	-4057.8655999999996
668.2168	-3512.2747
667.0	-3127.78717
665.78125	-2832.70181
664.56348	-2655.11998
663.34473	-2291.82404
662.12598	-2289.87125
660.90723	-2068.22609
659.68848	-1897.40266
658.46875	-1793.91014
657.24902	-1821.43376
656.0293	-1644.52862
654.80859	-1570.97982
653.58789	-1527.73471
652.36719	-1474.4036899999999
651.14648	-1418.4449299999999
649.92481	-1386.9814199999998
648.7041	-1350.85465
647.48242	-1267.2913899999999
646.25977	-1280.6435999999999
645.03711	-1302.0629099999999
643.81543	-1196.46193
642.5918	-1197.15607
641.36914	-1220.64087
640.14551	-1200.57013
638.92188	-1326.74764
637.69824	-1305.77023
636.47461	-1267.6496699999998
635.25	-1337.91633
634.02539	-1117.6935199999998
632.80078	-1077.35932
631.5752	-1185.0665199999999
630.34961	-1147.74145
629.12402	-1178.89033
627.89844	-1128.39931
626.67188	-1057.4534999999998
625.44531	-1071.19648
624.21875	-1044.4579
622.99219	-1076.12171
621.76465	-1052.40589
620.53711	-1030.88014
619.30957	-816.31107
618.08106	-771.47672
616.85254	-724.5662000000001
615.62402	-732.78527
614.39551	-720.7537400000001
613.16699	-640.51595
611.9375	-582.39768
610.70801	-460.28637000000003
609.47754	-355.44772
608.24805	-354.12972
607.01758	-247.70362999999998
605.78711	-197.19592
604.55566	-163.87564
603.3252	-189.21935
602.09375	-106.93062
600.86133	-105.18090000000001
599.62988	-109.02037
598.39746	-111.99732
597.16504	-108.30808999999999
595.93262	-129.32498
594.69922	-95.57385
593.46582	-10.597100000000001
592.23242	-21.434910000000002
590.99902	-41.16118
589.76465	-73.02660999999999
588.53027	-64.03754
587.2959	-80.82796
586.06152	-126.08971999999999
584.82617	-57.81531
583.59082	-38.438990000000004
582.35547	-70.05231
581.11914	-207.31107
579.88281	-210.5456
578.64648	-108.88789
577.41016	-138.0466
