2000.04395	3.947610000000001
1901.7627	40.63444
1900.78027	-141.74089999999998
1899.79785	46.218
1898.81543	-81.95876000000001
1897.83203	-87.98401
1896.84961	-82.4183
1895.86621	114.36387
1894.88281	-190.33085
1893.89844	-23.68314
1892.91504	-53.9967
1891.93066	-4.06174
1890.94727	-26.67728
1889.96289	30.036179999999998
1888.97754	-86.63981999999999
1887.99316	-30.638379999999998
1887.00781	-97.44814
1886.02344	-31.806600000000003
1885.03809	-24.318559999999998
1884.05176	-20.94242
1883.06641	25.507400000000004
1882.08106	-9.9572
1881.09473	-161.6676
1880.1084	65.02495
1879.12207	-17.749299999999998
1878.13574	-81.90917999999999
1877.14844	86.54271
1876.16211	47.42832
1875.17481	-6.55941
1874.1875	-160.34945000000002
1873.19922	-124.78972999999999
1872.21191	-34.16558
1871.22363	-41.80966
1870.23633	15.499030000000001
1869.24805	-72.01823
1868.25879	32.905950000000004
1867.27051	-21.68096
1866.28223	-3.4406999999999996
1865.29297	-90.58194
1864.30371	-87.1234
1863.31445	18.52324
1862.32422	-36.95501
1861.33496	24.226789999999998
1860.34473	141.20338
1859.35449	-34.74108
1858.36426	-15.72447
1857.37402	-55.651790000000005
1856.38379	111.97856999999999
1855.39258	-74.73385999999999
1854.40137	-73.86524
1853.41016	32.94152999999999
1852.41895	-5.7453
1851.42676	-141.63538
1850.43555	-94.70709
1849.44336	-141.91046
1848.45117	5.203550000000007
1847.45898	-146.09374
1846.4668	-179.50483
1845.47363	27.25099
1844.48047	-43.9148
1843.48731	-116.96236
1842.49414	-119.70911
1841.50098	-59.41033
1840.50684	-57.6797
1839.51367	18.875460000000004
1838.51953	-176.22803
1837.52539	-4.287900000000008
1836.53027	-2.3412600000000006
1835.53613	-223.60277
1834.54102	-78.01313999999999
1833.5459	-38.11818
1832.55078	-112.37027
1831.55566	-111.45454
1830.56055	25.4786
1829.56445	-139.58149
1828.56836	-214.21083
1827.57227	-170.76035
1826.57617	-233.48264
1825.58008	-6.57838000000001
1824.58301	99.73875
1823.58594	-151.82345999999998
1822.58887	-88.13816
1821.5918	-34.02302000000001
1820.59473	-68.10195
1819.59668	-74.68084000000002
1818.59961	-151.33008
1817.60156	-103.15889000000001
1816.60352	18.61088000000001
1815.60449	-226.76198
1814.60645	-99.9242
1813.60742	-178.24018
1812.6084	-43.98313
1811.60938	-55.652789999999996
1810.61035	-101.631
1809.61035	-107.1207
1808.61133	-126.47578000000001
1807.61133	-218.14168999999998
1806.61133	7.238489999999999
1805.61035	-116.05575999999999
1804.61035	-98.75346000000002
1803.60938	-121.37407999999999
1802.6084	-208.20339
1801.60742	11.50963999999999
1800.60645	-70.25022
1799.60547	-105.07931999999998
1798.60352	-93.64579999999998
1797.60156	-70.90584
1796.59961	-172.60909
1795.59766	-96.02349000000001
1794.5957	-94.64941999999999
1793.59277	-62.67683000000001
1792.58984	-121.26246
1791.58789	11.720759999999999
1790.58398	-77.10487
1789.58106	-139.01568
1788.57715	-169.03311
1787.57422	-119.78027999999999
1786.57031	-71.59121999999999
1785.56641	41.96430999999999
1784.56152	-31.63272
1783.55762	-86.7862
1782.55273	-40.01623
1781.54785	171.96843
1780.54297	-60.79842
1779.53809	-86.37213
1778.53223	69.63029
1777.52734	-113.62215999999998
1776.52148	-107.31526
1775.51563	-25.38288
1774.50879	6.027609999999999
1773.50293	-14.79547
1772.49609	-110.69942
1771.48926	-81.99893
1770.48242	-52.415029999999994
1769.47559	-179.00534000000002
1768.46777	-271.43204
1767.46094	-67.90871
1766.45313	-123.38344999999998
1765.44531	-169.31919000000002
1764.4375	-213.04909999999998
1763.42871	-172.03503
1762.4209	-79.72998
1761.41211	-206.71335
1760.40332	-131.81126
1759.39356	-73.91127
1758.38477	-169.28678
1757.375	-222.61493
1756.36621	-55.30899000000001
1755.35645	-163.86884
1754.3457	72.28183000000001
1753.33594	-145.67184999999998
1752.3252	-114.48014
1751.31543	-117.88867000000002
1750.30469	33.73535
1749.29297	41.125659999999996
1748.28223	-4.317030000000003
1747.27051	-8.018349999999998
1746.25977	-20.069319999999998
1745.24805	96.35102
1744.23535	24.464509999999997
1743.22363	83.15577
1742.21191	-0.009520000000000195
1741.19922	147.58682
1740.18652	246.88696
1739.17383	57.672830000000005
1738.16016	111.77826
1737.14746	-35.23468
1736.13379	-64.45242999999999
1735.12012	0.6936999999999998
1734.10645	-27.151780000000002
1733.0918	-49.59421
1732.07813	-10.93417
1731.06348	-4.58887
1730.04883	-163.09281000000001
1729.03418	-131.59148
1728.01953	-99.63383999999999
1727.00391	-116.86301
1725.98828	-121.42271
1724.97266	-55.769059999999996
1723.95703	-129.7714
1722.94141	-113.89018999999999
1721.92481	-124.47258
1720.90918	-58.49032
1719.89258	-300.47219
1718.87598	-205.32568000000003
1717.8584	-205.66534
1716.8418	-243.99593000000002
1715.82422	-222.89039999999997
1714.80664	-199.39779
1713.78906	-265.32064
1712.77051	-324.76504
1711.75293	-335.49397999999997
1710.73438	-412.31001
1709.71582	-399.88027999999997
1708.69727	-581.49894
1707.67871	-479.39185000000003
1706.65918	-505.4034
1705.64063	-474.87527
1704.62109	-444.30859
1703.60059	-437.35534
1702.58106	-467.43015999999994
1701.56152	-365.38567
1700.54102	-279.72849
1699.52051	-483.19341000000003
1698.5	-336.35212
1697.47852	-413.41927
1696.45801	-450.82896999999997
1695.43652	-480.94174999999996
1694.41504	-303.17325000000005
1693.39356	-504.18823
1692.37207	-516.9029300000001
1691.34961	-636.69948
1690.32715	-611.23095
1689.30469	-597.83569
1688.28223	-499.83168
1687.25977	-762.7306100000001
1686.23633	-813.71716
1685.21387	-589.02442
1684.19043	-661.5827899999999
1683.16602	-700.5154
1682.14258	-693.55132
1681.11914	-675.08183
1680.09473	-721.6888100000001
1679.07031	-806.19367
1678.0459	-961.0120499999999
1677.02051	-879.7402399999999
1675.99609	-914.1953599999999
1674.9707	-942.0078599999999
1673.94531	-1010.65509
1672.91992	-925.20156
1671.89356	-1007.69166
1670.86816	-1008.3632600000001
1669.8418	-1068.47106
1668.81543	-1088.0657199999998
1667.78906	-1042.62849
1666.76172	-1183.15257
1665.73535	-1241.70057
1664.70801	-1103.02527
1663.68066	-1276.28973
1662.65332	-1292.12159
1661.625	-1390.97161
1660.59766	-1319.8005699999999
1659.56934	-1393.7740000000001
1658.54102	-1253.00646
1657.5127	-1542.33072
1656.4834	-1620.91241
1655.45508	-1713.35917
1654.42578	-1579.38879
1653.39648	-1542.5154699999998
1652.36621	-1629.2642799999999
1651.33691	-1756.6555
1650.30664	-1878.0349800000001
1649.27637	-1942.36737
1648.24609	-2009.78914
1647.21582	-2188.2392099999997
1646.18555	-2197.73073
1645.1543	-2238.5585699999997
1644.12305	-2301.44341
1643.0918	-2529.841
1642.06055	-2550.63216
1641.02832	-2585.04094
1639.99707	-2679.4071099999996
1638.96484	-3059.33151
1637.93164	-2807.0231300000005
1636.89941	-2985.7222699999998
1635.86719	-3088.98745
1634.83398	-2964.56613
1633.80078	-3106.385
1632.76758	-3154.7461000000003
1631.73438	-3259.1695400000003
1630.7002	-3333.44185
1629.66602	-3327.15359
1628.63184	-3372.9278199999994
1627.59766	-3359.6140299999997
1626.56348	-3648.8896400000003
1625.52832	-3922.88242
1624.49316	-3989.9380599999995
1623.45801	-4070.98551
1622.42285	-4062.77322
1621.3877	-4318.03976
1620.35156	-4385.83288
1619.31543	-4443.07005
1618.2793	-4654.57618
1617.24316	-4740.37535
1616.20703	-4941.175590000001
1615.16992	-5063.890240000001
1614.13281	-5097.67736
1613.0957	-5345.50803
1612.05859	-5473.82118
1611.02051	-5580.46271
1609.9834	-6029.34981
1608.94531	-6194.5908
1607.90723	-6504.550829999999
1606.86816	-6581.67114
1605.83008	-6970.658160000001
1604.79102	-7364.462270000001
1603.75195	-7751.185280000001
1602.71289	-8130.82755
1601.67383	-8830.53795
1600.63379	-9441.73513
1599.59473	-10044.94594
1598.55469	-10794.54439
1597.51367	-11033.739609999999
1596.47363	-12011.684340000002
1595.43359	-12397.916329999998
1594.39258	-12866.625139999998
1593.35156	-13803.466880000002
1592.31055	-14493.274500000001
1591.26856	-15197.58532
1590.22754	-15791.67214
1589.18555	-16881.83221
1588.14356	-17347.69158
1587.10059	-17818.113189999996
1586.05859	-18463.202859999998
1585.01563	-18836.67587
1583.97266	-18653.704719999994
1582.92969	-18809.684119999998
1581.88672	-18356.83114
1580.84375	-18317.86674
1579.79981	-18174.59632
1578.75586	-18414.34925
1577.71191	-18119.189270000003
1576.66699	-18436.64658
1575.62305	-19068.722029999997
1574.57813	-20294.74236
1573.5332	-21753.158199999998
1572.48828	-22910.57058
1571.44336	-23411.09846
1570.39746	-23617.115230000003
1569.35156	-23070.891340000002
1568.30566	-21840.79918
1567.25977	-19499.41734
1566.21387	-17989.344409999998
1565.16699	-16532.80087
1564.12012	-15020.165579999999
1563.07324	-13349.98717
1562.02637	-12439.66934
1560.97852	-11417.683990000001
1559.93066	-11041.13769
1558.88379	-10390.82768
1557.83496	-9688.50444
1556.78711	-9270.04436
1555.73926	-9253.81061
1554.69043	-8965.522239999998
1553.6416	-8975.465660000002
1552.59277	-8793.62142
1551.54297	-9134.31849
1550.49414	-9295.60736
1549.44434	-9337.612130000001
1548.39453	-9672.25404
1547.34473	-9803.37989
1546.29395	-10166.16646
1545.24414	-10407.01101
1544.19336	-10298.90542
1543.14258	-10189.831470000001
1542.09082	-10060.55034
1541.04004	-9895.6001
1539.98828	-9447.844140000001
1538.93652	-9007.111889999998
1537.88477	-8682.86801
1536.83301	-8631.58574
1535.78027	-8108.7611799999995
1534.72754	-7713.12404
1533.67481	-7242.767380000001
1532.62207	-6978.3523700000005
1531.56934	-6695.51329
1530.51563	-6277.91186
1529.46191	-6018.063169999999
1528.4082	-5600.843690000001
1527.35449	-5593.22403
1526.29981	-5236.70684
1525.24609	-4903.25709
1524.19141	-4465.10649
1523.13672	-4367.66424
1522.08106	-4120.37608
1521.02637	-4007.8974300000004
1519.9707	-3626.4481200000005
1518.91504	-3596.3240299999998
1517.85938	-3456.7929799999997
1516.80273	-3198.0347300000003
1515.74707	-2972.76328
1514.69043	-2803.97647
1513.63379	-2847.1005999999998
1512.57715	-2733.82432
1511.51953	-2841.17848
1510.46191	-2637.6474599999997
1509.40527	-2317.1585999999998
1508.34668	-2469.28823
1507.28906	-2451.17803
1506.23145	-2315.4887
1505.17285	-2328.13641
1504.11426	-2265.31371
1503.05566	-2205.25432
1501.99609	-2385.73683
1500.9375	-2254.6454000000003
1499.87793	-1995.0827100000001
1498.81836	-2026.6579500000003
1497.75781	-2050.70504
1496.69824	-1967.22564
1495.6377	-1889.1760700000002
1494.57715	-2037.6375899999998
1493.5166	-2172.3951899999997
1492.45606	-2169.35912
1491.39453	-2099.0296099999996
1490.33301	-2057.07005
1489.27148	-1943.7833400000002
1488.20996	-2189.5677499999997
1487.14844	-2186.5499200000004
1486.08594	-1818.6936400000002
1485.02344	-2033.7235999999998
1483.96094	-2139.19287
1482.89844	-2016.3505
1481.83496	-1949.4657499999998
1480.77246	-1974.0577400000002
1479.70898	-1871.4838100000002
1478.64453	-1861.0075299999999
1477.58106	-2276.8259900000003
1476.51758	-2622.19527
1475.45313	-2665.82779
1474.38867	-2970.71803
1473.32324	-3190.5077499999998
1472.25879	-3141.7858499999998
1471.19336	-3006.48413
1470.12793	-2659.0558300000002
1469.0625	-2770.3168
1467.99707	-2621.00183
1466.93066	-2542.6183
1465.86523	-2532.10122
1464.79883	-2568.6313600000003
1463.73145	-2672.06793
1462.66504	-2724.7695
1461.59766	-2597.86107
1460.53027	-2702.93652
1459.46289	-2632.73974
1458.39551	-2400.3694400000004
1457.32715	-2426.08488
1456.25977	-2118.0345500000003
1455.19141	-1886.5959
1454.12305	-1559.59904
1453.05371	-1422.85025
1451.98535	-1244.98281
1450.91602	-953.81878
1449.84668	-881.8845299999999
1448.77637	-763.3688299999999
1447.70703	-678.27663
1446.63672	-806.4740200000001
1445.56641	-634.8836200000001
1444.49609	-600.0476
1443.42578	-644.93067
1442.35449	-609.57804
1441.2832	-688.87743
1440.21191	-568.23617
1439.14063	-649.61305
1438.06934	-553.91834
1436.99707	-592.50937
1435.92481	-671.57951
1434.85254	-651.57882
1433.78027	-511.44120999999996
1432.70703	-477.58096
1431.63379	-554.7214799999999
1430.56055	-510.95862
1429.48731	-176.91331
1428.41309	-151.85997000000003
1427.33984	-116.79136999999997
1426.26563	-217.72004999999996
1425.19141	-128.30390999999997
1424.11621	-218.81126
1423.04199	-163.51590000000002
1421.9668	-263.39743
1420.8916	-178.57721
1419.81641	-409.43259
1418.74023	-409.45619999999997
1417.66504	-381.00275999999997
1416.58887	-470.18709
1415.5127	-639.85303
1414.43555	-748.09301
1413.35938	-610.29374
1412.28223	-701.46433
1411.20508	-715.5105100000001
1410.12793	-740.9599400000001
1409.04981	-937.91791
1407.97266	-1082.92553
1406.89453	-1084.24547
1405.81641	-1054.9242100000001
1404.73731	-1237.30224
1403.65918	-1061.2267000000002
1402.58008	-1101.31905
1401.50098	-991.57192
1400.42188	-927.41905
1399.3418	-943.00116
1398.2627	-671.2114799999999
1397.18262	-689.83495
1396.10254	-697.0472599999999
1395.02148	-425.95107999999993
1393.94141	-397.79051
1392.86035	-544.5935
1391.7793	-356.63692000000003
1390.69824	-309.4321
1389.61621	-195.275
1388.53516	-497.94091000000003
1387.45313	-312.79090999999994
1386.37109	-362.33311
1385.28809	-240.73677000000004
1384.20606	-184.56595000000002
1383.12305	-239.56532999999996
1382.04004	-297.90004999999996
1380.95703	-397.42967
1379.87305	-374.28240999999997
1378.78906	-210.13134000000002
1377.70508	-514.97239
1376.62109	-424.52547
1375.53711	-439.26912000000004
1374.45215	-323.90015000000005
1373.36719	-310.18566999999996
1372.28223	-464.93965999999995
1371.19727	-385.57439999999997
1370.11231	-454.37725
1369.02637	-209.06902000000002
1367.94043	-235.9281
1366.85449	-292.97961999999995
1365.76758	-306.6063
1364.68164	-316.82029
1363.59473	-298.30459
1362.50781	-279.11084
1361.41992	-315.04589
1360.33301	-125.06564999999999
1359.24512	-271.53588
1358.15723	-267.5749
1357.06934	-144.94377
1355.98145	-61.85381
1354.89258	-116.70559
1353.80371	-88.92557
1352.71484	29.71262
1351.625	103.15581
1350.53613	-86.79793
1349.44629	-148.67010000000002
1348.35645	-292.20878
1347.2666	-195.36418
1346.17578	-246.10556
1345.08594	-146.6585
1343.99512	-185.76774
1342.90332	-218.82881000000003
1341.8125	-271.47628
1340.7207	21.48759000000001
1339.62988	-14.314859999999982
1338.53809	86.82605000000004
1337.44531	57.15625
1336.35352	79.77015000000003
1335.26074	144.74146
1334.16797	215.77844000000002
1333.0752	126.85887000000002
1331.98145	-14.980250000000012
1330.88867	92.80254000000002
1329.79492	-145.33902000000003
1328.70117	-141.58883999999998
1327.60645	-71.67132
1326.5127	-25.699060000000003
1325.41797	-95.83581000000001
1324.32324	-210.48512
1323.22754	-275.38007999999996
1322.13281	-261.75649
1321.03711	-300.11650000000003
1319.94141	-500.60268
1318.8457	-558.0162
1317.75	-532.94048
1316.65332	-587.26342
1315.55664	-637.3645799999999
1314.45996	-675.03831
1313.36328	-745.4187
1312.26563	-840.6930699999999
1311.16797	-762.2547000000001
1310.07031	-795.1899300000001
1308.97266	-817.7670300000001
1307.87402	-909.53133
1306.77637	-757.4888900000001
1305.67773	-851.29153
1304.5791	-867.4406199999999
1303.47949	-1030.76526
1302.38086	-1086.93895
1301.28125	-1175.18824
1300.18164	-1259.1037000000001
1299.08106	-1368.3111399999998
1297.98145	-1374.87014
1296.88086	-1593.8192399999998
1295.78027	-1685.69758
1294.67969	-1663.56412
1293.57813	-1931.53537
1292.47656	-1930.2073
1291.375	-1991.07137
1290.27344	-2174.85347
1289.17188	-2199.74922
1288.06934	-1955.1649900000002
1286.9668	-1946.3601800000001
1285.86426	-1824.62529
1284.76172	-1704.0193499999996
1283.6582	-1865.6813399999996
1282.55469	-1813.9847099999997
1281.45117	-1804.9581699999999
1280.34766	-1711.20278
1279.24414	-1651.66869
1278.13965	-1370.84532
1277.03516	-1515.42592
1275.93066	-1205.9656
1274.8252	-1040.9361000000001
1273.7207	-874.7935100000002
1272.61523	-843.77
1271.50879	-888.42406
1270.40332	-947.99383
1269.29785	-820.8390800000001
1268.19141	-824.0272400000001
1267.08496	-698.4306700000001
1265.97754	-591.92993
1264.87109	-585.5876699999999
1263.76367	-564.9259599999999
1262.65625	-593.1642
1261.54883	-659.0416499999999
1260.44043	-590.2415599999999
1259.33301	-678.2457200000001
1258.22461	-677.3881200000001
1257.11523	-693.3756999999999
1256.00684	-656.95023
1254.89746	-690.86255
1253.78809	-676.5866100000001
1252.67871	-655.51945
1251.56934	-622.19731
1250.45898	-501.07759
1249.34961	-375.42419
1248.23926	-512.8315500000001
1247.12793	-244.57712000000004
1246.01758	-428.47014
1244.90625	-342.72761
1243.79492	-445.08983
1242.68359	-357.03085
1241.57129	-299.1408600000001
1240.45996	-301.50689
1239.34766	-322.59757
1238.23438	-274.89648
1237.12207	-307.71163
1236.00879	-312.32936
1234.89648	-388.3055300000001
1233.78223	-413.54474999999996
1232.66895	-446.0223699999999
1231.55566	-385.66495000000003
1230.44141	-427.66093
1229.32715	-411.69298000000003
1228.21191	-460.67224
1227.09766	-364.19974
1225.98242	-444.86275
1224.86719	-329.16992999999997
1223.75195	-340.78913
1222.63574	-335.41365
1221.52051	-381.85701
1220.4043	-351.53013
1219.28711	-270.66744
1218.1709	-225.43579
1217.05371	-311.38858
1215.93652	-328.89982
1214.81934	-375.16845
1213.70215	-420.59451
1212.58398	-590.0566600000001
1211.46582	-499.8402900000001
1210.34766	-600.26611
1209.22949	-623.27144
1208.11035	-802.37092
1206.99219	-808.24016
1205.87305	-1028.26721
1204.75293	-1083.89923
1203.63379	-1172.5019900000002
1202.51367	-1319.8028800000002
1201.39356	-1694.4534999999996
1200.27344	-1876.6596499999998
1199.15234	-1922.81009
1198.03223	-2331.19578
1196.91113	-2600.90016
1195.79004	-2940.3921200000004
1194.66797	-3361.3036199999997
1193.5459	-3660.68992
1192.42481	-3859.5347899999997
1191.30176	-4026.9335899999996
1190.17969	-4302.2413
1189.05664	-4529.1649800000005
1187.93359	-4625.33779
1186.81055	-4792.857320000001
1185.6875	-4773.92084
1184.56348	-4741.15018
1183.44043	-4730.51981
1182.31641	-4750.845439999999
1181.19141	-4511.003299999999
1180.06738	-4017.7206799999994
1178.94238	-3618.2140799999997
1177.81738	-3155.2636700000003
1176.69238	-2564.63547
1175.56641	-2187.56393
1174.44043	-1806.28183
1173.31445	-1471.7187
1172.18848	-1214.09943
1171.0625	-1132.54711
1169.93555	-1054.17358
1168.80859	-884.2594999999999
1167.68164	-834.0356199999999
1166.55371	-792.6915200000001
1165.42676	-746.23241
1164.29883	-817.58082
1163.1709	-641.5860799999999
1162.04199	-592.36357
1160.91406	-573.84049
1159.78516	-478.6797
1158.65625	-523.77103
1157.52637	-427.07755
1156.39746	-294.12445
1155.26758	-317.0458
1154.1377	-196.35957
1153.00684	-172.98126000000002
1151.87695	-83.61836
1150.74609	-127.98076
1149.61523	-89.16829
1148.48438	17.97365
1147.35254	58.68454
1146.2207	-2.9584100000000007
1145.08887	91.64138
1143.95703	-22.911320000000003
1142.8252	-17.316999999999993
1141.69238	-19.020780000000002
1140.55957	-81.24977000000001
1139.42676	-195.89951000000002
1138.29297	-221.31934
1137.15918	-230.81075
1136.02539	-266.52443999999997
1134.8916	-413.94099
1133.75781	-526.4507
1132.62305	-496.30316000000005
1131.48828	-690.1172
1130.35352	-973.0610100000001
1129.21777	-1060.93143
1128.08301	-1110.95582
1126.94727	-1183.8325200000002
1125.81152	-1172.3239899999999
1124.67481	-1224.44131
1123.53906	-1119.39007
1122.40234	-1202.98864
1121.26563	-1320.3133900000003
1120.12793	-1335.09958
1118.99023	-1469.3708
1117.85352	-1686.0963700000002
1116.71484	-1823.78916
1115.57715	-1985.5597500000001
1114.43945	-2077.13158
1113.30078	-2271.5603199999996
1112.16211	-2528.3846000000003
1111.02246	-2691.28827
1109.88379	-2808.76952
1108.74414	-2971.1717299999996
1107.60449	-3156.2574600000003
1106.46387	-3297.56896
1105.32422	-3545.3057899999994
1104.18359	-3540.92495
1103.04297	-3825.7058799999995
1101.90234	-4168.21672
1100.76074	-4446.25692
1099.61914	-4853.15756
1098.47754	-5325.68153
1097.33594	-5927.7749699999995
1096.19336	-6686.53615
1095.05176	-7565.2217200000005
1093.90918	-8483.25426
1092.76563	-9580.556779999999
1091.62305	-10854.20243
1090.47949	-12395.557389999998
1089.33594	-13605.52228
1088.19238	-15174.728609999998
1087.04785	-16517.38885
1085.90332	-17635.81219
1084.75879	-18711.318890000002
1083.61426	-19500.99942
1082.46973	-20413.52837
1081.32422	-21177.85556
1080.17871	-21743.06614
1079.0332	-22372.77353
1077.88672	-23104.949310000004
1076.74023	-24036.27078
1075.59375	-25051.59686
1074.44727	-25919.60387
1073.30078	-26792.20508
1072.15332	-27435.35671
1071.00586	-27542.645060000003
1069.8584	-26962.663180000003
1068.70996	-25719.60813
1067.56152	-23663.14293
1066.41309	-21143.78933
1065.26465	-18823.586199999998
1064.11621	-16362.517310000001
1062.9668	-13870.48633
1061.81738	-11794.748750000002
1060.66797	-10044.966530000002
1059.51758	-8529.082699999999
1058.36816	-7325.620650000001
1057.21777	-7037.06265
1056.06738	-6103.916879999999
1054.91602	-5769.589259999999
1053.76465	-5445.4144799999995
1052.61328	-5017.15581
1051.46191	-4183.13135
1050.31055	-3971.1461400000003
1049.1582	-3763.3947100000005
1048.00586	-3712.6599000000006
1046.85352	-3441.4940100000003
1045.7002	-3147.7625199999998
1044.54785	-2907.54788
1043.39453	-2817.9795599999998
1042.24023	-2859.1950399999996
1041.08691	-2646.61254
1039.93262	-2794.77377
1038.77832	-2928.28568
1037.62402	-2952.38727
1036.46973	-2975.17196
1035.31445	-3208.10678
1034.15918	-3348.1241400000004
1033.00391	-3503.2985800000006
1031.84766	-3736.93134
1030.69238	-3997.2702099999997
1029.53613	-4456.41315
1028.37891	-5136.97911
1027.22266	-6157.563880000001
1026.06543	-7545.771110000001
1024.9082	-9580.758740000001
1023.75098	-11520.05888
1022.59375	-12521.08221
1021.43555	-12017.197760000001
1020.27734	-10445.446469999999
1019.11914	-8661.20024
1017.95996	-7063.085869999999
1016.80078	-5909.07608
1015.6416	-5785.55673
1014.48242	-5467.922049999999
1013.32324	-5419.32233
1012.16309	-5207.70144
1011.00293	-4904.63132
1009.84277	-4398.01364
1008.68164	-3793.61317
1007.52051	-3288.79748
1006.35938	-2853.9078799999997
1005.19824	-2856.22753
1004.03711	-3051.3907500000005
1002.875	-3750.6013299999995
1001.71289	-5133.61454
1000.55078	-7528.978819999999
999.3877	-10469.88304
998.22461	-12321.56108
997.06152	-11317.477449999998
995.89844	-8852.90363
994.73438	-7110.1849
993.57129	-6350.69586
992.40723	-6175.4193399999995
991.24219	-6238.60059
990.07813	-6452.86379
988.91309	-6673.11852
987.74805	-6968.00485
986.58301	-7002.41609
985.41699	-7069.74395
984.25098	-7029.11172
983.08496	-6723.79097
981.91895	-6500.61118
980.75195	-6064.87676
979.58496	-5663.91058
978.41797	-5407.94973
977.25098	-5042.7311899999995
976.08301	-4718.4739
974.91504	-4454.114
973.74707	-4266.56077
972.5791	-3983.86889
971.41016	-3562.13398
970.24219	-3470.5611900000004
969.07227	-3250.9869900000003
967.90332	-2833.7998000000002
966.7334	-2610.21487
965.56348	-2414.28558
964.39356	-2197.73991
963.22363	-2133.86878
962.05273	-1933.64029
960.88184	-1785.5980900000002
959.71094	-1555.77934
958.54004	-1446.1315499999998
957.36816	-1219.7712099999999
956.19629	-1295.7117700000001
955.02441	-1091.82304
953.85156	-1077.2215800000001
952.67969	-1009.23882
951.50684	-1039.5436800000002
950.33398	-1053.37883
949.16016	-1106.41391
947.98633	-1113.09073
946.8125	-1062.6960100000001
945.63867	-1141.36376
944.46484	-1066.51195
943.29004	-1050.88454
942.11523	-993.0162900000001
940.94043	-992.9026
939.76465	-989.2149400000001
938.58887	-956.6947200000001
937.41309	-962.8172300000001
936.23731	-856.6194599999999
935.06055	-844.1950800000001
933.88379	-913.8913399999999
932.70703	-922.4438299999999
931.53027	-913.34193
930.35254	-900.11601
929.17578	-879.45731
927.99805	-801.29368
926.81934	-843.09248
925.6416	-885.72071
924.46289	-835.2616599999999
923.28418	-802.48345
922.10449	-789.84411
920.92481	-871.6054800000001
919.74609	-883.50135
919.55176	-999.99229
918.38672	-817.21443
917.2207	-791.86363
916.05469	-884.2511400000001
914.8877	-817.3086500000001
913.72168	-831.21577
912.55469	-770.13057
911.3877	-811.71366
910.2207	-768.6878499999999
909.05273	-788.63121
907.88574	-886.40074
906.71777	-884.14156
905.54883	-740.73658
904.38086	-829.0183099999999
903.21191	-761.81752
902.04297	-721.3046999999999
900.87402	-661.93619
899.7041	-711.1507899999999
898.53516	-654.29192
897.36523	-497.06113
896.19434	-472.8120799999999
895.02441	-596.86961
893.85352	-496.93466
892.68262	-466.72920999999997
891.51172	-436.81794
890.34082	-326.14257
889.16895	-407.29818
887.99707	-354.51317
886.8252	-244.82207
885.65332	-218.30423000000002
884.48047	-182.78797
883.30762	-153.29464000000002
882.13477	-85.40923
880.96191	-9.553710000000002
879.78809	38.7655
878.61426	63.56887
877.44043	85.12458000000001
876.2666	59.781400000000005
875.0918	133.67596
873.91699	24.744269999999997
872.74219	54.300920000000005
871.56738	-29.14251
870.3916	35.68536999999999
869.21582	-71.25865
868.04004	-63.29032
866.86426	-62.58905
865.6875	-27.028209999999998
864.51074	22.966030000000003
863.33398	47.234739999999995
862.15723	111.50547
860.97949	88.28845
859.80273	-43.11394
858.625	-30.151380000000003
857.44629	34.13945
856.26856	17.223699999999994
855.08984	-15.351599999999998
853.91113	-194.60696
852.73145	-14.280839999999998
851.55273	-105.96452000000001
850.37305	-245.74366
849.19336	-245.29536000000002
848.01367	-305.49398
846.83301	-447.89489
845.65234	-391.36202
844.47168	-547.93282
843.29102	-547.38775
842.11035	-485.14009
840.92871	-584.2686600000001
839.74707	-610.14011
838.56445	-792.78931
837.38281	-734.8624500000001
836.2002	-666.55763
835.01758	-817.40425
833.83496	-811.7882999999999
832.65137	-779.64623
831.46777	-959.5151599999999
830.28418	-872.7472700000001
829.10059	-955.68932
827.91699	-952.78357
826.73242	-1015.2075900000001
825.54785	-1069.74213
824.36328	-981.6798000000001
823.17773	-1027.68074
821.99219	-975.7190599999999
820.80664	-1018.7483300000001
819.62109	-998.57134
818.43457	-898.37596
817.24902	-1003.1363200000001
816.0625	-847.93514
814.875	-794.2856300000001
813.68848	-959.1627100000001
812.50098	-841.39077
811.31348	-811.37436
810.12598	-917.3878
808.9375	-986.05538
807.74902	-884.3484500000001
806.56055	-913.49467
805.37207	-979.4837300000002
804.18262	-964.3716699999999
802.99414	-996.0548899999999
801.80371	-1014.7666600000001
800.61426	-1075.34986
799.42481	-1112.88485
798.23438	-1122.3236100000001
797.04395	-1078.5976500000002
795.85254	-924.69898
794.66211	-937.8322499999999
793.4707	-735.2471800000001
792.2793	-740.85451
791.08789	-705.46882
789.89551	-689.62
788.70313	-625.01346
787.51074	-606.86186
786.31836	-617.90664
785.125	-534.77549
783.93164	-644.8639999999999
782.73828	-511.08294
781.54492	-583.0809800000001
780.35059	-470.62935999999996
779.15625	-537.20688
777.96191	-618.7728
776.76758	-740.9743900000001
775.57227	-925.19976
774.37695	-882.36656
773.18164	-1048.44885
771.98633	-1156.0361699999999
770.79004	-1219.48947
769.59375	-1184.43442
768.39746	-1070.37696
767.20117	-1022.1058800000001
766.00391	-1041.2058299999999
764.80664	-1024.89033
763.60938	-829.84578
762.41211	-950.50483
761.21387	-965.44587
760.01563	-818.5239300000001
758.81738	-902.4441800000001
757.61816	-893.0444
756.41992	-873.5135999999999
755.2207	-907.5053
754.02148	-836.65925
752.82129	-781.35069
751.62109	-738.65812
750.4209	-669.14197
749.2207	-799.8842300000001
748.02051	-874.72792
746.81934	-923.4986999999999
745.61816	-1085.1966
744.41699	-1130.42524
743.21484	-1321.33385
742.0127	-1467.6541300000001
740.81055	-1442.3951
739.6084	-1642.12312
738.40625	-1570.94579
737.20313	-1699.2476000000001
736.0	-1810.1946200000002
734.7959	-1940.91398
733.59277	-1943.8172599999998
732.38867	-1916.59124
731.18457	-2043.35989
729.97949	-1909.56516
728.77539	-1908.4827500000001
727.57031	-1846.8650400000001
726.36523	-1814.6949499999998
725.16016	-1857.4622200000001
723.9541	-1789.70054
722.74805	-1937.56158
721.54199	-1989.4638000000002
720.33496	-2011.07775
719.12891	-2094.1445000000003
717.92188	-2105.4757099999997
716.71484	-2345.65441
715.50684	-2306.67084
714.29883	-2527.85828
713.09082	-2758.3331500000004
711.88281	-2820.75077
710.67481	-3212.29521
709.46582	-3518.20008
708.25684	-3841.26528
707.04785	-4150.6216
705.83789	-4609.22468
704.62793	-5118.47842
703.41797	-5791.392879999999
702.20801	-6328.27438
700.99805	-7022.7708
699.78711	-7953.083369999999
698.57617	-8660.5626
697.36426	-9184.84748
696.15332	-9806.57082
694.94141	-10920.60521
693.72949	-11974.32406
692.5166	-12490.80923
691.30469	-12915.41688
690.0918	-13083.72733
688.87891	-12502.076739999999
687.66504	-11840.657589999999
686.45117	-10606.34008
685.23731	-9650.92749
684.02344	-8489.159230000001
682.80957	-7741.9843
681.59473	-7133.67402
680.37988	-6503.2101600000005
679.16504	-6463.51195
677.94922	-6321.1012
676.7334	-6228.64128
675.51758	-5983.03327
674.30176	-5785.56242
673.08496	-5371.9069500000005
671.86914	-5045.76151
670.65137	-4403.9065
669.43457	-4052.02495
668.2168	-3527.2540599999998
667.0	-3083.7279599999997
665.78125	-2761.36852
664.56348	-2634.69034
663.34473	-2361.2014
662.12598	-2318.6584300000004
660.90723	-2004.1503500000001
659.68848	-1934.21977
658.46875	-1721.1414300000001
657.24902	-1816.3229199999998
656.0293	-1726.79847
654.80859	-1636.9652099999998
653.58789	-1527.06304
652.36719	-1388.3720899999998
651.14648	-1338.4199999999998
649.92481	-1316.2044799999999
648.7041	-1280.16443
647.48242	-1211.73038
646.25977	-1210.35385
645.03711	-1358.61908
643.81543	-1173.09684
642.5918	-1136.41664
641.36914	-1240.48131
640.14551	-1162.54259
638.92188	-1229.48931
637.69824	-1288.22475
636.47461	-1222.48155
635.25	-1168.53315
634.02539	-979.3506199999999
632.80078	-860.62229
631.5752	-1015.21949
630.34961	-1022.56138
629.12402	-1010.87274
627.89844	-917.4999599999999
626.67188	-995.01015
625.44531	-918.0695700000001
624.21875	-826.39597
622.99219	-963.54891
621.76465	-1046.95623
620.53711	-926.93309
619.30957	-731.02867
618.08106	-710.2640299999999
616.85254	-607.2798300000001
615.62402	-597.02049
614.39551	-521.3959600000001
613.16699	-507.82371
611.9375	-484.79686000000004
610.70801	-380.90896000000004
609.47754	-294.43881
608.24805	-298.62038
607.01758	-317.19917
605.78711	-194.81644
604.55566	-177.73217000000002
603.3252	-116.04583
602.09375	-33.37628
600.86133	-132.82634000000002
599.62988	-177.14861000000002
598.39746	-139.28722
597.16504	-83.07293999999999
595.93262	-109.4173
594.69922	-58.78487
593.46582	-41.47976
592.23242	-43.06711
590.99902	-55.0176
589.76465	35.51517
588.53027	-117.5136
587.2959	-60.0008
586.06152	-130.68059
584.82617	-115.4387
583.59082	-27.541770000000003
582.35547	-160.3218
581.11914	-221.70526
579.88281	-218.95909
578.64648	-131.17792
577.41016	-64.6988
