2000.04395	-12.338159999999998
1901.7627	62.10332
1900.78027	-197.23881999999998
1899.79785	-13.238850000000003
1898.81543	-91.86442000000001
1897.83203	-62.93917999999999
1896.84961	-92.92917
1895.86621	-33.76719
1894.88281	-130.94662999999997
1893.89844	-14.399690000000001
1892.91504	-68.06702
1891.93066	-162.90894
1890.94727	-50.98637
1889.96289	13.97342
1888.97754	-135.71803999999997
1887.99316	-44.75967
1887.00781	-151.84014
1886.02344	-116.7437
1885.03809	-30.63254
1884.05176	-89.31244000000001
1883.06641	-61.24597
1882.08106	-98.11048
1881.09473	-156.6878
1880.1084	-50.14155
1879.12207	-54.33662
1878.13574	69.06873999999999
1877.14844	37.509029999999996
1876.16211	52.722319999999996
1875.17481	-72.84582
1874.1875	-119.05967000000001
1873.19922	-87.2835
1872.21191	-7.69425
1871.22363	-14.26545
1870.23633	-4.25338
1869.24805	-27.799989999999998
1868.25879	29.8558
1867.27051	-50.218289999999996
1866.28223	29.56221
1865.29297	42.609359999999995
1864.30371	-22.898080000000004
1863.31445	33.14018
1862.32422	77.81825
1861.33496	58.024739999999994
1860.34473	57.85004
1859.35449	-30.02353
1858.36426	14.293120000000002
1857.37402	-75.13623000000001
1856.38379	28.543549999999996
1855.39258	-46.013
1854.40137	-68.06826000000001
1853.41016	114.68457999999998
1852.41895	-43.336490000000005
1851.42676	-93.64398
1850.43555	-204.5384
1849.44336	-156.52486
1848.45117	-56.34098999999999
1847.45898	-138.9418
1846.4668	-122.93628000000001
1845.47363	-30.48136
1844.48047	-28.150479999999998
1843.48731	-116.76246
1842.49414	-110.99853
1841.50098	-61.42898
1840.50684	-149.78464
1839.51367	-127.20223999999999
1838.51953	-145.43899
1837.52539	-82.74476000000001
1836.53027	16.69595
1835.53613	-169.57401
1834.54102	-49.059529999999995
1833.5459	-12.601869999999998
1832.55078	-99.88718
1831.55566	-136.00137
1830.56055	-33.67307999999999
1829.56445	-77.30208999999999
1828.56836	-172.12313
1827.57227	-196.83184
1826.57617	-190.94274000000001
1825.58008	-58.535079999999994
1824.58301	13.28096
1823.58594	-150.48873999999998
1822.58887	-39.782669999999996
1821.5918	-63.275450000000006
1820.59473	-100.64399
1819.59668	-134.45647
1818.59961	-183.22974000000002
1817.60156	-188.60396
1816.60352	-96.40562999999999
1815.60449	-249.23958000000002
1814.60645	-137.59235999999999
1813.60742	-190.40068
1812.6084	-83.27022
1811.60938	-110.08537
1810.61035	-113.79352
1809.61035	-227.6602
1808.61133	-199.94428
1807.61133	-125.03423000000001
1806.61133	-72.47955
1805.61035	-143.92519
1804.61035	-117.78263000000001
1803.60938	-191.26512
1802.6084	-82.96205
1801.60742	-76.44919
1800.60645	-113.51098999999999
1799.60547	-180.0188
1798.60352	-173.99363
1797.60156	-118.47505
1796.59961	-142.08009
1795.59766	-85.19224000000001
1794.5957	-60.57664
1793.59277	25.63031
1792.58984	-133.65469000000002
1791.58789	-48.89394
1790.58398	-64.40052
1789.58106	-176.87706
1788.57715	-171.69038999999998
1787.57422	-101.52042999999999
1786.57031	-89.54886
1785.56641	-31.227700000000002
1784.56152	-0.5727399999999996
1783.55762	-118.06296999999999
1782.55273	9.14604
1781.54785	49.42838999999999
1780.54297	-29.16797
1779.53809	-67.05071000000001
1778.53223	24.36354
1777.52734	-152.14051999999998
1776.52148	-150.95504
1775.51563	-97.88633
1774.50879	-12.1802
1773.50293	11.78462
1772.49609	-215.04458
1771.48926	-115.4164
1770.48242	-60.017129999999995
1769.47559	-156.04302
1768.46777	-206.03947
1767.46094	-126.14597
1766.45313	-122.56402999999999
1765.44531	-194.82007000000002
1764.4375	-174.75385
1763.42871	-171.88454000000002
1762.4209	-112.95542
1761.41211	-197.46577000000002
1760.40332	-198.54665999999997
1759.39356	-195.27127
1758.38477	-193.67644
1757.375	-128.74786
1756.36621	-139.12355
1755.35645	-108.13433
1754.3457	7.226379999999999
1753.33594	-130.35566999999998
1752.3252	-56.659909999999996
1751.31543	-152.37095000000002
1750.30469	53.59959
1749.29297	-21.78913
1748.28223	-62.51071
1747.27051	63.766850000000005
1746.25977	-30.987579999999998
1745.24805	2.7729500000000007
1744.23535	65.55984
1743.22363	103.03517
1742.21191	1.0330000000000013
1741.19922	87.32482999999999
1740.18652	156.03657
1739.17383	122.665
1738.16016	75.42106000000001
1737.14746	27.59598
1736.13379	-43.95245
1735.12012	-18.75114
1734.10645	106.7871
1733.0918	-45.142939999999996
1732.07813	0.7617700000000003
1731.06348	-23.33316
1730.04883	37.432719999999996
1729.03418	-100.458
1728.01953	-113.01823999999999
1727.00391	-80.57176
1725.98828	-16.631569999999996
1724.97266	-30.749999999999996
1723.95703	-33.90138
1722.94141	-165.95489
1721.92481	-37.470479999999995
1720.90918	-180.48153
1719.89258	-321.02907
1718.87598	-239.65496000000002
1717.8584	-147.99482999999998
1716.8418	-272.92432
1715.82422	-331.32622
1714.80664	-359.11463
1713.78906	-316.60156
1712.77051	-338.07792
1711.75293	-355.44189
1710.73438	-417.75755
1709.71582	-322.77344
1708.69727	-468.78099
1707.67871	-535.13702
1706.65918	-462.18366
1705.64063	-454.64768000000004
1704.62109	-491.59342999999996
1703.60059	-425.5477
1702.58106	-520.74533
1701.56152	-380.69985
1700.54102	-348.40176
1699.52051	-457.64769
1698.5	-347.74354
1697.47852	-459.38102
1696.45801	-475.16483999999997
1695.43652	-511.73154999999997
1694.41504	-415.27933
1693.39356	-491.70847
1692.37207	-482.78571000000005
1691.34961	-674.4848099999999
1690.32715	-646.0648100000001
1689.30469	-674.12431
1688.28223	-610.53983
1687.25977	-863.43853
1686.23633	-782.94093
1685.21387	-697.75103
1684.19043	-771.9685199999999
1683.16602	-777.52936
1682.14258	-856.25333
1681.11914	-764.72046
1680.09473	-780.2884
1679.07031	-938.7459699999999
1678.0459	-976.20876
1677.02051	-996.8416699999999
1675.99609	-981.5926099999999
1674.9707	-1083.2695999999999
1673.94531	-1190.78467
1672.91992	-1090.5795899999998
1671.89356	-1193.26602
1670.86816	-1195.48208
1669.8418	-1285.07564
1668.81543	-1157.1688399999998
1667.78906	-1150.52985
1666.76172	-1215.77392
1665.73535	-1299.13794
1664.70801	-1289.9654
1663.68066	-1367.0255000000002
1662.65332	-1358.78657
1661.625	-1454.49656
1660.59766	-1519.68184
1659.56934	-1541.6664500000002
1658.54102	-1444.2122299999999
1657.5127	-1674.587
1656.4834	-1822.0145
1655.45508	-1890.36506
1654.42578	-1755.52643
1653.39648	-1720.10319
1652.36621	-1908.11659
1651.33691	-1962.66091
1650.30664	-2106.35477
1649.27637	-2116.4289599999997
1648.24609	-2298.93908
1647.21582	-2376.75159
1646.18555	-2468.81424
1645.1543	-2545.81409
1644.12305	-2663.39901
1643.0918	-2793.52416
1642.06055	-2906.0653700000003
1641.02832	-2939.52922
1639.99707	-3044.5262399999997
1638.96484	-3365.60957
1637.93164	-3281.3589300000003
1636.89941	-3225.3005599999997
1635.86719	-3366.97416
1634.83398	-3410.51121
1633.80078	-3567.54554
1632.76758	-3656.55641
1631.73438	-3838.61119
1630.7002	-3867.94843
1629.66602	-3849.10288
1628.63184	-4025.6086999999998
1627.59766	-4126.80132
1626.56348	-4262.562190000001
1625.52832	-4563.25327
1624.49316	-4670.85264
1623.45801	-4686.22346
1622.42285	-4884.74538
1621.3877	-4972.78714
1620.35156	-5182.616660000001
1619.31543	-5344.92385
1618.2793	-5571.5047700000005
1617.24316	-5676.98606
1616.20703	-5805.23339
1615.16992	-6067.50608
1614.13281	-6229.27233
1613.0957	-6450.64524
1612.05859	-6732.21138
1611.02051	-6943.67908
1609.9834	-7370.6887400000005
1608.94531	-7594.65033
1607.90723	-7908.0613299999995
1606.86816	-8306.256710000001
1605.83008	-8827.4984
1604.79102	-9282.18877
1603.75195	-9911.496070000001
1602.71289	-10627.9235
1601.67383	-11689.58214
1600.63379	-12720.06447
1599.59473	-13767.68141
1598.55469	-15152.25277
1597.51367	-16281.207879999998
1596.47363	-18058.978290000003
1595.43359	-19674.21003
1594.39258	-21049.966809999998
1593.35156	-22716.73055
1592.31055	-24638.85824
1591.26856	-26276.67394
1590.22754	-27744.25271
1589.18555	-29108.832700000003
1588.14356	-30420.10174
1587.10059	-31088.95279
1586.05859	-31693.965799999998
1585.01563	-31681.25741
1583.97266	-31417.064829999996
1582.92969	-30820.50932
1581.88672	-29874.285239999997
1580.84375	-29039.81547
1579.79981	-28300.583870000002
1578.75586	-27855.32288
1577.71191	-27422.50446
1576.66699	-27487.935879999997
1575.62305	-28414.961049999998
1574.57813	-30235.51092
1573.5332	-32146.418209999996
1572.48828	-33646.38454
1571.44336	-34137.23688
1570.39746	-33522.08935
1569.35156	-32031.613750000004
1568.30566	-29645.14024
1567.25977	-26680.14171
1566.21387	-24423.36394
1565.16699	-22293.49191
1564.12012	-20336.12383
1563.07324	-18317.27257
1562.02637	-16905.511140000002
1560.97852	-15701.749300000001
1559.93066	-15047.68908
1558.88379	-14151.913990000001
1557.83496	-13071.96074
1556.78711	-12378.6303
1555.73926	-12140.077519999999
1554.69043	-11547.51436
1553.6416	-11335.34683
1552.59277	-10917.819609999999
1551.54297	-10945.48793
1550.49414	-10866.75989
1549.44434	-10962.57776
1548.39453	-11130.20067
1547.34473	-11271.91706
1546.29395	-11495.10827
1545.24414	-11596.42327
1544.19336	-11537.65542
1543.14258	-11543.86504
1542.09082	-11382.035269999998
1541.04004	-11132.27088
1539.98828	-10654.298330000001
1538.93652	-10197.00628
1537.88477	-9690.3624
1536.83301	-9668.01923
1535.78027	-9103.73149
1534.72754	-8448.67251
1533.67481	-8209.378840000001
1532.62207	-7819.59229
1531.56934	-7533.98547
1530.51563	-6995.64886
1529.46191	-6606.05315
1528.4082	-6342.64616
1527.35449	-6205.3503
1526.29981	-5923.26011
1525.24609	-5462.48794
1524.19141	-5012.65484
1523.13672	-4876.35925
1522.08106	-4746.55114
1521.02637	-4495.592900000001
1519.9707	-4272.36854
1518.91504	-4038.1872099999996
1517.85938	-4004.7950399999995
1516.80273	-3711.8362700000002
1515.74707	-3549.68644
1514.69043	-3310.54127
1513.63379	-3222.28287
1512.57715	-3203.8183400000003
1511.51953	-3087.18356
1510.46191	-3012.3860799999998
1509.40527	-2766.35648
1508.34668	-2909.33019
1507.28906	-2834.64347
1506.23145	-2678.55116
1505.17285	-2767.91953
1504.11426	-2705.0410399999996
1503.05566	-2694.60094
1501.99609	-2741.89867
1500.9375	-2637.88997
1499.87793	-2430.23038
1498.81836	-2477.6169600000003
1497.75781	-2463.36531
1496.69824	-2416.0174
1495.6377	-2389.88182
1494.57715	-2511.37331
1493.5166	-2574.1240399999997
1492.45606	-2623.02711
1491.39453	-2505.5322499999997
1490.33301	-2594.3392799999997
1489.27148	-2620.7898
1488.20996	-2846.4526699999997
1487.14844	-2890.85528
1486.08594	-2718.9213600000003
1485.02344	-2749.6369099999997
1483.96094	-2895.77836
1482.89844	-2692.19159
1481.83496	-2573.8361099999997
1480.77246	-2558.2459900000003
1479.70898	-2512.1501900000003
1478.64453	-2746.8663
1477.58106	-3122.5412
1476.51758	-3436.75234
1475.45313	-3797.3228799999997
1474.38867	-4210.25648
1473.32324	-4428.038329999999
1472.25879	-4489.55578
1471.19336	-4296.247249999999
1470.12793	-3946.7103100000004
1469.0625	-3780.22263
1467.99707	-3481.10277
1466.93066	-3299.8952
1465.86523	-3166.7841200000003
1464.79883	-3051.6522
1463.73145	-3133.1928700000003
1462.66504	-3137.0820299999996
1461.59766	-3095.6161300000003
1460.53027	-2993.5822
1459.46289	-2930.5544299999997
1458.39551	-2774.7455600000003
1457.32715	-2711.77805
1456.25977	-2491.8921400000004
1455.19141	-2176.15344
1454.12305	-1845.33078
1453.05371	-1738.22064
1451.98535	-1574.8320899999999
1450.91602	-1369.11494
1449.84668	-1170.82052
1448.77637	-1148.8247999999999
1447.70703	-1023.89023
1446.63672	-1149.4241100000002
1445.56641	-920.83703
1444.49609	-873.02386
1443.42578	-761.38774
1442.35449	-696.75815
1441.2832	-807.03926
1440.21191	-796.32274
1439.14063	-783.53506
1438.06934	-746.33411
1436.99707	-782.2775700000001
1435.92481	-877.37451
1434.85254	-771.66137
1433.78027	-660.98307
1432.70703	-599.76347
1431.63379	-647.1094899999999
1430.56055	-608.56999
1429.48731	-399.12718
1428.41309	-446.75978
1427.33984	-397.12795
1426.26563	-504.05726
1425.19141	-478.00852
1424.11621	-375.16510999999997
1423.04199	-419.51008
1421.9668	-403.99895
1420.8916	-331.18586000000005
1419.81641	-516.26232
1418.74023	-450.26041
1417.66504	-424.47739
1416.58887	-453.30699
1415.5127	-677.01964
1414.43555	-743.04181
1413.35938	-685.03205
1412.28223	-629.55002
1411.20508	-687.1456300000001
1410.12793	-718.48941
1409.04981	-850.2316500000001
1407.97266	-1018.7441
1406.89453	-1001.47945
1405.81641	-1118.776
1404.73731	-1184.2547
1403.65918	-1129.11689
1402.58008	-1163.02409
1401.50098	-1057.9956
1400.42188	-959.91144
1399.3418	-966.42531
1398.2627	-726.25839
1397.18262	-684.33557
1396.10254	-662.01545
1395.02148	-568.81851
1393.94141	-482.32959
1392.86035	-529.84053
1391.7793	-362.33066
1390.69824	-300.4788
1389.61621	-365.07074
1388.53516	-557.7174500000001
1387.45313	-505.67229999999995
1386.37109	-435.27072999999996
1385.28809	-316.35922000000005
1384.20606	-356.28283
1383.12305	-330.37449999999995
1382.04004	-292.73352
1380.95703	-440.78134
1379.87305	-435.31326
1378.78906	-321.01537
1377.70508	-588.6886
1376.62109	-563.18377
1375.53711	-371.95115
1374.45215	-467.36118000000005
1373.36719	-388.36917
1372.28223	-499.14282999999995
1371.19727	-540.33638
1370.11231	-454.81813
1369.02637	-351.40448000000004
1367.94043	-417.67289
1366.85449	-409.16078999999996
1365.76758	-380.02952
1364.68164	-382.40094999999997
1363.59473	-354.69897000000003
1362.50781	-273.63846
1361.41992	-301.96454
1360.33301	-234.57365
1359.24512	-192.46210000000002
1358.15723	-193.31771
1357.06934	-1.450329999999994
1355.98145	-75.30873
1354.89258	-115.91429
1353.80371	-128.65238
1352.71484	-43.02809
1351.625	88.73428999999999
1350.53613	-84.64153999999999
1349.44629	-166.96761
1348.35645	-210.79480999999998
1347.2666	-199.64303999999998
1346.17578	-224.12893
1345.08594	-176.88848000000002
1343.99512	-251.06969
1342.90332	-269.95082
1341.8125	-364.63901
1340.7207	-202.80995
1339.62988	-177.22023
1338.53809	-106.97569999999999
1337.44531	-106.10740000000001
1336.35352	-116.25115
1335.26074	-118.10843
1334.16797	-131.57837999999998
1333.0752	-124.66111999999998
1331.98145	-247.9624
1330.88867	-190.30577
1329.79492	-221.27535
1328.70117	-290.91006999999996
1327.60645	-140.26894
1326.5127	-117.30825
1325.41797	-209.95376
1324.32324	-213.67274999999998
1323.22754	-358.75187
1322.13281	-431.26869
1321.03711	-492.05131
1319.94141	-546.24048
1318.8457	-697.6031
1317.75	-655.68457
1316.65332	-768.70229
1315.55664	-885.22555
1314.45996	-952.21121
1313.36328	-1017.4907999999999
1312.26563	-1030.8407
1311.16797	-1046.31447
1310.07031	-1009.4911300000001
1308.97266	-1132.84985
1307.87402	-1182.28211
1306.77637	-1227.75867
1305.67773	-1250.48903
1304.5791	-1271.60187
1303.47949	-1366.04633
1302.38086	-1416.79259
1301.28125	-1647.1219099999998
1300.18164	-1736.2060099999999
1299.08106	-1801.36971
1297.98145	-1906.3830899999998
1296.88086	-2254.9835399999997
1295.78027	-2389.55552
1294.67969	-2678.74504
1293.57813	-2942.32605
1292.47656	-3115.35799
1291.375	-3379.66088
1290.27344	-3682.07042
1289.17188	-3928.1426200000005
1288.06934	-3963.1297500000005
1286.9668	-4114.26411
1285.86426	-4162.120379999999
1284.76172	-4129.231959999999
1283.6582	-4242.78565
1282.55469	-4168.8664499999995
1281.45117	-4043.9782800000003
1280.34766	-3761.3330000000005
1279.24414	-3651.9685
1278.13965	-3222.93009
1277.03516	-3033.03078
1275.93066	-2704.07472
1274.8252	-2419.88848
1273.7207	-2088.09281
1272.61523	-1968.51898
1271.50879	-1831.6914000000002
1270.40332	-1782.79153
1269.29785	-1619.55194
1268.19141	-1478.68899
1267.08496	-1374.41256
1265.97754	-1204.6510700000001
1264.87109	-1139.7231299999999
1263.76367	-1039.2734799999998
1262.65625	-1017.78863
1261.54883	-1040.70882
1260.44043	-948.11945
1259.33301	-1002.2019700000001
1258.22461	-970.59843
1257.11523	-981.5548299999999
1256.00684	-961.98527
1254.89746	-943.62352
1253.78809	-942.63048
1252.67871	-903.4779100000001
1251.56934	-863.32429
1250.45898	-738.62857
1249.34961	-742.26201
1248.23926	-735.0289600000001
1247.12793	-644.30685
1246.01758	-707.44928
1244.90625	-616.2981100000001
1243.79492	-668.79654
1242.68359	-538.77059
1241.57129	-518.8865300000001
1240.45996	-457.55615
1239.34766	-483.94476
1238.23438	-482.57677
1237.12207	-454.65246
1236.00879	-434.19352000000003
1234.89648	-552.7207500000001
1233.78223	-511.4722
1232.66895	-642.8281199999999
1231.55566	-619.40175
1230.44141	-535.82046
1229.32715	-493.66183
1228.21191	-600.90473
1227.09766	-537.82221
1225.98242	-522.60948
1224.86719	-420.25743
1223.75195	-411.88059999999996
1222.63574	-396.34363
1221.52051	-360.78458
1220.4043	-378.43746
1219.28711	-368.87979
1218.1709	-277.2863
1217.05371	-339.41170999999997
1215.93652	-413.52042
1214.81934	-414.24958000000004
1213.70215	-537.97434
1212.58398	-650.0603600000001
1211.46582	-614.37926
1210.34766	-700.4300999999999
1209.22949	-823.99762
1208.11035	-947.4303
1206.99219	-1097.36655
1205.87305	-1327.15572
1204.75293	-1409.2482499999999
1203.63379	-1555.5851400000001
1202.51367	-1786.73646
1201.39356	-2119.6070799999998
1200.27344	-2404.1285799999996
1199.15234	-2556.47122
1198.03223	-3014.5062700000003
1196.91113	-3402.2862400000004
1195.79004	-3755.42245
1194.66797	-4221.04393
1193.5459	-4651.54863
1192.42481	-4918.54883
1191.30176	-5185.478569999999
1190.17969	-5432.72223
1189.05664	-5716.7061300000005
1187.93359	-5799.53508
1186.81055	-5839.000040000001
1185.6875	-5864.382769999999
1184.56348	-5811.46247
1183.44043	-5700.4177899999995
1182.31641	-5659.86686
1181.19141	-5442.383849999999
1180.06738	-4886.25135
1178.94238	-4380.0528699999995
1177.81738	-3768.64255
1176.69238	-3105.3734000000004
1175.56641	-2590.4849799999997
1174.44043	-2132.80293
1173.31445	-1670.09242
1172.18848	-1508.4202
1171.0625	-1357.19535
1169.93555	-1233.3146199999999
1168.80859	-1087.86249
1167.68164	-1073.79759
1166.55371	-903.03231
1165.42676	-851.77947
1164.29883	-777.77047
1163.1709	-652.8716999999999
1162.04199	-619.04681
1160.91406	-626.53865
1159.78516	-622.0551300000001
1158.65625	-563.23355
1157.52637	-506.4868
1156.39746	-424.9636
1155.26758	-327.13748
1154.1377	-220.97419
1153.00684	-201.66671
1151.87695	-128.65225999999998
1150.74609	-134.11109000000002
1149.61523	-68.97155000000001
1148.48438	25.674899999999997
1147.35254	66.7612
1146.2207	70.66265
1145.08887	130.99348
1143.95703	80.90104
1142.8252	33.395830000000004
1141.69238	-21.18655
1140.55957	10.392959999999999
1139.42676	-143.45486
1138.29297	-140.2012
1137.15918	-254.61391
1136.02539	-228.83888
1134.8916	-362.78044
1133.75781	-563.14606
1132.62305	-676.4473
1131.48828	-876.6792700000001
1130.35352	-1125.64307
1129.21777	-1239.6719600000001
1128.08301	-1356.41256
1126.94727	-1430.47187
1125.81152	-1489.6792599999999
1124.67481	-1568.2997599999999
1123.53906	-1612.46926
1122.40234	-1690.92803
1121.26563	-1829.4319500000001
1120.12793	-1942.7985899999999
1118.99023	-2100.03193
1117.85352	-2336.8378500000003
1116.71484	-2605.18322
1115.57715	-2797.70285
1114.43945	-3034.5996600000003
1113.30078	-3342.84046
1112.16211	-3597.9423800000004
1111.02246	-3830.62149
1109.88379	-4063.8188999999998
1108.74414	-4314.22621
1107.60449	-4453.46083
1106.46387	-4722.19921
1105.32422	-4885.57291
1104.18359	-4982.3413
1103.04297	-5372.05537
1101.90234	-5714.289900000001
1100.76074	-6191.79721
1099.61914	-6615.5903
1098.47754	-7177.74427
1097.33594	-7891.88682
1096.19336	-8815.42086
1095.05176	-9767.51316
1093.90918	-10810.806499999999
1092.76563	-12257.25337
1091.62305	-13682.473549999999
1090.47949	-15283.15987
1089.33594	-16897.63819
1088.19238	-18563.22311
1087.04785	-20160.53833
1085.90332	-21675.09564
1084.75879	-23124.78129
1083.61426	-24376.793
1082.46973	-25704.81548
1081.32422	-26975.726410000003
1080.17871	-28315.608369999998
1079.0332	-29727.422329999998
1077.88672	-31181.82846
1076.74023	-32707.06594
1075.59375	-34376.31854
1074.44727	-35991.4066
1073.30078	-37403.73633
1072.15332	-38398.63528
1071.00586	-38634.143110000005
1069.8584	-37758.34799
1068.70996	-36022.029520000004
1067.56152	-33246.440539999996
1066.41309	-29965.34646
1065.26465	-26500.07985
1064.11621	-22792.37657
1062.9668	-19567.76343
1061.81738	-16708.67466
1060.66797	-14164.319430000001
1059.51758	-12109.05242
1058.36816	-10551.144450000002
1057.21777	-9540.91312
1056.06738	-8498.79005
1054.91602	-7924.150909999999
1053.76465	-7327.397999999999
1052.61328	-6798.0944
1051.46191	-5760.957240000001
1050.31055	-5399.089830000001
1049.1582	-5012.33658
1048.00586	-4819.26638
1046.85352	-4474.8379700000005
1045.7002	-4118.383
1044.54785	-3822.3821700000003
1043.39453	-3663.2254700000003
1042.24023	-3602.02135
1041.08691	-3481.48007
1039.93262	-3524.66673
1038.77832	-3529.62901
1037.62402	-3596.07571
1036.46973	-3634.22614
1035.31445	-3819.36142
1034.15918	-3996.6172600000004
1033.00391	-4189.43266
1031.84766	-4364.05901
1030.69238	-4722.065799999999
1029.53613	-5194.73188
1028.37891	-6012.801509999999
1027.22266	-7204.04737
1026.06543	-8924.6874
1024.9082	-11499.19215
1023.75098	-14083.56132
1022.59375	-16003.47521
1021.43555	-15905.13031
1020.27734	-14307.41809
1019.11914	-11911.77037
1017.95996	-9452.21588
1016.80078	-7771.6213099999995
1015.6416	-7168.50589
1014.48242	-6872.47524
1013.32324	-6863.71631
1012.16309	-6787.68792
1011.00293	-6519.96936
1009.84277	-5945.55966
1008.68164	-5155.65174
1007.52051	-4338.34405
1006.35938	-3983.3343199999995
1005.19824	-3869.3443199999997
1004.03711	-3842.9551100000003
1002.875	-4786.608929999999
1001.71289	-6804.48707
1000.55078	-10382.19531
999.3877	-14852.662699999999
998.22461	-17490.21171
997.06152	-16107.72782
995.89844	-12092.54816
994.73438	-9030.9117
993.57129	-7500.01086
992.40723	-6955.13916
991.24219	-6923.21049
990.07813	-6870.43247
988.91309	-7090.3307700000005
987.74805	-7414.96979
986.58301	-7499.76478
985.41699	-7655.97854
984.25098	-7503.97955
983.08496	-7233.85634
981.91895	-6877.3311699999995
980.75195	-6510.70814
979.58496	-6036.76047
978.41797	-5713.68244
977.25098	-5320.91372
976.08301	-4969.78202
974.91504	-4679.16878
973.74707	-4438.689939999999
972.5791	-4170.223150000001
971.41016	-3779.79115
970.24219	-3603.08055
969.07227	-3428.25364
967.90332	-3072.46183
966.7334	-2776.09723
965.56348	-2634.1180400000003
964.39356	-2409.56528
963.22363	-2206.6939899999998
962.05273	-2098.3780300000003
960.88184	-1955.77337
959.71094	-1786.36969
958.54004	-1649.0419
957.36816	-1384.35027
956.19629	-1389.20926
955.02441	-1273.02515
953.85156	-1277.66056
952.67969	-1192.34918
951.50684	-1155.16252
950.33398	-1177.33598
949.16016	-1203.3390100000001
947.98633	-1225.00831
946.8125	-1254.38982
945.63867	-1332.33424
944.46484	-1247.83893
943.29004	-1227.88364
942.11523	-1204.48846
940.94043	-1115.88437
939.76465	-1075.38455
938.58887	-1160.9835500000002
937.41309	-1126.18531
936.23731	-986.8589599999999
935.06055	-1000.25408
933.88379	-1067.4232299999999
932.70703	-1063.2242899999999
931.53027	-1026.6955
930.35254	-1065.2337799999998
929.17578	-1056.23702
927.99805	-1039.70439
926.81934	-1019.67812
925.6416	-1059.14003
924.46289	-943.39355
923.28418	-915.99135
922.10449	-930.7710999999999
920.92481	-997.64224
919.74609	-1010.21726
919.55176	-989.03616
918.38672	-921.3048699999999
917.2207	-941.45296
916.05469	-982.33624
914.8877	-962.7843700000001
913.72168	-862.47154
912.55469	-916.14889
911.3877	-907.3899
910.2207	-895.5444799999999
909.05273	-821.0251599999999
907.88574	-879.4504000000001
906.71777	-892.09595
905.54883	-842.2849699999999
904.38086	-849.93403
903.21191	-836.13348
902.04297	-730.5304699999999
900.87402	-734.42966
899.7041	-682.0714499999999
898.53516	-647.2285
897.36523	-584.97703
896.19434	-540.7523199999999
895.02441	-664.24513
893.85352	-606.50104
892.68262	-528.97024
891.51172	-429.03132
890.34082	-393.82138
889.16895	-428.13476
887.99707	-418.3731
886.8252	-217.517
885.65332	-242.39594
884.48047	-177.02797999999999
883.30762	-139.60258
882.13477	-39.762229999999995
880.96191	-71.59854
879.78809	25.77898
878.61426	34.464639999999996
877.44043	34.15391
876.2666	11.23059
875.0918	81.60464999999999
873.91699	61.31576
872.74219	46.46319
871.56738	88.63698
870.3916	19.780269999999994
869.21582	-37.51799
868.04004	-9.34124
866.86426	-92.53566000000001
865.6875	-18.64403
864.51074	36.114940000000004
863.33398	29.667699999999996
862.15723	29.974980000000002
860.97949	-28.496660000000002
859.80273	-63.53754
858.625	-19.36836
857.44629	-61.24472
856.26856	-65.3789
855.08984	-62.05114
853.91113	-157.16571
852.73145	-164.44094
851.55273	-144.26644000000002
850.37305	-226.81477999999998
849.19336	-303.65716000000003
848.01367	-367.16438
846.83301	-419.17174
845.65234	-447.04956
844.47168	-547.3729400000001
843.29102	-604.24473
842.11035	-616.92105
840.92871	-674.60702
839.74707	-765.04891
838.56445	-847.1602399999999
837.38281	-904.2829300000001
836.2002	-902.05295
835.01758	-992.87099
833.83496	-993.14366
832.65137	-1000.3941599999999
831.46777	-1202.984
830.28418	-1181.8162
829.10059	-1213.27589
827.91699	-1191.5170600000001
826.73242	-1289.68757
825.54785	-1290.17362
824.36328	-1256.54872
823.17773	-1287.00109
821.99219	-1219.1631499999999
820.80664	-1233.6825900000001
819.62109	-1180.73898
818.43457	-1204.17282
817.24902	-1206.35189
816.0625	-1057.14725
814.875	-1029.73342
813.68848	-1077.44887
812.50098	-1004.72538
811.31348	-1035.5823300000002
810.12598	-1022.5158700000001
808.9375	-1042.5612600000002
807.74902	-999.40043
806.56055	-967.05152
805.37207	-1043.3519000000001
804.18262	-1024.80335
802.99414	-1076.90322
801.80371	-1115.19399
800.61426	-1140.21015
799.42481	-1107.12494
798.23438	-1039.1282600000002
797.04395	-1058.5383100000001
795.85254	-932.47745
794.66211	-957.75959
793.4707	-832.3036400000001
792.2793	-773.29963
791.08789	-724.63085
789.89551	-641.83567
788.70313	-599.2256
787.51074	-558.56117
786.31836	-563.42893
785.125	-508.81759999999997
783.93164	-536.83156
782.73828	-420.97166
781.54492	-560.92092
780.35059	-498.84873
779.15625	-502.61467
777.96191	-597.5645599999999
776.76758	-695.81492
775.57227	-838.66213
774.37695	-939.08
773.18164	-1068.1800899999998
771.98633	-1107.44751
770.79004	-1211.93737
769.59375	-1246.15832
768.39746	-1069.84564
767.20117	-1015.7888300000001
766.00391	-1027.0223899999999
764.80664	-975.42774
763.60938	-944.20399
762.41211	-923.34975
761.21387	-944.436
760.01563	-828.24647
758.81738	-923.96637
757.61816	-970.90085
756.41992	-994.6069899999999
755.2207	-1025.76492
754.02148	-918.7971500000001
752.82129	-914.9857499999999
751.62109	-923.68242
750.4209	-925.74657
749.2207	-1054.4212300000002
748.02051	-1084.32265
746.81934	-1209.02363
745.61816	-1289.12737
744.41699	-1270.41541
743.21484	-1476.96742
742.0127	-1598.6234000000002
740.81055	-1628.77601
739.6084	-1794.29219
738.40625	-1820.82898
737.20313	-1875.11285
736.0	-1975.70619
734.7959	-2126.0637300000003
733.59277	-2156.26995
732.38867	-2133.2718299999997
731.18457	-2217.5564
729.97949	-2095.44782
728.77539	-1935.82672
727.57031	-1909.6719
726.36523	-1851.4684699999998
725.16016	-1883.39165
723.9541	-1909.1959200000001
722.74805	-1951.2105000000001
721.54199	-1929.75123
720.33496	-1994.11288
719.12891	-2025.01215
717.92188	-2159.11226
716.71484	-2257.50057
715.50684	-2381.7928
714.29883	-2555.20472
713.09082	-2734.1204700000003
711.88281	-2843.30667
710.67481	-3199.5952700000003
709.46582	-3556.18263
708.25684	-3913.40985
707.04785	-4342.3086
705.83789	-4790.06796
704.62793	-5350.8804
703.41797	-5969.21857
702.20801	-6582.1018699999995
700.99805	-7461.62856
699.78711	-8350.71458
698.57617	-9123.35548
697.36426	-9698.14608
696.15332	-10488.95057
694.94141	-11738.97133
693.72949	-13097.9728
692.5166	-13866.15105
691.30469	-14416.0547
690.0918	-14588.13135
688.87891	-14070.419419999998
687.66504	-13110.38357
686.45117	-11727.222890000001
685.23731	-10461.340240000001
684.02344	-9249.73054
682.80957	-8333.77924
681.59473	-7581.35088
680.37988	-6859.01118
679.16504	-6702.938990000001
677.94922	-6458.37471
676.7334	-6350.49699
675.51758	-6149.87081
674.30176	-5870.464199999999
673.08496	-5453.29511
671.86914	-5129.32232
670.65137	-4453.45782
669.43457	-4043.04459
668.2168	-3491.0270299999997
667.0	-3161.35011
665.78125	-2800.24381
664.56348	-2613.03527
663.34473	-2311.92478
662.12598	-2316.27178
660.90723	-2078.16508
659.68848	-1875.65996
658.46875	-1769.39412
657.24902	-1801.0522899999999
656.0293	-1647.07539
654.80859	-1560.99911
653.58789	-1526.3979199999999
652.36719	-1401.3121299999998
651.14648	-1397.5530099999999
649.92481	-1388.2601399999999
648.7041	-1374.84264
647.48242	-1255.19911
646.25977	-1268.76271
645.03711	-1313.03037
643.81543	-1190.74362
642.5918	-1213.8789
641.36914	-1213.81099
640.14551	-1176.20404
638.92188	-1290.095
637.69824	-1285.30818
636.47461	-1250.09564
635.25	-1251.41257
634.02539	-1092.50878
632.80078	-1036.40191
631.5752	-1126.4363799999999
630.34961	-1108.58059
629.12402	-1185.57353
627.89844	-1093.24226
626.67188	-1022.13393
625.44531	-1033.67531
624.21875	-967.7986000000001
622.99219	-1019.90659
621.76465	-1086.49565
620.53711	-1036.9282600000001
619.30957	-781.6437
618.08106	-764.10411
616.85254	-739.6725100000001
615.62402	-726.21232
614.39551	-732.5309100000001
613.16699	-613.1508699999999
611.9375	-544.3134200000001
610.70801	-414.81817
609.47754	-339.11981
608.24805	-346.41356
607.01758	-302.99282
605.78711	-156.21522
604.55566	-143.85479
603.3252	-138.24603
602.09375	-80.85109
600.86133	-122.46260000000001
599.62988	-110.13272
598.39746	-97.15758
597.16504	-87.13944
595.93262	-141.23585
594.69922	-132.92362
593.46582	-21.03067
592.23242	-25.90231
590.99902	-38.59826
589.76465	-68.71377
588.53027	-52.51586
587.2959	-111.24062
586.06152	-105.98876999999999
584.82617	-22.985280000000003
583.59082	-32.933890000000005
582.35547	-80.65231
581.11914	-243.45695999999998
579.88281	-247.16416
578.64648	-171.19725
577.41016	-127.19429000000001
