2000.04395	11.138380000000002
1901.7627	65.96879
1900.78027	-120.40603999999999
1899.79785	-41.03492
1898.81543	-92.92919
1897.83203	-100.50514
1896.84961	-47.865939999999995
1895.86621	6.3897600000000025
1894.88281	-171.03179999999998
1893.89844	-44.80293
1892.91504	-49.92825
1891.93066	-50.103519999999996
1890.94727	-47.53102
1889.96289	19.797250000000002
1888.97754	-120.24811999999999
1887.99316	-7.5159400000000005
1887.00781	-148.64354
1886.02344	-33.56115
1885.03809	-44.564699999999995
1884.05176	-23.29216
1883.06641	-14.717860000000002
1882.08106	-54.10101
1881.09473	-153.97924
1880.1084	-37.83203
1879.12207	-46.96986
1878.13574	-42.36134
1877.14844	10.76757
1876.16211	1.6675699999999996
1875.17481	-5.366050000000001
1874.1875	-141.26291
1873.19922	-85.39241
1872.21191	23.118969999999997
1871.22363	-0.5088000000000008
1870.23633	-0.29291
1869.24805	-36.052659999999996
1868.25879	19.06393
1867.27051	-20.03722
1866.28223	-0.8135499999999993
1865.29297	62.856719999999996
1864.30371	40.703419999999994
1863.31445	65.19423
1862.32422	32.44706
1861.33496	53.57557
1860.34473	48.43546
1859.35449	-39.57546
1858.36426	-55.731120000000004
1857.37402	-75.31577
1856.38379	49.932739999999995
1855.39258	-32.008179999999996
1854.40137	-34.91941
1853.41016	104.28159
1852.41895	-65.93787
1851.42676	-133.26046
1850.43555	-237.06716
1849.44336	-145.83053
1848.45117	-65.06921999999999
1847.45898	-133.36881
1846.4668	-129.55501
1845.47363	32.56577
1844.48047	10.663219999999995
1843.48731	-97.36006
1842.49414	-125.43678
1841.50098	-80.82756
1840.50684	-140.46918
1839.51367	-57.92200999999999
1838.51953	-158.06838
1837.52539	-37.83097000000001
1836.53027	30.206970000000002
1835.53613	-187.45358
1834.54102	-124.74427
1833.5459	-86.01917
1832.55078	-50.959179999999996
1831.55566	-118.44422
1830.56055	-78.68271
1829.56445	-76.84486999999999
1828.56836	-198.20744
1827.57227	-213.45734
1826.57617	-236.49341
1825.58008	-137.79537
1824.58301	-25.3389
1823.58594	-170.05931999999999
1822.58887	-30.721629999999998
1821.5918	-111.86924
1820.59473	-111.02376000000001
1819.59668	-75.49128000000002
1818.59961	-210.63364
1817.60156	-146.68225
1816.60352	-116.87034999999999
1815.60449	-205.19016
1814.60645	-98.46016
1813.60742	-177.71849
1812.6084	-128.1287
1811.60938	-109.60175
1810.61035	-134.94783
1809.61035	-208.2718
1808.61133	-183.05876
1807.61133	-160.84353000000002
1806.61133	-48.64069
1805.61035	-163.20005999999998
1804.61035	-129.98545000000001
1803.60938	-191.61896
1802.6084	-61.916689999999996
1801.60742	-86.53596
1800.60645	-118.90882
1799.60547	-154.47355
1798.60352	-103.19679
1797.60156	-126.49934999999999
1796.59961	-178.80159
1795.59766	-117.20924000000001
1794.5957	-44.96881
1793.59277	43.55343
1792.58984	-127.71498000000001
1791.58789	-50.1637
1790.58398	-72.87366
1789.58106	-159.19776
1788.57715	-137.39179
1787.57422	-107.75488999999999
1786.57031	-86.30134
1785.56641	-61.34404
1784.56152	-18.81918
1783.55762	-57.81654999999999
1782.55273	9.878789999999999
1781.54785	95.32854999999999
1780.54297	-30.858490000000003
1779.53809	-28.338320000000003
1778.53223	32.15223
1777.52734	-130.10242
1776.52148	-195.46213999999998
1775.51563	-113.87713
1774.50879	40.7196
1773.50293	-8.94206
1772.49609	-162.14929
1771.48926	-86.25756
1770.48242	-56.955439999999996
1769.47559	-186.18386
1768.46777	-252.75779
1767.46094	-96.91542
1766.45313	-100.42084999999999
1765.44531	-153.67328
1764.4375	-180.99049
1763.42871	-159.11135000000002
1762.4209	-109.615
1761.41211	-198.81149
1760.40332	-173.77499
1759.39356	-222.55194
1758.38477	-182.99589
1757.375	-158.25044
1756.36621	-133.03799
1755.35645	-116.1729
1754.3457	-33.857569999999996
1753.33594	-171.34569
1752.3252	-135.39926
1751.31543	-122.21136000000001
1750.30469	72.02891
1749.29297	-41.08659
1748.28223	-6.06147
1747.27051	30.51437
1746.25977	-52.305589999999995
1745.24805	0.47585000000000033
1744.23535	98.81323
1743.22363	89.18101
1742.21191	-31.57561
1741.19922	118.59029
1740.18652	126.07352
1739.17383	97.56929000000001
1738.16016	92.94123
1737.14746	9.882750000000001
1736.13379	2.164450000000002
1735.12012	22.79964
1734.10645	73.05721
1733.0918	3.79077
1732.07813	-75.03532
1731.06348	-54.178290000000004
1730.04883	13.83757
1729.03418	-109.73689
1728.01953	-37.34334
1727.00391	-91.82757
1725.98828	-41.815129999999996
1724.97266	-20.433249999999997
1723.95703	-53.973690000000005
1722.94141	-136.4197
1721.92481	-28.901429999999998
1720.90918	-115.2678
1719.89258	-286.17703
1718.87598	-279.81076
1717.8584	-136.2188
1716.8418	-246.82768000000002
1715.82422	-309.70497
1714.80664	-229.22186
1713.78906	-287.47739
1712.77051	-332.20016
1711.75293	-344.62896
1710.73438	-430.17181999999997
1709.71582	-374.82865
1708.69727	-494.7682
1707.67871	-502.22428
1706.65918	-518.1370099999999
1705.64063	-451.71172
1704.62109	-471.98472
1703.60059	-438.49
1702.58106	-481.86148
1701.56152	-409.49668
1700.54102	-334.75319
1699.52051	-460.11825
1698.5	-347.59150999999997
1697.47852	-461.28675999999996
1696.45801	-453.37748999999997
1695.43652	-524.76339
1694.41504	-446.73574
1693.39356	-515.84721
1692.37207	-548.72346
1691.34961	-686.32727
1690.32715	-652.9278400000001
1689.30469	-729.7710500000001
1688.28223	-621.46546
1687.25977	-796.94463
1686.23633	-814.26995
1685.21387	-738.10457
1684.19043	-802.6586699999999
1683.16602	-733.18204
1682.14258	-811.59614
1681.11914	-754.76049
1680.09473	-814.34428
1679.07031	-937.47534
1678.0459	-983.9426699999999
1677.02051	-945.9427
1675.99609	-995.66136
1674.9707	-1071.36061
1673.94531	-1190.19914
1672.91992	-1015.0886899999999
1671.89356	-1171.0417
1670.86816	-1151.95957
1669.8418	-1297.1188300000001
1668.81543	-1119.9700699999999
1667.78906	-1196.8087799999998
1666.76172	-1243.07998
1665.73535	-1309.80475
1664.70801	-1277.01764
1663.68066	-1358.38699
1662.65332	-1412.60107
1661.625	-1507.95256
1660.59766	-1500.70515
1659.56934	-1536.29076
1658.54102	-1496.58874
1657.5127	-1656.89359
1656.4834	-1801.64957
1655.45508	-1844.10158
1654.42578	-1753.04181
1653.39648	-1738.16177
1652.36621	-1907.24675
1651.33691	-2007.85525
1650.30664	-2069.96898
1649.27637	-2133.05541
1648.24609	-2254.89809
1647.21582	-2339.32098
1646.18555	-2477.40835
1645.1543	-2489.1403299999997
1644.12305	-2617.96947
1643.0918	-2770.92054
1642.06055	-2941.03233
1641.02832	-2948.6532199999997
1639.99707	-3125.08819
1638.96484	-3380.9658200000003
1637.93164	-3238.4802900000004
1636.89941	-3253.82897
1635.86719	-3441.4265800000003
1634.83398	-3426.752
1633.80078	-3581.11657
1632.76758	-3690.58773
1631.73438	-3832.9732700000004
1630.7002	-3910.51076
1629.66602	-3831.20741
1628.63184	-3972.7011299999995
1627.59766	-4096.66083
1626.56348	-4308.314060000001
1625.52832	-4562.45492
1624.49316	-4688.18196
1623.45801	-4728.6007
1622.42285	-4850.59476
1621.3877	-5039.847659999999
1620.35156	-5200.86553
1619.31543	-5360.52139
1618.2793	-5595.985970000001
1617.24316	-5735.71594
1616.20703	-5849.78088
1615.16992	-6063.30036
1614.13281	-6139.45745
1613.0957	-6482.64383
1612.05859	-6648.6797
1611.02051	-6834.49713
1609.9834	-7311.86535
1608.94531	-7597.68049
1607.90723	-7871.631579999999
1606.86816	-8184.35205
1605.83008	-8783.5367
1604.79102	-9293.13436
1603.75195	-9869.21659
1602.71289	-10619.835
1601.67383	-11584.60857
1600.63379	-12605.605239999999
1599.59473	-13646.04054
1598.55469	-14995.858719999998
1597.51367	-16181.97973
1596.47363	-17895.14772
1595.43359	-19420.54108
1594.39258	-20853.456189999997
1593.35156	-22391.399250000002
1592.31055	-24311.00253
1591.26856	-25771.88585
1590.22754	-27170.4424
1589.18555	-28640.372740000003
1588.14356	-30066.128109999998
1587.10059	-30526.0961
1586.05859	-31192.84324
1585.01563	-31175.373869999996
1583.97266	-30984.344119999998
1582.92969	-30602.98588
1581.88672	-29736.71761
1580.84375	-28776.038370000002
1579.79981	-28155.675180000002
1578.75586	-27769.711799999997
1577.71191	-27348.09992
1576.66699	-27548.32162
1575.62305	-28227.96447
1574.57813	-30226.74603
1573.5332	-32297.520259999998
1572.48828	-33602.83718
1571.44336	-34098.03376
1570.39746	-33695.25048
1569.35156	-32060.52513
1568.30566	-29689.81334
1567.25977	-26820.53343
1566.21387	-24465.28948
1565.16699	-22358.0278
1564.12012	-20434.68071
1563.07324	-18399.619130000003
1562.02637	-17056.103300000002
1560.97852	-15820.160670000001
1559.93066	-15042.67822
1558.88379	-14247.06963
1557.83496	-13198.83037
1556.78711	-12377.598689999999
1555.73926	-12166.214179999999
1554.69043	-11648.675009999999
1553.6416	-11301.86074
1552.59277	-10982.129659999999
1551.54297	-10982.27742
1550.49414	-10878.32058
1549.44434	-10930.70765
1548.39453	-11161.91594
1547.34473	-11255.66966
1546.29395	-11499.18871
1545.24414	-11604.90109
1544.19336	-11536.88436
1543.14258	-11538.40087
1542.09082	-11340.04998
1541.04004	-11071.96952
1539.98828	-10643.87951
1538.93652	-10156.917519999999
1537.88477	-9679.69168
1536.83301	-9604.9818
1535.78027	-9054.21464
1534.72754	-8467.17096
1533.67481	-8143.7638400000005
1532.62207	-7737.99443
1531.56934	-7531.72682
1530.51563	-7099.92857
1529.46191	-6574.11003
1528.4082	-6321.957090000001
1527.35449	-6170.97174
1526.29981	-5913.7419199999995
1525.24609	-5457.424190000001
1524.19141	-5012.04768
1523.13672	-4837.1614
1522.08106	-4661.985769999999
1521.02637	-4551.39994
1519.9707	-4174.123350000001
1518.91504	-4116.4926399999995
1517.85938	-3947.22045
1516.80273	-3774.1655100000003
1515.74707	-3449.04883
1514.69043	-3248.33809
1513.63379	-3275.4013299999997
1512.57715	-3236.54019
1511.51953	-3054.30426
1510.46191	-3020.17314
1509.40527	-2776.37878
1508.34668	-2901.25533
1507.28906	-2898.8438
1506.23145	-2616.24632
1505.17285	-2753.04007
1504.11426	-2708.22192
1503.05566	-2654.89333
1501.99609	-2812.78534
1500.9375	-2647.8485400000004
1499.87793	-2410.87128
1498.81836	-2444.74382
1497.75781	-2480.12732
1496.69824	-2459.85306
1495.6377	-2350.3327600000002
1494.57715	-2435.80327
1493.5166	-2509.86852
1492.45606	-2662.44861
1491.39453	-2520.2113099999997
1490.33301	-2566.27437
1489.27148	-2635.55564
1488.20996	-2816.24783
1487.14844	-2833.7055600000003
1486.08594	-2781.09612
1485.02344	-2717.37982
1483.96094	-2908.57526
1482.89844	-2705.05437
1481.83496	-2618.2437
1480.77246	-2598.2244100000003
1479.70898	-2520.74004
1478.64453	-2658.94
1477.58106	-3039.20535
1476.51758	-3472.53973
1475.45313	-3761.36136
1474.38867	-4214.81706
1473.32324	-4468.61664
1472.25879	-4469.670679999999
1471.19336	-4256.22509
1470.12793	-3904.5646500000003
1469.0625	-3774.0874
1467.99707	-3501.93744
1466.93066	-3298.55382
1465.86523	-3122.95432
1464.79883	-3028.08374
1463.73145	-3073.98142
1462.66504	-3214.4782499999997
1461.59766	-3099.4589
1460.53027	-2968.36517
1459.46289	-2936.90912
1458.39551	-2749.869
1457.32715	-2671.77943
1456.25977	-2449.38646
1455.19141	-2122.92708
1454.12305	-1848.02543
1453.05371	-1758.94928
1451.98535	-1557.53773
1450.91602	-1436.92419
1449.84668	-1176.14807
1448.77637	-1134.33229
1447.70703	-1023.17945
1446.63672	-1057.9533900000001
1445.56641	-862.62789
1444.49609	-885.9030399999999
1443.42578	-781.5653
1442.35449	-723.47117
1441.2832	-811.65913
1440.21191	-798.9359499999999
1439.14063	-710.60142
1438.06934	-679.0847799999999
1436.99707	-704.1846
1435.92481	-848.07156
1434.85254	-801.6778899999999
1433.78027	-634.26093
1432.70703	-594.78955
1431.63379	-675.8992099999999
1430.56055	-657.2797400000001
1429.48731	-437.15355
1428.41309	-437.29711
1427.33984	-413.87057
1426.26563	-494.82896999999997
1425.19141	-410.85341999999997
1424.11621	-351.48099
1423.04199	-364.06808
1421.9668	-349.34831999999994
1420.8916	-282.39444000000003
1419.81641	-457.89455
1418.74023	-426.63917999999995
1417.66504	-398.95144999999997
1416.58887	-448.81054
1415.5127	-569.17511
1414.43555	-699.17195
1413.35938	-619.62499
1412.28223	-616.47087
1411.20508	-686.6336
1410.12793	-660.2877100000001
1409.04981	-859.62899
1407.97266	-921.01274
1406.89453	-949.6231200000001
1405.81641	-1137.53887
1404.73731	-1169.08019
1403.65918	-1129.76746
1402.58008	-1145.45555
1401.50098	-1082.05634
1400.42188	-966.5774
1399.3418	-970.30307
1398.2627	-833.67497
1397.18262	-731.65819
1396.10254	-669.05477
1395.02148	-619.79032
1393.94141	-583.5551399999999
1392.86035	-504.47871
1391.7793	-403.29864000000003
1390.69824	-293.85902
1389.61621	-341.66926
1388.53516	-558.3509
1387.45313	-562.79611
1386.37109	-445.48116
1385.28809	-365.61802
1384.20606	-353.83077000000003
1383.12305	-376.95885
1382.04004	-274.50387
1380.95703	-449.86955
1379.87305	-442.0473
1378.78906	-323.15215
1377.70508	-549.65303
1376.62109	-521.97559
1375.53711	-447.70038
1374.45215	-395.05280000000005
1373.36719	-347.1358
1372.28223	-495.44512999999995
1371.19727	-513.3065099999999
1370.11231	-457.83914
1369.02637	-385.53033
1367.94043	-450.27185
1366.85449	-404.62879999999996
1365.76758	-377.28233
1364.68164	-354.09386
1363.59473	-388.7748
1362.50781	-309.72704
1361.41992	-222.59410000000003
1360.33301	-242.09444
1359.24512	-186.22789
1358.15723	-211.63301
1357.06934	-96.90216
1355.98145	-54.8386
1354.89258	-135.90391
1353.80371	-123.95179
1352.71484	-63.16684
1351.625	5.4677699999999945
1350.53613	-95.08167
1349.44629	-119.60302000000001
1348.35645	-187.82375
1347.2666	-199.86562
1346.17578	-252.24622
1345.08594	-195.29886000000002
1343.99512	-195.97841
1342.90332	-278.98274000000004
1341.8125	-362.69755000000004
1340.7207	-227.66487999999998
1339.62988	-253.58814999999998
1338.53809	-180.74729
1337.44531	-210.9499
1336.35352	-176.15285
1335.26074	-128.53118999999998
1334.16797	-133.48266
1333.0752	-153.44674999999998
1331.98145	-233.06028
1330.88867	-207.45598
1329.79492	-272.17014
1328.70117	-300.59475
1327.60645	-197.44507
1326.5127	-148.07531
1325.41797	-235.20357
1324.32324	-196.67695999999998
1323.22754	-345.1144
1322.13281	-446.27346
1321.03711	-538.12874
1319.94141	-577.56479
1318.8457	-679.26078
1317.75	-661.2483100000001
1316.65332	-792.74534
1315.55664	-841.5189899999999
1314.45996	-946.78011
1313.36328	-1001.9446999999999
1312.26563	-1094.49563
1311.16797	-1028.01713
1310.07031	-990.4825100000002
1308.97266	-1044.25889
1307.87402	-1171.97032
1306.77637	-1148.38498
1305.67773	-1229.82325
1304.5791	-1262.22433
1303.47949	-1320.7898
1302.38086	-1407.28218
1301.28125	-1600.98029
1300.18164	-1736.67019
1299.08106	-1801.11847
1297.98145	-1901.38456
1296.88086	-2196.913
1295.78027	-2348.60038
1294.67969	-2565.0963
1293.57813	-2886.62531
1292.47656	-3022.9191499999997
1291.375	-3357.50655
1290.27344	-3588.51966
1289.17188	-3789.02784
1288.06934	-3798.96687
1286.9668	-3983.9472200000005
1285.86426	-4005.8058899999996
1284.76172	-3994.0549899999996
1283.6582	-4083.6791399999997
1282.55469	-4008.8536
1281.45117	-3907.6374299999998
1280.34766	-3685.21072
1279.24414	-3546.20901
1278.13965	-3104.4391
1277.03516	-2983.40343
1275.93066	-2600.89919
1274.8252	-2289.9755600000003
1273.7207	-1996.33786
1272.61523	-1913.64955
1271.50879	-1793.51577
1270.40332	-1778.49444
1269.29785	-1613.11013
1268.19141	-1396.52
1267.08496	-1289.2441800000001
1265.97754	-1160.72486
1264.87109	-1097.91938
1263.76367	-1048.63392
1262.65625	-925.1847300000001
1261.54883	-969.2835699999999
1260.44043	-944.36391
1259.33301	-931.18579
1258.22461	-921.64535
1257.11523	-924.03469
1256.00684	-933.43134
1254.89746	-911.85727
1253.78809	-899.5004
1252.67871	-874.30258
1251.56934	-821.1274500000001
1250.45898	-699.22392
1249.34961	-714.0999800000001
1248.23926	-793.86986
1247.12793	-627.234
1246.01758	-672.6905300000001
1244.90625	-618.5381600000001
1243.79492	-655.1159100000001
1242.68359	-556.18181
1241.57129	-526.3730400000001
1240.45996	-438.98424
1239.34766	-469.22976
1238.23438	-437.10308000000003
1237.12207	-468.93612
1236.00879	-457.04143
1234.89648	-538.97427
1233.78223	-523.81765
1232.66895	-599.0152099999999
1231.55566	-562.85888
1230.44141	-539.02394
1229.32715	-486.98664
1228.21191	-567.85016
1227.09766	-532.3169800000001
1225.98242	-548.47564
1224.86719	-497.97557
1223.75195	-405.56496999999996
1222.63574	-412.94062
1221.52051	-369.70415
1220.4043	-404.07837
1219.28711	-348.81785
1218.1709	-276.97688
1217.05371	-286.95799999999997
1215.93652	-364.40774
1214.81934	-441.33680000000004
1213.70215	-561.11821
1212.58398	-662.2887400000001
1211.46582	-656.06181
1210.34766	-736.519
1209.22949	-824.4982399999999
1208.11035	-986.13389
1206.99219	-1087.26666
1205.87305	-1297.2964000000002
1204.75293	-1423.7231299999999
1203.63379	-1558.49104
1202.51367	-1834.43863
1201.39356	-2080.28408
1200.27344	-2364.83133
1199.15234	-2655.19562
1198.03223	-3042.45059
1196.91113	-3396.02344
1195.79004	-3785.1511200000004
1194.66797	-4160.76376
1193.5459	-4603.07777
1192.42481	-4840.0786499999995
1191.30176	-5119.342769999999
1190.17969	-5414.23291
1189.05664	-5642.98947
1187.93359	-5770.08846
1186.81055	-5786.2896900000005
1185.6875	-5772.357
1184.56348	-5773.77549
1183.44043	-5694.54285
1182.31641	-5659.61726
1181.19141	-5452.45447
1180.06738	-4854.630179999999
1178.94238	-4354.88808
1177.81738	-3708.05616
1176.69238	-3081.48297
1175.56641	-2570.2468
1174.44043	-2104.22901
1173.31445	-1661.65987
1172.18848	-1506.39849
1171.0625	-1337.2457200000001
1169.93555	-1254.96751
1168.80859	-1075.4845
1167.68164	-1107.5494099999999
1166.55371	-977.0012700000001
1165.42676	-829.41079
1164.29883	-781.40746
1163.1709	-671.4282999999999
1162.04199	-650.6476700000001
1160.91406	-649.1693
1159.78516	-634.18885
1158.65625	-571.1396000000001
1157.52637	-411.3797
1156.39746	-406.19866
1155.26758	-350.36617
1154.1377	-219.05844
1153.00684	-216.19217
1151.87695	-154.97865
1150.74609	-128.8796
1149.61523	-68.2707
1148.48438	65.37455
1147.35254	104.5159
1146.2207	83.80532
1145.08887	78.93373
1143.95703	64.90728
1142.8252	36.00217000000001
1141.69238	-18.08199
1140.55957	-28.714190000000002
1139.42676	-119.52308000000001
1138.29297	-162.17251
1137.15918	-223.78271
1136.02539	-211.87776
1134.8916	-361.29176
1133.75781	-568.8904699999999
1132.62305	-638.98582
1131.48828	-832.02692
1130.35352	-1067.04915
1129.21777	-1235.1101700000002
1128.08301	-1348.1527299999998
1126.94727	-1379.8158
1125.81152	-1465.8401199999998
1124.67481	-1542.3305599999999
1123.53906	-1557.35068
1122.40234	-1621.71962
1121.26563	-1791.81598
1120.12793	-1860.4519799999998
1118.99023	-2066.66676
1117.85352	-2308.1809300000004
1116.71484	-2571.0885900000003
1115.57715	-2824.93503
1114.43945	-3009.75147
1113.30078	-3242.89498
1112.16211	-3571.42927
1111.02246	-3746.0757200000003
1109.88379	-4025.1449799999996
1108.74414	-4186.87608
1107.60449	-4401.61607
1106.46387	-4606.22231
1105.32422	-4783.1586
1104.18359	-4951.45989
1103.04297	-5278.62418
1101.90234	-5644.88652
1100.76074	-6063.2652499999995
1099.61914	-6539.64611
1098.47754	-6979.87849
1097.33594	-7745.443429999999
1096.19336	-8719.90804
1095.05176	-9677.0532
1093.90918	-10734.8997
1092.76563	-12120.79445
1091.62305	-13621.393839999999
1090.47949	-15168.17721
1089.33594	-16773.96448
1088.19238	-18303.681239999998
1087.04785	-19913.61651
1085.90332	-21348.81622
1084.75879	-22902.73002
1083.61426	-24108.07828
1082.46973	-25414.73271
1081.32422	-26752.788660000002
1080.17871	-28013.06296
1079.0332	-29404.17245
1077.88672	-30855.97518
1076.74023	-32376.21585
1075.59375	-34070.13519
1074.44727	-35670.07604
1073.30078	-37135.917480000004
1072.15332	-37982.52371
1071.00586	-38296.62724
1069.8584	-37520.8873
1068.70996	-35817.32493
1067.56152	-33009.004499999995
1066.41309	-29646.65334
1065.26465	-26276.477319999998
1064.11621	-22675.30149
1062.9668	-19407.621209999998
1061.81738	-16530.641580000003
1060.66797	-14047.1196
1059.51758	-12027.36431
1058.36816	-10423.197370000002
1057.21777	-9451.63602
1056.06738	-8373.837959999999
1054.91602	-7821.209139999999
1053.76465	-7273.09362
1052.61328	-6716.36088
1051.46191	-5708.44409
1050.31055	-5377.64162
1049.1582	-4976.03369
1048.00586	-4780.90279
1046.85352	-4445.03398
1045.7002	-4070.3890199999996
1044.54785	-3803.82083
1043.39453	-3643.37199
1042.24023	-3561.0285599999997
1041.08691	-3435.0954899999997
1039.93262	-3464.5108299999997
1038.77832	-3493.2391700000003
1037.62402	-3511.3274499999998
1036.46973	-3618.3758500000004
1035.31445	-3803.0751800000003
1034.15918	-4017.0701400000003
1033.00391	-4153.128140000001
1031.84766	-4357.7262599999995
1030.69238	-4681.07015
1029.53613	-5199.02424
1028.37891	-5989.096659999999
1027.22266	-7209.746010000001
1026.06543	-8851.33892
1024.9082	-11484.784010000001
1023.75098	-13999.31657
1022.59375	-15882.5075
1021.43555	-15809.08704
1020.27734	-14223.730889999999
1019.11914	-11768.6887
1017.95996	-9320.052239999999
1016.80078	-7605.2026399999995
1015.6416	-7061.05286
1014.48242	-6814.31347
1013.32324	-6803.49091
1012.16309	-6687.16479
1011.00293	-6427.067410000001
1009.84277	-5854.71371
1008.68164	-5088.16517
1007.52051	-4335.7893300000005
1006.35938	-3884.8865499999997
1005.19824	-3761.86937
1004.03711	-3833.9333500000002
1002.875	-4780.15968
1001.71289	-6665.3328
1000.55078	-10319.13733
999.3877	-14616.1732
998.22461	-17260.186569999998
997.06152	-15996.980749999999
995.89844	-12084.32575
994.73438	-9019.97945
993.57129	-7420.744070000001
992.40723	-6889.7559
991.24219	-6877.31067
990.07813	-6904.7958
988.91309	-7040.10181
987.74805	-7412.43309
986.58301	-7429.05961
985.41699	-7657.21043
984.25098	-7506.83961
983.08496	-7173.29396
981.91895	-6816.54761
980.75195	-6443.7777
979.58496	-5995.92267
978.41797	-5698.04827
977.25098	-5349.49461
976.08301	-5004.9781
974.91504	-4649.91112
973.74707	-4401.26836
972.5791	-4071.7500700000005
971.41016	-3729.5745100000004
970.24219	-3591.8487600000003
969.07227	-3385.8383200000003
967.90332	-3031.39019
966.7334	-2836.60167
965.56348	-2633.78972
964.39356	-2339.2052099999996
963.22363	-2183.52436
962.05273	-2085.35491
960.88184	-1933.90226
959.71094	-1772.17381
958.54004	-1618.88313
957.36816	-1394.43649
956.19629	-1399.46034
955.02441	-1273.64521
953.85156	-1216.97335
952.67969	-1160.37499
951.50684	-1120.51565
950.33398	-1176.7450000000001
949.16016	-1217.0157100000001
947.98633	-1226.59639
946.8125	-1247.01126
945.63867	-1325.9655799999998
944.46484	-1264.92641
943.29004	-1228.84495
942.11523	-1165.75892
940.94043	-1131.31886
939.76465	-1125.65253
938.58887	-1102.17863
937.41309	-1089.20661
936.23731	-954.0155699999999
935.06055	-979.55068
933.88379	-1066.66941
932.70703	-1000.6344799999999
931.53027	-1018.1555900000001
930.35254	-1037.53072
929.17578	-1062.25398
927.99805	-1057.45625
926.81934	-966.4358000000001
925.6416	-997.83101
924.46289	-956.4149
923.28418	-866.74472
922.10449	-903.3389
920.92481	-956.2904900000001
919.74609	-969.11578
919.55176	-1003.33488
918.38672	-872.42807
917.2207	-880.97912
916.05469	-967.81408
914.8877	-925.60662
913.72168	-860.79949
912.55469	-879.1435700000001
911.3877	-880.88436
910.2207	-862.7031499999999
909.05273	-881.75896
907.88574	-929.09903
906.71777	-866.42975
905.54883	-841.23456
904.38086	-877.37662
903.21191	-809.9494599999999
902.04297	-775.2651699999999
900.87402	-756.1653
899.7041	-691.94612
898.53516	-644.24725
897.36523	-611.17796
896.19434	-579.5948
895.02441	-643.17472
893.85352	-554.3341300000001
892.68262	-553.83597
891.51172	-396.58778
890.34082	-395.39243999999997
889.16895	-448.08856000000003
887.99707	-413.11019000000005
886.8252	-246.81333999999998
885.65332	-242.44633000000002
884.48047	-197.00878
883.30762	-151.96761
882.13477	-12.063659999999992
880.96191	-50.99516
879.78809	34.739850000000004
878.61426	81.3244
877.44043	49.92084
876.2666	43.13324
875.0918	91.6889
873.91699	71.90807
872.74219	99.89129
871.56738	10.451160000000002
870.3916	75.58054
869.21582	-31.60051
868.04004	13.75334
866.86426	-67.50854000000001
865.6875	10.402890000000001
864.51074	7.4582400000000035
863.33398	38.64219
862.15723	99.72592
860.97949	-7.340990000000001
859.80273	-85.48013
858.625	-54.46834
857.44629	-49.14681
856.26856	-78.52244999999999
855.08984	-94.64039
853.91113	-163.3064
852.73145	-131.12206
851.55273	-154.12120000000002
850.37305	-212.52271
849.19336	-315.64852
848.01367	-321.71384
846.83301	-381.63345
845.65234	-413.82759999999996
844.47168	-580.49423
843.29102	-597.68038
842.11035	-604.62273
840.92871	-638.5951
839.74707	-743.67068
838.56445	-857.18476
837.38281	-891.16454
836.2002	-899.18334
835.01758	-932.9142700000001
833.83496	-1006.5958099999999
832.65137	-961.0798699999999
831.46777	-1112.21777
830.28418	-1160.4672600000001
829.10059	-1200.17304
827.91699	-1172.44777
826.73242	-1314.77429
825.54785	-1307.51991
824.36328	-1272.57816
823.17773	-1230.584
821.99219	-1237.52156
820.80664	-1197.84318
819.62109	-1218.23453
818.43457	-1212.6904299999999
817.24902	-1196.87026
816.0625	-1030.96452
814.875	-979.6614400000001
813.68848	-1080.3991800000001
812.50098	-1001.3118999999999
811.31348	-1007.8132500000002
810.12598	-1000.84184
808.9375	-1020.5153100000001
807.74902	-990.4118500000001
806.56055	-1023.79884
805.37207	-1054.4100600000002
804.18262	-1041.87149
802.99414	-1082.5778699999998
801.80371	-1083.36203
800.61426	-1107.41569
799.42481	-1115.10108
798.23438	-1089.7639000000001
797.04395	-1045.06374
795.85254	-901.0085
794.66211	-947.4242399999999
793.4707	-864.88918
792.2793	-798.9084799999999
791.08789	-802.0405800000001
789.89551	-688.56365
788.70313	-626.2994600000001
787.51074	-575.0468599999999
786.31836	-515.33222
785.125	-497.02716
783.93164	-562.51202
782.73828	-431.37732
781.54492	-522.26527
780.35059	-495.16668
779.15625	-469.32061999999996
777.96191	-603.48821
776.76758	-666.2198400000001
775.57227	-832.02544
774.37695	-909.72555
773.18164	-1118.36157
771.98633	-1147.32728
770.79004	-1212.1016900000002
769.59375	-1243.6241
768.39746	-1036.18423
767.20117	-1050.27795
766.00391	-1101.52368
764.80664	-1007.10342
763.60938	-896.7688
762.41211	-946.1522
761.21387	-945.7089500000001
760.01563	-819.21704
758.81738	-947.35841
757.61816	-946.85164
756.41992	-1018.4277999999999
755.2207	-1026.21992
754.02148	-970.21478
752.82129	-940.27329
751.62109	-924.9456
750.4209	-895.26736
749.2207	-1054.55275
748.02051	-1062.33313
746.81934	-1137.21153
745.61816	-1313.63339
744.41699	-1323.18445
743.21484	-1538.6230600000001
742.0127	-1567.87211
740.81055	-1607.07331
739.6084	-1822.78332
738.40625	-1834.76446
737.20313	-1885.77619
736.0	-1963.1961800000001
734.7959	-2139.66674
733.59277	-2163.5354899999998
732.38867	-2158.62583
731.18457	-2226.88236
729.97949	-2114.3892
728.77539	-1937.6239300000002
727.57031	-1881.8974600000001
726.36523	-1850.98139
725.16016	-1885.07122
723.9541	-1899.03694
722.74805	-1937.92251
721.54199	-1962.1425800000002
720.33496	-2031.86113
719.12891	-2012.81346
717.92188	-2132.03012
716.71484	-2262.02212
715.50684	-2412.15699
714.29883	-2539.16733
713.09082	-2675.40967
711.88281	-2829.38593
710.67481	-3250.35782
709.46582	-3547.0636999999997
708.25684	-3888.40961
707.04785	-4359.86638
705.83789	-4759.00525
704.62793	-5366.3669
703.41797	-5992.67545
702.20801	-6611.39434
700.99805	-7387.86715
699.78711	-8316.423159999998
698.57617	-9108.4944
697.36426	-9735.04219
696.15332	-10499.24253
694.94141	-11747.597
693.72949	-13078.592340000001
692.5166	-13814.574240000002
691.30469	-14408.08797
690.0918	-14570.25186
688.87891	-14002.446619999999
687.66504	-13065.25021
686.45117	-11738.76326
685.23731	-10460.34085
684.02344	-9198.627460000002
682.80957	-8297.103579999999
681.59473	-7600.9477400000005
680.37988	-6863.5549200000005
679.16504	-6680.66511
677.94922	-6498.8049
676.7334	-6353.10651
675.51758	-6125.6835200000005
674.30176	-5882.49399
673.08496	-5455.59863
671.86914	-5119.98764
670.65137	-4485.11202
669.43457	-4020.7436799999996
668.2168	-3532.5463
667.0	-3092.0176699999997
665.78125	-2801.06958
664.56348	-2641.30571
663.34473	-2296.98955
662.12598	-2280.36664
660.90723	-2045.57674
659.68848	-1925.54579
658.46875	-1773.34634
657.24902	-1835.8991999999998
656.0293	-1652.72404
654.80859	-1581.83719
653.58789	-1504.12339
652.36719	-1437.63287
651.14648	-1344.2228
649.92481	-1375.51541
648.7041	-1348.69227
647.48242	-1273.93914
646.25977	-1287.31456
645.03711	-1289.76002
643.81543	-1161.02367
642.5918	-1155.5749999999998
641.36914	-1191.93921
640.14551	-1146.34137
638.92188	-1266.34571
637.69824	-1275.0476
636.47461	-1239.62954
635.25	-1290.88642
634.02539	-1080.04018
632.80078	-1042.58577
631.5752	-1161.3894799999998
630.34961	-1069.69356
629.12402	-1092.41524
627.89844	-1080.9992499999998
626.67188	-1012.5718699999999
625.44531	-1016.1842100000001
624.21875	-980.3215200000001
622.99219	-1062.23446
621.76465	-1056.07004
620.53711	-1008.3559600000001
619.30957	-801.88064
618.08106	-718.40122
616.85254	-669.0978
615.62402	-673.20603
614.39551	-713.4274300000001
613.16699	-584.1354
611.9375	-562.7239900000001
610.70801	-435.95372000000003
609.47754	-374.81341999999995
608.24805	-324.19905
607.01758	-272.84643
605.78711	-150.57229999999998
604.55566	-142.50907
603.3252	-172.51615
602.09375	-68.21779000000001
600.86133	-100.88162
599.62988	-108.16778
598.39746	-98.66301
597.16504	-81.16116
595.93262	-121.35589
594.69922	-38.906969999999994
593.46582	-27.04582
592.23242	-4.00321
590.99902	-15.572830000000002
589.76465	-81.5804
588.53027	-64.70742
587.2959	-70.15057
586.06152	-136.98172
584.82617	-62.61057
583.59082	-59.027660000000004
582.35547	-96.00814
581.11914	-205.61335
579.88281	-216.63978
578.64648	-131.21179999999998
577.41016	-112.10974
