2000.04395	17.511280000000003
1901.7627	100.83997
1900.78027	-197.69297
1899.79785	-45.577580000000005
1898.81543	-80.69098
1897.83203	-105.53462999999999
1896.84961	-36.12385
1895.86621	-67.18865
1894.88281	-261.85665
1893.89844	51.223090000000006
1892.91504	-73.20393999999999
1891.93066	-127.06103999999999
1890.94727	-71.30579
1889.96289	15.1938
1888.97754	-95.97901999999999
1887.99316	-66.02563
1887.00781	-173.43079
1886.02344	-124.10728
1885.03809	53.84011
1884.05176	-39.14942
1883.06641	-52.6577
1882.08106	-60.78361
1881.09473	-177.89247
1880.1084	8.26856
1879.12207	-71.40839
1878.13574	-8.92618
1877.14844	-16.62173
1876.16211	36.97187
1875.17481	-9.076319999999996
1874.1875	-137.9829
1873.19922	-89.64656
1872.21191	37.949239999999996
1871.22363	-17.406129999999997
1870.23633	33.331360000000004
1869.24805	-80.09747
1868.25879	-39.75738
1867.27051	17.570719999999998
1866.28223	38.92505
1865.29297	10.480509999999995
1864.30371	-26.440320000000003
1863.31445	77.49601
1862.32422	44.46383
1861.33496	50.81829
1860.34473	100.92155
1859.35449	-98.41866999999999
1858.36426	-23.14331
1857.37402	-98.51753000000001
1856.38379	101.23229
1855.39258	-84.72236
1854.40137	-17.979880000000005
1853.41016	84.76068
1852.41895	-124.31718000000001
1851.42676	-114.79704
1850.43555	-206.85299
1849.44336	-36.412040000000005
1848.45117	-71.59030999999999
1847.45898	-65.52746
1846.4668	-102.95957000000001
1845.47363	1.07771
1844.48047	-69.25991
1843.48731	-21.145690000000002
1842.49414	-138.5655
1841.50098	-53.36301
1840.50684	-187.87671999999998
1839.51367	-105.62825
1838.51953	-155.58492999999999
1837.52539	-52.48528
1836.53027	-35.227
1835.53613	-219.54791
1834.54102	-80.26845999999999
1833.5459	-10.6421
1832.55078	-40.756429999999995
1831.55566	-142.17852
1830.56055	-81.12807
1829.56445	-115.6159
1828.56836	-234.89614999999998
1827.57227	-219.27474999999998
1826.57617	-175.47073
1825.58008	-137.0743
1824.58301	-34.54209
1823.58594	-76.50287999999999
1822.58887	0.15796000000000276
1821.5918	-54.971590000000006
1820.59473	-90.41911
1819.59668	-60.02463
1818.59961	-94.91494000000002
1817.60156	-198.96677
1816.60352	-100.05902999999999
1815.60449	-243.79287000000002
1814.60645	-65.60701
1813.60742	-164.37203
1812.6084	-153.42403000000002
1811.60938	-56.31589999999999
1810.61035	-129.8684
1809.61035	-248.9925
1808.61133	-152.42018000000002
1807.61133	-164.04663
1806.61133	-107.18412000000001
1805.61035	-171.93403999999998
1804.61035	-162.98769000000001
1803.60938	-198.72619999999998
1802.6084	-69.40977000000001
1801.60742	-92.03022
1800.60645	-105.69855
1799.60547	-208.48852
1798.60352	-117.03598999999998
1797.60156	-69.16694
1796.59961	-167.20695
1795.59766	-115.56613000000002
1794.5957	-77.12111
1793.59277	41.9815
1792.58984	-129.70733
1791.58789	-7.302299999999995
1790.58398	-168.63812000000001
1789.58106	-181.53016
1788.57715	-160.1555
1787.57422	-102.37915999999998
1786.57031	-71.84707
1785.56641	-64.0023
1784.56152	16.14917
1783.55762	-120.86679
1782.55273	5.854579999999999
1781.54785	86.0839
1780.54297	-66.72875
1779.53809	-36.14314
1778.53223	33.379940000000005
1777.52734	-72.31531999999999
1776.52148	-119.16228999999998
1775.51563	-54.71384
1774.50879	39.99207
1773.50293	-3.04483
1772.49609	-261.23478
1771.48926	-145.47605
1770.48242	-140.41316
1769.47559	-175.22108
1768.46777	-242.32220999999998
1767.46094	-49.05605
1766.45313	-136.11704999999998
1765.44531	-234.95763000000002
1764.4375	-163.22923
1763.42871	-179.83046000000002
1762.4209	-111.92668
1761.41211	-185.09765000000002
1760.40332	-158.26158999999998
1759.39356	-191.03352999999998
1758.38477	-232.57817
1757.375	-94.75744
1756.36621	-81.98256
1755.35645	-158.02704
1754.3457	-26.610889999999998
1753.33594	-131.5846
1752.3252	-122.27761
1751.31543	-123.90043
1750.30469	1.1443499999999993
1749.29297	-18.02388
1748.28223	-59.27628
1747.27051	116.09609
1746.25977	51.51335
1745.24805	58.73674
1744.23535	2.8826699999999974
1743.22363	58.72013
1742.21191	34.09482
1741.19922	148.16091
1740.18652	150.23218
1739.17383	17.20875000000001
1738.16016	35.487840000000006
1737.14746	-15.243369999999999
1736.13379	21.137240000000002
1735.12012	-8.463769999999998
1734.10645	151.86925
1733.0918	6.434579999999999
1732.07813	6.988190000000001
1731.06348	-130.76762
1730.04883	-37.57883
1729.03418	-119.51122
1728.01953	-73.78357
1727.00391	-72.53321
1725.98828	-60.96458
1724.97266	-45.07281999999999
1723.95703	-11.17042
1722.94141	-110.89298
1721.92481	-81.80131
1720.90918	-166.62166
1719.89258	-267.81262
1718.87598	-231.72165
1717.8584	-164.17998
1716.8418	-247.43161
1715.82422	-257.12775999999997
1714.80664	-247.97682
1713.78906	-276.56611
1712.77051	-338.59904
1711.75293	-347.21244
1710.73438	-419.56075999999996
1709.71582	-332.26318
1708.69727	-441.38294
1707.67871	-454.44998000000004
1706.65918	-492.3962599999999
1705.64063	-415.17624
1704.62109	-445.76547
1703.60059	-460.0928
1702.58106	-495.03320999999994
1701.56152	-358.01758
1700.54102	-349.8358
1699.52051	-405.90624
1698.5	-348.22325
1697.47852	-507.38491
1696.45801	-441.94097999999997
1695.43652	-462.84342999999996
1694.41504	-434.97022000000004
1693.39356	-481.70475999999996
1692.37207	-475.8489400000001
1691.34961	-679.97207
1690.32715	-628.90716
1689.30469	-676.41132
1688.28223	-599.5501
1687.25977	-799.45995
1686.23633	-808.50646
1685.21387	-749.76713
1684.19043	-754.68332
1683.16602	-714.32338
1682.14258	-770.4936700000001
1681.11914	-728.77431
1680.09473	-780.14119
1679.07031	-958.0581999999999
1678.0459	-970.6590299999999
1677.02051	-952.4524899999999
1675.99609	-975.3313499999999
1674.9707	-1056.84608
1673.94531	-1130.2276
1672.91992	-1070.4791799999998
1671.89356	-1111.0967799999999
1670.86816	-1137.4643600000002
1669.8418	-1204.62578
1668.81543	-1107.8582999999999
1667.78906	-1118.38391
1666.76172	-1238.03515
1665.73535	-1217.54066
1664.70801	-1272.08287
1663.68066	-1301.17643
1662.65332	-1291.51276
1661.625	-1427.66274
1660.59766	-1382.15535
1659.56934	-1477.13339
1658.54102	-1357.36393
1657.5127	-1581.70444
1656.4834	-1781.1844999999998
1655.45508	-1799.37506
1654.42578	-1656.20282
1653.39648	-1689.07533
1652.36621	-1829.29605
1651.33691	-1947.47645
1650.30664	-2022.52214
1649.27637	-2144.9425499999998
1648.24609	-2254.1961300000003
1647.21582	-2302.85003
1646.18555	-2342.58561
1645.1543	-2478.5599399999996
1644.12305	-2536.89535
1643.0918	-2684.27374
1642.06055	-2739.9269600000002
1641.02832	-2887.94681
1639.99707	-2949.97608
1638.96484	-3265.1631700000003
1637.93164	-3103.25736
1636.89941	-3122.34669
1635.86719	-3269.71896
1634.83398	-3240.29266
1633.80078	-3391.48345
1632.76758	-3500.10071
1631.73438	-3646.26314
1630.7002	-3729.89476
1629.66602	-3675.18063
1628.63184	-3834.3264099999997
1627.59766	-3975.93669
1626.56348	-4149.79561
1625.52832	-4380.02158
1624.49316	-4500.322099999999
1623.45801	-4560.71842
1622.42285	-4691.14551
1621.3877	-4891.14105
1620.35156	-5012.13982
1619.31543	-5122.56873
1618.2793	-5320.363230000001
1617.24316	-5463.95225
1616.20703	-5544.990290000001
1615.16992	-5840.75932
1614.13281	-6029.10128
1613.0957	-6309.30594
1612.05859	-6490.72132
1611.02051	-6708.03913
1609.9834	-7136.29732
1608.94531	-7405.26053
1607.90723	-7614.027209999999
1606.86816	-8022.705440000001
1605.83008	-8536.02315
1604.79102	-8971.293570000002
1603.75195	-9634.101540000001
1602.71289	-10335.72568
1601.67383	-11274.52245
1600.63379	-12182.1957
1599.59473	-13290.93556
1598.55469	-14513.702959999999
1597.51367	-15733.656119999998
1596.47363	-17397.9507
1595.43359	-18906.645089999998
1594.39258	-20265.46547
1593.35156	-21972.6993
1592.31055	-23574.918060000004
1591.26856	-25106.38073
1590.22754	-26513.540549999998
1589.18555	-27629.624200000002
1588.14356	-28914.972349999996
1587.10059	-29408.866609999997
1586.05859	-30217.281959999997
1585.01563	-30013.645109999998
1583.97266	-29838.195439999996
1582.92969	-29422.00492
1581.88672	-28498.01083
1580.84375	-27534.60136
1579.79981	-27044.3263
1578.75586	-26667.05872
1577.71191	-26249.56378
1576.66699	-26483.65292
1575.62305	-27098.75963
1574.57813	-29021.593679999998
1573.5332	-30822.03418
1572.48828	-32218.44069
1571.44336	-32594.34699
1570.39746	-32193.473630000004
1569.35156	-30626.93773
1568.30566	-28333.52892
1567.25977	-25744.84996
1566.21387	-23407.42156
1565.16699	-21434.43686
1564.12012	-19471.78862
1563.07324	-17513.862660000003
1562.02637	-16208.652010000002
1560.97852	-14999.590970000001
1559.93066	-14381.3009
1558.88379	-13525.8477
1557.83496	-12493.04448
1556.78711	-11737.40508
1555.73926	-11650.85505
1554.69043	-11052.973899999999
1553.6416	-10890.18258
1552.59277	-10537.96237
1551.54297	-10649.13759
1550.49414	-10596.9494
1549.44434	-10703.36103
1548.39453	-10933.934580000001
1547.34473	-11074.84871
1546.29395	-11322.27224
1545.24414	-11447.811239999999
1544.19336	-11363.215479999999
1543.14258	-11348.15704
1542.09082	-11203.72323
1541.04004	-11048.64481
1539.98828	-10467.57622
1538.93652	-9995.857189999999
1537.88477	-9563.4014
1536.83301	-9499.36827
1535.78027	-9047.843
1534.72754	-8398.78142
1533.67481	-8101.916370000001
1532.62207	-7706.78621
1531.56934	-7361.374949999999
1530.51563	-6922.07949
1529.46191	-6531.67285
1528.4082	-6174.4696
1527.35449	-6156.561860000001
1526.29981	-5751.23272
1525.24609	-5353.13579
1524.19141	-4873.03813
1523.13672	-4681.565610000001
1522.08106	-4505.66371
1521.02637	-4312.8108
1519.9707	-4057.09234
1518.91504	-3899.0983899999997
1517.85938	-3765.30793
1516.80273	-3568.8765900000003
1515.74707	-3360.66825
1514.69043	-3165.9686300000003
1513.63379	-3149.2769
1512.57715	-3125.46522
1511.51953	-3048.7007599999997
1510.46191	-2988.89122
1509.40527	-2714.90239
1508.34668	-2807.33042
1507.28906	-2713.74188
1506.23145	-2513.90899
1505.17285	-2672.45799
1504.11426	-2665.1832499999996
1503.05566	-2640.34728
1501.99609	-2664.22414
1500.9375	-2636.0808100000004
1499.87793	-2357.61939
1498.81836	-2363.54941
1497.75781	-2389.03377
1496.69824	-2329.54855
1495.6377	-2268.73414
1494.57715	-2389.36239
1493.5166	-2399.42193
1492.45606	-2530.81722
1491.39453	-2360.63715
1490.33301	-2457.5767299999998
1489.27148	-2424.60899
1488.20996	-2644.89673
1487.14844	-2677.1687
1486.08594	-2490.85474
1485.02344	-2486.9521799999998
1483.96094	-2663.69375
1482.89844	-2526.6771
1481.83496	-2544.5541599999997
1480.77246	-2429.11191
1479.70898	-2397.81963
1478.64453	-2586.67754
1477.58106	-2956.91879
1476.51758	-3346.5592300000003
1475.45313	-3620.86325
1474.38867	-4030.5745699999998
1473.32324	-4305.78607
1472.25879	-4355.103169999999
1471.19336	-4214.61636
1470.12793	-3769.97001
1469.0625	-3660.77813
1467.99707	-3448.03056
1466.93066	-3263.66075
1465.86523	-3069.0515800000003
1464.79883	-3046.8393100000003
1463.73145	-3102.7205900000004
1462.66504	-3206.36158
1461.59766	-3114.69693
1460.53027	-3060.58773
1459.46289	-2913.92544
1458.39551	-2770.27403
1457.32715	-2646.09134
1456.25977	-2509.8514400000004
1455.19141	-2230.9239900000002
1454.12305	-1898.98848
1453.05371	-1719.42398
1451.98535	-1563.8227299999999
1450.91602	-1350.2879699999999
1449.84668	-1255.44031
1448.77637	-1205.0537
1447.70703	-1023.52974
1446.63672	-1065.90834
1445.56641	-900.75519
1444.49609	-904.63141
1443.42578	-827.6313
1442.35449	-803.70069
1441.2832	-872.80556
1440.21191	-801.83782
1439.14063	-768.86229
1438.06934	-709.69124
1436.99707	-876.35797
1435.92481	-900.29837
1434.85254	-809.63737
1433.78027	-685.1512299999999
1432.70703	-507.52493000000004
1431.63379	-698.9336099999999
1430.56055	-769.56655
1429.48731	-452.81039
1428.41309	-446.66642
1427.33984	-402.0329
1426.26563	-565.2672299999999
1425.19141	-416.21808
1424.11621	-369.60496
1423.04199	-429.17046
1421.9668	-375.42361999999997
1420.8916	-381.76303
1419.81641	-399.51959999999997
1418.74023	-437.87149
1417.66504	-402.53416999999996
1416.58887	-503.80589000000003
1415.5127	-618.16411
1414.43555	-707.63052
1413.35938	-617.09886
1412.28223	-623.99494
1411.20508	-579.0383800000001
1410.12793	-690.4499000000001
1409.04981	-747.6808100000001
1407.97266	-921.13893
1406.89453	-858.6899500000001
1405.81641	-1003.46015
1404.73731	-1047.91602
1403.65918	-953.9037200000001
1402.58008	-958.6984299999999
1401.50098	-854.6755800000001
1400.42188	-766.95264
1399.3418	-796.23273
1398.2627	-549.66445
1397.18262	-550.35989
1396.10254	-522.80045
1395.02148	-429.48686
1393.94141	-321.11001
1392.86035	-395.0919
1391.7793	-384.81454
1390.69824	-244.83957999999998
1389.61621	-282.25308
1388.53516	-436.56479
1387.45313	-473.80803
1386.37109	-397.57938
1385.28809	-258.70111
1384.20606	-301.50968
1383.12305	-332.99023
1382.04004	-267.92212
1380.95703	-329.63982
1379.87305	-368.59185
1378.78906	-256.60452000000004
1377.70508	-498.54251
1376.62109	-513.7821799999999
1375.53711	-370.99749
1374.45215	-399.07196000000005
1373.36719	-252.1846
1372.28223	-415.80053999999996
1371.19727	-479.65124999999995
1370.11231	-346.85271
1369.02637	-183.44972
1367.94043	-200.41997999999998
1366.85449	-210.74115999999998
1365.76758	-238.86063999999996
1364.68164	-301.70246999999995
1363.59473	-289.42377
1362.50781	-227.87465000000003
1361.41992	-179.88705
1360.33301	-136.40859999999998
1359.24512	-132.03130000000002
1358.15723	-166.87747000000002
1357.06934	-29.99928
1355.98145	-67.99269000000001
1354.89258	-119.13857
1353.80371	-21.132189999999994
1352.71484	-18.188299999999998
1351.625	38.25949
1350.53613	-75.4052
1349.44629	-89.70241000000001
1348.35645	-131.08159
1347.2666	-177.39149
1346.17578	-199.88420000000002
1345.08594	-165.3834
1343.99512	-192.04025000000001
1342.90332	-232.79626000000002
1341.8125	-399.23152
1340.7207	-136.49756
1339.62988	-153.44353
1338.53809	-92.52953
1337.44531	-217.29760000000002
1336.35352	-200.93995
1335.26074	-174.01352
1334.16797	-146.75173
1333.0752	-184.9998
1331.98145	-213.31042
1330.88867	-207.4669
1329.79492	-210.17033000000004
1328.70117	-248.30561999999998
1327.60645	-117.10708
1326.5127	-94.35934
1325.41797	-190.84551
1324.32324	-224.90214999999998
1323.22754	-351.97164999999995
1322.13281	-419.13658999999996
1321.03711	-514.35113
1319.94141	-539.7456000000001
1318.8457	-757.69595
1317.75	-726.74722
1316.65332	-805.42316
1315.55664	-841.84416
1314.45996	-924.83954
1313.36328	-1031.80181
1312.26563	-1031.4656599999998
1311.16797	-1120.4027800000001
1310.07031	-1027.6658900000002
1308.97266	-1023.3836600000001
1307.87402	-1215.90091
1306.77637	-1261.44216
1305.67773	-1265.19621
1304.5791	-1260.8266199999998
1303.47949	-1354.73781
1302.38086	-1419.06691
1301.28125	-1649.2162799999999
1300.18164	-1658.84441
1299.08106	-1768.7333199999998
1297.98145	-1863.99632
1296.88086	-2202.07935
1295.78027	-2340.43638
1294.67969	-2588.24445
1293.57813	-2869.66781
1292.47656	-3086.76952
1291.375	-3326.4113399999997
1290.27344	-3713.32859
1289.17188	-3953.5065700000005
1288.06934	-3962.0133800000003
1286.9668	-4069.78938
1285.86426	-4084.59251
1284.76172	-4031.2980399999997
1283.6582	-4144.506719999999
1282.55469	-4116.36587
1281.45117	-3987.8755300000003
1280.34766	-3777.27538
1279.24414	-3692.20351
1278.13965	-3184.01103
1277.03516	-3076.38612
1275.93066	-2677.97454
1274.8252	-2343.21706
1273.7207	-2059.4558700000002
1272.61523	-2038.55864
1271.50879	-1927.4429300000002
1270.40332	-1851.41457
1269.29785	-1622.67823
1268.19141	-1470.33663
1267.08496	-1344.7703800000002
1265.97754	-1189.20246
1264.87109	-1105.9965399999999
1263.76367	-1049.68228
1262.65625	-906.49343
1261.54883	-976.71634
1260.44043	-853.10761
1259.33301	-869.8537100000001
1258.22461	-799.1844600000001
1257.11523	-758.12748
1256.00684	-743.3260300000001
1254.89746	-735.83698
1253.78809	-713.39962
1252.67871	-711.6526
1251.56934	-740.4327900000001
1250.45898	-605.3749
1249.34961	-661.5572500000001
1248.23926	-689.7988200000001
1247.12793	-578.81308
1246.01758	-696.25662
1244.90625	-607.04843
1243.79492	-672.52468
1242.68359	-529.06951
1241.57129	-496.43745000000007
1240.45996	-381.55574
1239.34766	-497.43385
1238.23438	-449.90792000000005
1237.12207	-400.41196
1236.00879	-399.01876000000004
1234.89648	-508.47457
1233.78223	-501.22549999999995
1232.66895	-568.75262
1231.55566	-540.5968200000001
1230.44141	-467.82127
1229.32715	-450.56948
1228.21191	-553.20305
1227.09766	-442.31592
1225.98242	-508.48661
1224.86719	-528.99711
1223.75195	-446.95214999999996
1222.63574	-459.16005
1221.52051	-399.59679
1220.4043	-452.18177000000003
1219.28711	-391.96291
1218.1709	-324.7044
1217.05371	-366.45998999999995
1215.93652	-454.83693
1214.81934	-469.72143
1213.70215	-555.49715
1212.58398	-726.38234
1211.46582	-659.6698700000001
1210.34766	-761.83673
1209.22949	-837.3736899999999
1208.11035	-907.62618
1206.99219	-1002.6121599999999
1205.87305	-1299.60124
1204.75293	-1356.5989399999999
1203.63379	-1539.84373
1202.51367	-1763.72462
1201.39356	-2078.0473399999996
1200.27344	-2362.2178299999996
1199.15234	-2550.5223100000003
1198.03223	-2927.49501
1196.91113	-3245.16503
1195.79004	-3694.91913
1194.66797	-4077.46539
1193.5459	-4520.83976
1192.42481	-4765.73035
1191.30176	-5049.07385
1190.17969	-5278.19147
1189.05664	-5591.72376
1187.93359	-5676.93795
1186.81055	-5710.322840000001
1185.6875	-5727.889859999999
1184.56348	-5649.95988
1183.44043	-5573.35334
1182.31641	-5576.72935
1181.19141	-5314.671359999999
1180.06738	-4757.860629999999
1178.94238	-4259.02208
1177.81738	-3649.0002200000004
1176.69238	-3054.55026
1175.56641	-2562.2072099999996
1174.44043	-2037.7130899999997
1173.31445	-1636.94055
1172.18848	-1455.8733399999999
1171.0625	-1277.5267000000001
1169.93555	-1193.17393
1168.80859	-1018.63487
1167.68164	-986.0623199999999
1166.55371	-900.19793
1165.42676	-795.70952
1164.29883	-744.8397600000001
1163.1709	-646.4648
1162.04199	-575.79606
1160.91406	-590.3246399999999
1159.78516	-594.45815
1158.65625	-578.7986900000001
1157.52637	-448.22492
1156.39746	-345.79958
1155.26758	-326.66101
1154.1377	-259.73472
1153.00684	-217.82179
1151.87695	-160.2077
1150.74609	-151.02426
1149.61523	-73.5948
1148.48438	18.43383
1147.35254	76.12901000000001
1146.2207	76.16322
1145.08887	75.65056
1143.95703	78.09843000000001
1142.8252	-21.92693
1141.69238	8.86864
1140.55957	7.677049999999998
1139.42676	-147.59006
1138.29297	-150.23426
1137.15918	-218.01302
1136.02539	-213.48235
1134.8916	-333.23407
1133.75781	-520.81706
1132.62305	-657.4112700000001
1131.48828	-852.65157
1130.35352	-1120.3435800000002
1129.21777	-1209.5568400000002
1128.08301	-1349.8291
1126.94727	-1371.75214
1125.81152	-1510.08185
1124.67481	-1521.99087
1123.53906	-1504.22862
1122.40234	-1574.25385
1121.26563	-1734.20613
1120.12793	-1817.22415
1118.99023	-1993.4488
1117.85352	-2231.90281
1116.71484	-2452.5193
1115.57715	-2643.31812
1114.43945	-2924.2005200000003
1113.30078	-3191.8165799999997
1112.16211	-3513.933
1111.02246	-3692.26206
1109.88379	-3989.7571899999994
1108.74414	-4105.672619999999
1107.60449	-4260.59858
1106.46387	-4518.85336
1105.32422	-4641.23517
1104.18359	-4804.1090300000005
1103.04297	-5137.57575
1101.90234	-5469.92229
1100.76074	-5863.00253
1099.61914	-6317.05764
1098.47754	-6741.63032
1097.33594	-7589.052009999999
1096.19336	-8546.39931
1095.05176	-9436.75346
1093.90918	-10504.36253
1092.76563	-11790.30263
1091.62305	-13252.711469999998
1090.47949	-14862.156029999998
1089.33594	-16383.35907
1088.19238	-18062.072969999997
1087.04785	-19577.69256
1085.90332	-21008.992000000002
1084.75879	-22381.27616
1083.61426	-23582.32693
1082.46973	-24861.75932
1081.32422	-26148.09384
1080.17871	-27375.365449999998
1079.0332	-28462.916839999998
1077.88672	-29843.779140000002
1076.74023	-31264.103049999998
1075.59375	-32721.84637
1074.44727	-34069.15367
1073.30078	-35394.32617
1072.15332	-36122.3113
1071.00586	-36254.370160000006
1069.8584	-35535.89218
1068.70996	-34016.29221
1067.56152	-31361.88072
1066.41309	-28129.14577
1065.26465	-24911.62575
1064.11621	-21477.67942
1062.9668	-18380.55932
1061.81738	-15689.430150000002
1060.66797	-13310.85178
1059.51758	-11348.32159
1058.36816	-9780.73186
1057.21777	-8857.53299
1056.06738	-7924.34059
1054.91602	-7316.421289999999
1053.76465	-6876.602349999999
1052.61328	-6261.73222
1051.46191	-5259.46356
1050.31055	-4981.856650000001
1049.1582	-4595.42267
1048.00586	-4465.8424
1046.85352	-4129.03392
1045.7002	-3804.93763
1044.54785	-3590.7531400000003
1043.39453	-3399.88642
1042.24023	-3347.15768
1041.08691	-3273.60995
1039.93262	-3204.17883
1038.77832	-3264.20245
1037.62402	-3373.35211
1036.46973	-3429.14629
1035.31445	-3644.43152
1034.15918	-3805.1467900000002
1033.00391	-4032.2175300000004
1031.84766	-4239.65442
1030.69238	-4509.57322
1029.53613	-5010.80396
1028.37891	-5736.52763
1027.22266	-6921.92234
1026.06543	-8578.0108
1024.9082	-11066.452710000001
1023.75098	-13613.6956
1022.59375	-15361.11346
1021.43555	-15186.841550000001
1020.27734	-13718.24688
1019.11914	-11236.91667
1017.95996	-9000.00311
1016.80078	-7364.47593
1015.6416	-6893.93656
1014.48242	-6652.41436
1013.32324	-6605.44385
1012.16309	-6526.23208
1011.00293	-6310.40964
1009.84277	-5657.93966
1008.68164	-4951.44596
1007.52051	-4152.90771
1006.35938	-3709.5099299999997
1005.19824	-3698.6020999999996
1004.03711	-3705.8264200000003
1002.875	-4632.35356
1001.71289	-6552.62071
1000.55078	-10001.731259999999
999.3877	-14179.20652
998.22461	-16591.34745
997.06152	-15214.762369999999
995.89844	-11550.701850000001
994.73438	-8709.10433
993.57129	-7326.34094
992.40723	-6754.73175
991.24219	-6774.06928
990.07813	-6808.9010100000005
988.91309	-6928.8518
987.74805	-7295.89436
986.58301	-7381.04924
985.41699	-7578.71446
984.25098	-7434.01125
983.08496	-7073.80234
981.91895	-6758.677879999999
980.75195	-6376.25681
979.58496	-5959.02852
978.41797	-5706.16717
977.25098	-5323.24202
976.08301	-4975.15107
974.91504	-4639.1648
973.74707	-4444.4446499999995
972.5791	-4137.12096
971.41016	-3702.48336
970.24219	-3504.87784
969.07227	-3348.53866
967.90332	-2990.48516
966.7334	-2762.7052400000002
965.56348	-2556.45559
964.39356	-2309.5446399999996
963.22363	-2159.1654599999997
962.05273	-2012.4772500000001
960.88184	-1908.8095
959.71094	-1676.1890700000001
958.54004	-1591.69906
957.36816	-1400.0192
956.19629	-1321.66244
955.02441	-1226.04083
953.85156	-1164.20556
952.67969	-1131.29562
951.50684	-1053.8529400000002
950.33398	-1171.30037
949.16016	-1185.18189
947.98633	-1151.98424
946.8125	-1255.40067
945.63867	-1247.7320499999998
944.46484	-1205.69402
943.29004	-1204.8467
942.11523	-1153.22604
940.94043	-1102.75882
939.76465	-996.9443100000001
938.58887	-1081.67699
937.41309	-1095.69101
936.23731	-998.80211
935.06055	-1010.1294800000001
933.88379	-1025.03766
932.70703	-1053.70263
931.53027	-1012.8588500000001
930.35254	-1015.0512099999999
929.17578	-1073.01101
927.99805	-983.5962000000001
926.81934	-937.4720400000001
925.6416	-1022.02266
924.46289	-940.22645
923.28418	-913.64488
922.10449	-918.1481
920.92481	-981.3407400000001
919.74609	-993.9598100000001
919.55176	-1031.46195
918.38672	-869.2051
917.2207	-873.4027199999999
916.05469	-958.4863300000001
914.8877	-896.5815
913.72168	-813.9288899999999
912.55469	-850.31871
911.3877	-831.7203499999999
910.2207	-838.1438499999999
909.05273	-856.49869
907.88574	-916.77931
906.71777	-922.1859800000001
905.54883	-858.22318
904.38086	-841.1881999999999
903.21191	-825.96467
902.04297	-691.60763
900.87402	-775.2589800000001
899.7041	-639.8201899999999
898.53516	-654.13067
897.36523	-595.7859599999999
896.19434	-573.68571
895.02441	-645.66182
893.85352	-611.99833
892.68262	-522.14837
891.51172	-438.64409
890.34082	-375.08946
889.16895	-476.28811
887.99707	-408.31781
886.8252	-273.29985999999997
885.65332	-230.31376
884.48047	-178.92874999999998
883.30762	-163.92633
882.13477	-98.15422
880.96191	-42.03985
879.78809	57.339150000000004
878.61426	30.96257
877.44043	63.51659
876.2666	12.27897
875.0918	82.5008
873.91699	58.673249999999996
872.74219	-6.853009999999998
871.56738	60.11546
870.3916	-0.2969900000000081
869.21582	-49.17535
868.04004	-22.896259999999998
866.86426	-40.4499
865.6875	-0.2525200000000001
864.51074	74.76277
863.33398	21.711679999999998
862.15723	93.93411
860.97949	-24.40876
859.80273	-117.28037
858.625	-37.23791
857.44629	-91.54334
856.26856	-55.21323
855.08984	-43.65536
853.91113	-144.66729
852.73145	-136.49409
851.55273	-163.9649
850.37305	-282.41921
849.19336	-297.57935000000003
848.01367	-367.31671
846.83301	-418.85404
845.65234	-420.87032
844.47168	-550.4179
843.29102	-643.67274
842.11035	-662.75097
840.92871	-630.18889
839.74707	-722.60055
838.56445	-831.93941
837.38281	-909.32315
836.2002	-894.79768
835.01758	-929.98315
833.83496	-931.71304
832.65137	-908.8959799999999
831.46777	-1185.97607
830.28418	-1152.2892200000001
829.10059	-1185.47963
827.91699	-1191.39175
826.73242	-1207.69326
825.54785	-1263.47054
824.36328	-1299.62041
823.17773	-1268.67326
821.99219	-1235.89476
820.80664	-1185.3716000000002
819.62109	-1217.68307
818.43457	-1159.07533
817.24902	-1161.44644
816.0625	-1089.6831300000001
814.875	-1020.60778
813.68848	-1065.70625
812.50098	-1026.9119899999998
811.31348	-992.2712100000001
810.12598	-1068.29163
808.9375	-1036.7172600000001
807.74902	-969.7108400000001
806.56055	-984.51733
805.37207	-1040.7699300000002
804.18262	-1089.62717
802.99414	-1066.2558199999999
801.80371	-1116.18309
800.61426	-1123.23135
799.42481	-1153.40517
798.23438	-1094.17264
797.04395	-1054.5069400000002
795.85254	-900.67664
794.66211	-927.7894
793.4707	-833.95739
792.2793	-766.67405
791.08789	-761.1959
789.89551	-655.8936600000001
788.70313	-639.1329400000001
787.51074	-542.49073
786.31836	-504.01038
785.125	-545.99596
783.93164	-605.1668999999999
782.73828	-415.69809
781.54492	-575.6080900000001
780.35059	-463.79919
779.15625	-500.76783
777.96191	-612.9459999999999
776.76758	-681.36719
775.57227	-837.8266
774.37695	-939.74417
773.18164	-1125.1627899999999
771.98633	-1165.94023
770.79004	-1193.1851900000001
769.59375	-1209.3910600000002
768.39746	-1064.50703
767.20117	-980.04447
766.00391	-988.47025
764.80664	-976.37118
763.60938	-896.38008
762.41211	-915.9276699999999
761.21387	-916.8444300000001
760.01563	-877.27935
758.81738	-903.3747500000001
757.61816	-908.91981
756.41992	-905.9481499999999
755.2207	-838.3063900000001
754.02148	-800.51072
752.82129	-811.9622199999999
751.62109	-818.08594
750.4209	-769.04169
749.2207	-940.36165
748.02051	-887.12828
746.81934	-1087.40386
745.61816	-1160.90232
744.41699	-1179.3258600000001
743.21484	-1399.28178
742.0127	-1503.7295700000002
740.81055	-1543.31019
739.6084	-1802.60576
738.40625	-1785.78355
737.20313	-1876.6593400000002
736.0	-1910.22828
734.7959	-2040.6237500000002
733.59277	-2052.90584
732.38867	-2066.8468199999998
731.18457	-2168.77305
729.97949	-2048.08772
728.77539	-1885.9588
727.57031	-1871.74825
726.36523	-1750.1374899999998
725.16016	-1866.09969
723.9541	-1854.39433
722.74805	-1905.40609
721.54199	-1944.21395
720.33496	-1981.02981
719.12891	-2027.2585800000002
717.92188	-2079.35586
716.71484	-2204.23673
715.50684	-2326.3614900000002
714.29883	-2527.24237
713.09082	-2706.13553
711.88281	-2908.31227
710.67481	-3162.1602700000003
709.46582	-3477.82427
708.25684	-3859.81827
707.04785	-4245.30121
705.83789	-4721.898520000001
704.62793	-5247.07211
703.41797	-5940.939359999999
702.20801	-6537.74752
700.99805	-7322.13755
699.78711	-8208.561319999999
698.57617	-9044.46217
697.36426	-9624.08991
696.15332	-10384.601130000001
694.94141	-11613.41102
693.72949	-12837.24111
692.5166	-13549.86605
691.30469	-14083.05434
690.0918	-14244.70706
688.87891	-13704.19112
687.66504	-12785.74102
686.45117	-11498.429250000001
685.23731	-10214.288030000002
684.02344	-8995.877890000002
682.80957	-8144.81465
681.59473	-7426.17008
680.37988	-6635.9755700000005
679.16504	-6554.287
677.94922	-6338.69355
676.7334	-6201.61986
675.51758	-5950.65681
674.30176	-5750.53907
673.08496	-5275.40069
671.86914	-4948.0435800000005
670.65137	-4374.21965
669.43457	-3928.0218999999997
668.2168	-3400.88926
667.0	-2963.5785
665.78125	-2736.1061299999997
664.56348	-2560.39082
663.34473	-2279.26853
662.12598	-2206.2122900000004
660.90723	-1954.6156500000002
659.68848	-1815.35648
658.46875	-1732.85885
657.24902	-1708.4545799999999
656.0293	-1585.18406
654.80859	-1478.0197
653.58789	-1463.49782
652.36719	-1421.2384499999998
651.14648	-1280.9117099999999
649.92481	-1331.9436099999998
648.7041	-1280.17303
647.48242	-1183.51685
646.25977	-1199.3112999999998
645.03711	-1236.37063
643.81543	-1089.07399
642.5918	-1128.1152499999998
641.36914	-1130.40607
640.14551	-1166.23351
638.92188	-1152.87613
637.69824	-1200.5121100000001
636.47461	-1200.91887
635.25	-1207.95418
634.02539	-1053.55549
632.80078	-1037.95161
631.5752	-1095.7785099999999
630.34961	-1051.72333
629.12402	-1040.99252
627.89844	-1025.76441
626.67188	-902.8641899999999
625.44531	-851.7701500000001
624.21875	-811.2247900000001
622.99219	-885.19202
621.76465	-941.7157800000001
620.53711	-886.66438
619.30957	-691.57777
618.08106	-683.02531
616.85254	-645.8825200000001
615.62402	-581.08431
614.39551	-605.3900500000001
613.16699	-571.14643
611.9375	-476.07295000000005
610.70801	-329.85931000000005
609.47754	-232.45132999999998
608.24805	-244.85000000000002
607.01758	-177.46621999999996
605.78711	-73.25134999999999
604.55566	-77.38883000000001
603.3252	-68.72807
602.09375	-91.46089
600.86133	-57.484120000000004
599.62988	44.30963000000001
598.39746	-14.886719999999997
597.16504	-87.97721999999999
595.93262	-95.74717
594.69922	-44.844629999999995
593.46582	3.37538
592.23242	6.64894
590.99902	69.74432
589.76465	-43.87432
588.53027	-40.151250000000005
587.2959	-12.343580000000003
586.06152	-132.18919
584.82617	-109.53163
583.59082	-81.03608
582.35547	-61.38306
581.11914	-201.09530999999998
579.88281	-253.94731000000002
578.64648	-184.85609
577.41016	-158.9737
