2000.04395	-13.896629999999998
1901.7627	72.02277
1900.78027	-165.29811999999998
1899.79785	-22.52277
1898.81543	-103.44204
1897.83203	-88.9626
1896.84961	-77.47464
1895.86621	-42.47155
1894.88281	-156.50617
1893.89844	-8.2105
1892.91504	-69.00417999999999
1891.93066	-98.10280999999999
1890.94727	-58.87117
1889.96289	8.692379999999996
1888.97754	-143.2471
1887.99316	-47.25144
1887.00781	-158.99865
1886.02344	-67.91266999999999
1885.03809	13.530960000000002
1884.05176	-44.96079
1883.06641	-57.92238
1882.08106	-99.43292
1881.09473	-174.77026999999998
1880.1084	-68.01133
1879.12207	-50.18508
1878.13574	27.40926
1877.14844	8.18511
1876.16211	35.73229
1875.17481	-55.71459
1874.1875	-130.75261
1873.19922	-69.7041
1872.21191	-6.8249200000000005
1871.22363	-32.51679
1870.23633	-0.49673
1869.24805	-57.66291
1868.25879	24.41684
1867.27051	-11.901280000000002
1866.28223	53.61387
1865.29297	35.48719
1864.30371	-17.69168
1863.31445	33.7629
1862.32422	15.896970000000001
1861.33496	42.24572
1860.34473	83.36886
1859.35449	-25.979819999999997
1858.36426	-10.36869
1857.37402	-77.82144000000001
1856.38379	43.002829999999996
1855.39258	-81.94986
1854.40137	-28.98252
1853.41016	79.27936
1852.41895	-49.54773
1851.42676	-130.92543
1850.43555	-169.26076
1849.44336	-130.62945
1848.45117	-68.72962
1847.45898	-114.94105
1846.4668	-120.34905
1845.47363	1.25656
1844.48047	-32.26142
1843.48731	-58.04082
1842.49414	-124.20891999999999
1841.50098	-79.18689
1840.50684	-145.63155
1839.51367	-41.028639999999996
1838.51953	-174.42669
1837.52539	-89.83319
1836.53027	17.07774
1835.53613	-204.97788
1834.54102	-81.79709
1833.5459	-37.870760000000004
1832.55078	-76.8646
1831.55566	-148.74522
1830.56055	-70.16749999999999
1829.56445	-72.73373999999998
1828.56836	-205.70054
1827.57227	-191.76421
1826.57617	-176.03185000000002
1825.58008	-146.51063
1824.58301	59.85265
1823.58594	-106.07902999999999
1822.58887	-31.09389
1821.5918	-54.346810000000005
1820.59473	-148.98452
1819.59668	-134.63613
1818.59961	-180.77791000000002
1817.60156	-171.54934
1816.60352	-86.30445999999999
1815.60449	-219.75829000000002
1814.60645	-83.95351
1813.60742	-170.04635
1812.6084	-120.11505
1811.60938	-77.33026
1810.61035	-138.22234
1809.61035	-187.30403
1808.61133	-128.29961
1807.61133	-146.40862
1806.61133	-81.68831
1805.61035	-119.47100999999998
1804.61035	-97.90297000000001
1803.60938	-171.18338999999997
1802.6084	-57.90464
1801.60742	-51.195440000000005
1800.60645	-135.80522
1799.60547	-190.17907
1798.60352	-136.2342
1797.60156	-135.40319
1796.59961	-130.19236
1795.59766	-101.73810000000002
1794.5957	-84.08812
1793.59277	42.83193
1792.58984	-116.27694000000001
1791.58789	-17.04441
1790.58398	-53.82587
1789.58106	-125.63623999999999
1788.57715	-105.9999
1787.57422	-88.06246999999999
1786.57031	-71.16758
1785.56641	-26.969990000000003
1784.56152	-22.33503
1783.55762	-108.73182999999999
1782.55273	-14.67588
1781.54785	85.22579999999999
1780.54297	-17.00872
1779.53809	-59.502140000000004
1778.53223	17.79205
1777.52734	-139.55524
1776.52148	-81.20235
1775.51563	-75.52614
1774.50879	41.18998
1773.50293	-15.47024
1772.49609	-178.05411
1771.48926	-49.817519999999995
1770.48242	-84.50099
1769.47559	-168.53409000000002
1768.46777	-187.56337
1767.46094	-121.78868
1766.45313	-132.32237999999998
1765.44531	-199.72054000000003
1764.4375	-170.05874
1763.42871	-174.19259000000002
1762.4209	-108.04637
1761.41211	-216.14803
1760.40332	-172.11086999999998
1759.39356	-197.16328
1758.38477	-202.57413
1757.375	-154.12136
1756.36621	-100.48219
1755.35645	-121.47747000000001
1754.3457	-58.08332
1753.33594	-152.97816999999998
1752.3252	-143.05839
1751.31543	-155.89313
1750.30469	12.32857
1749.29297	15.044229999999999
1748.28223	-27.968140000000002
1747.27051	10.942900000000002
1746.25977	-34.10729
1745.24805	9.17802
1744.23535	50.780609999999996
1743.22363	81.24669
1742.21191	-44.29005
1741.19922	65.68466
1740.18652	120.30827000000001
1739.17383	72.85273000000001
1738.16016	84.66233000000001
1737.14746	6.23687
1736.13379	-25.15417
1735.12012	-21.11432
1734.10645	99.77091
1733.0918	-0.2460299999999993
1732.07813	-15.557929999999999
1731.06348	-1.895430000000001
1730.04883	-28.23077
1729.03418	-123.6604
1728.01953	-77.29395
1727.00391	-77.75721
1725.98828	-42.007239999999996
1724.97266	-25.473399999999998
1723.95703	-54.45277
1722.94141	-169.98181
1721.92481	-60.25859
1720.90918	-123.26154
1719.89258	-268.469
1718.87598	-245.81670000000003
1717.8584	-170.55351
1716.8418	-241.38301
1715.82422	-290.34114999999997
1714.80664	-294.59658
1713.78906	-294.31277
1712.77051	-360.34984
1711.75293	-368.26612
1710.73438	-423.48429
1709.71582	-358.94962999999996
1708.69727	-516.6257
1707.67871	-547.73249
1706.65918	-509.8983999999999
1705.64063	-502.29641
1704.62109	-454.78112
1703.60059	-484.78147
1702.58106	-535.38411
1701.56152	-437.44853
1700.54102	-433.1882
1699.52051	-504.88296
1698.5	-357.44089
1697.47852	-522.85817
1696.45801	-435.57354
1695.43652	-516.5452399999999
1694.41504	-466.8193
1693.39356	-552.52584
1692.37207	-552.8753700000001
1691.34961	-707.07278
1690.32715	-678.57165
1689.30469	-757.97432
1688.28223	-663.91318
1687.25977	-893.3549800000001
1686.23633	-845.4762499999999
1685.21387	-762.52598
1684.19043	-843.65077
1683.16602	-825.76115
1682.14258	-864.70074
1681.11914	-824.42042
1680.09473	-912.2203300000001
1679.07031	-1028.5603899999999
1678.0459	-1047.2453799999998
1677.02051	-1074.75896
1675.99609	-1050.0632999999998
1674.9707	-1093.33854
1673.94531	-1228.71127
1672.91992	-1119.0648099999999
1671.89356	-1221.63025
1670.86816	-1260.99379
1669.8418	-1296.8863500000002
1668.81543	-1206.10996
1667.78906	-1250.55262
1666.76172	-1285.38754
1665.73535	-1405.84001
1664.70801	-1370.9159399999999
1663.68066	-1403.6206900000002
1662.65332	-1455.70385
1661.625	-1583.80423
1660.59766	-1609.2903
1659.56934	-1612.50809
1658.54102	-1533.4757
1657.5127	-1793.8796399999999
1656.4834	-1876.0713799999999
1655.45508	-1967.47077
1654.42578	-1813.8675199999998
1653.39648	-1829.33762
1652.36621	-2028.75753
1651.33691	-2078.45372
1650.30664	-2191.77198
1649.27637	-2261.95915
1648.24609	-2393.2156
1647.21582	-2449.93874
1646.18555	-2590.47606
1645.1543	-2602.3346899999997
1644.12305	-2784.5949
1643.0918	-2856.5475
1642.06055	-3019.82773
1641.02832	-3092.42445
1639.99707	-3187.89904
1638.96484	-3490.1971000000003
1637.93164	-3336.23221
1636.89941	-3388.70858
1635.86719	-3557.87402
1634.83398	-3575.67157
1633.80078	-3711.59841
1632.76758	-3818.82349
1631.73438	-3956.64624
1630.7002	-4024.99349
1629.66602	-4001.2196799999997
1628.63184	-4158.928209999999
1627.59766	-4243.6365399999995
1626.56348	-4501.5232000000005
1625.52832	-4700.24729
1624.49316	-4839.85053
1623.45801	-4931.07491
1622.42285	-5089.99866
1621.3877	-5272.31069
1620.35156	-5410.23221
1619.31543	-5502.96129
1618.2793	-5849.1233600000005
1617.24316	-5928.8496700000005
1616.20703	-6012.901400000001
1615.16992	-6288.621
1614.13281	-6413.11884
1613.0957	-6728.57829
1612.05859	-6940.61472
1611.02051	-7128.64318
1609.9834	-7626.63851
1608.94531	-7905.4354299999995
1607.90723	-8262.14476
1606.86816	-8613.85333
1605.83008	-9164.5593
1604.79102	-9664.80242
1603.75195	-10325.83754
1602.71289	-11126.87095
1601.67383	-12176.5232
1600.63379	-13252.472039999999
1599.59473	-14354.7259
1598.55469	-15885.82851
1597.51367	-17209.50164
1596.47363	-19154.34258
1595.43359	-20789.586919999998
1594.39258	-22346.07942
1593.35156	-24120.037500000002
1592.31055	-26068.975430000002
1591.26856	-27763.41881
1590.22754	-29303.65896
1589.18555	-30931.267640000002
1588.14356	-32264.635189999997
1587.10059	-32889.07022
1586.05859	-33607.87205
1585.01563	-33472.80648
1583.97266	-33155.05128
1582.92969	-32548.48356
1581.88672	-31651.80764
1580.84375	-30598.88402
1579.79981	-29764.936530000003
1578.75586	-29449.36274
1577.71191	-28880.644470000003
1576.66699	-29068.837369999997
1575.62305	-29976.70433
1574.57813	-31926.79925
1573.5332	-34054.11169
1572.48828	-35644.61806
1571.44336	-36072.78321
1570.39746	-35452.115900000004
1569.35156	-33702.429970000005
1568.30566	-31173.37901
1567.25977	-28070.422160000002
1566.21387	-25634.62182
1565.16699	-23366.89813
1564.12012	-21424.70375
1563.07324	-19313.72466
1562.02637	-17955.935980000002
1560.97852	-16698.87198
1559.93066	-15909.39431
1558.88379	-14990.01833
1557.83496	-13936.64027
1556.78711	-13137.62435
1555.73926	-12786.5846
1554.69043	-12234.27947
1553.6416	-11802.57255
1552.59277	-11375.19126
1551.54297	-11404.393680000001
1550.49414	-11299.86637
1549.44434	-11303.85864
1548.39453	-11488.96001
1547.34473	-11620.83101
1546.29395	-11868.31
1545.24414	-11934.7449
1544.19336	-11822.90893
1543.14258	-11823.82677
1542.09082	-11640.78644
1541.04004	-11312.98124
1539.98828	-10820.63702
1538.93652	-10378.516749999999
1537.88477	-9952.92346
1536.83301	-9809.42433
1535.78027	-9357.951509999999
1534.72754	-8661.25255
1533.67481	-8403.033940000001
1532.62207	-8014.75449
1531.56934	-7648.954019999999
1530.51563	-7280.02965
1529.46191	-6821.59045
1528.4082	-6521.11451
1527.35449	-6364.90204
1526.29981	-6025.35898
1525.24609	-5647.68505
1524.19141	-5233.32415
1523.13672	-5044.11946
1522.08106	-4822.90947
1521.02637	-4668.56632
1519.9707	-4369.82048
1518.91504	-4229.94179
1517.85938	-4080.30577
1516.80273	-3874.82169
1515.74707	-3673.4035400000002
1514.69043	-3408.5756
1513.63379	-3400.94312
1512.57715	-3297.99741
1511.51953	-3237.0832
1510.46191	-3152.4312
1509.40527	-2880.72937
1508.34668	-3016.11491
1507.28906	-2918.02793
1506.23145	-2736.28355
1505.17285	-2833.88039
1504.11426	-2828.89452
1503.05566	-2765.7176999999997
1501.99609	-2906.98977
1500.9375	-2775.0732900000003
1499.87793	-2528.2361300000002
1498.81836	-2513.90493
1497.75781	-2625.12402
1496.69824	-2540.86735
1495.6377	-2504.8865100000003
1494.57715	-2634.56437
1493.5166	-2658.1798799999997
1492.45606	-2767.08342
1491.39453	-2678.03282
1490.33301	-2709.7003999999997
1489.27148	-2748.82776
1488.20996	-2991.6631899999998
1487.14844	-2994.7182900000003
1486.08594	-2862.45499
1485.02344	-2863.0872799999997
1483.96094	-2979.1564
1482.89844	-2839.95545
1481.83496	-2781.46305
1480.77246	-2713.32288
1479.70898	-2637.16856
1478.64453	-2875.54932
1477.58106	-3221.19048
1476.51758	-3635.64133
1475.45313	-3930.2562199999998
1474.38867	-4362.58127
1473.32324	-4693.9711
1472.25879	-4754.66151
1471.19336	-4526.75601
1470.12793	-4169.62514
1469.0625	-3957.4683
1467.99707	-3596.96437
1466.93066	-3415.03436
1465.86523	-3220.5345700000003
1464.79883	-3156.0974
1463.73145	-3192.05492
1462.66504	-3284.59129
1461.59766	-3157.5619100000004
1460.53027	-3076.98377
1459.46289	-3031.0409299999997
1458.39551	-2847.46495
1457.32715	-2768.37277
1456.25977	-2518.32337
1455.19141	-2215.34818
1454.12305	-1874.88926
1453.05371	-1820.61265
1451.98535	-1562.6306499999998
1450.91602	-1407.40382
1449.84668	-1237.16539
1448.77637	-1167.63302
1447.70703	-1090.963
1446.63672	-1151.36373
1445.56641	-924.15375
1444.49609	-908.71363
1443.42578	-830.07436
1442.35449	-781.99369
1441.2832	-773.9878100000001
1440.21191	-842.668
1439.14063	-782.12782
1438.06934	-731.6248099999999
1436.99707	-828.15542
1435.92481	-829.7466
1434.85254	-822.38445
1433.78027	-671.93335
1432.70703	-627.31609
1431.63379	-665.6318
1430.56055	-680.65751
1429.48731	-449.08039
1428.41309	-467.82651
1427.33984	-430.03866
1426.26563	-494.58801
1425.19141	-406.55061
1424.11621	-379.95291
1423.04199	-372.80365
1421.9668	-396.30744
1420.8916	-366.66677000000004
1419.81641	-485.5159
1418.74023	-455.91278
1417.66504	-396.25763
1416.58887	-504.27645
1415.5127	-604.33761
1414.43555	-694.6960700000001
1413.35938	-701.31585
1412.28223	-675.0359100000001
1411.20508	-671.3401200000001
1410.12793	-729.2202500000001
1409.04981	-879.07466
1407.97266	-991.38085
1406.89453	-986.91281
1405.81641	-1104.5033
1404.73731	-1194.61964
1403.65918	-1115.85795
1402.58008	-1126.17399
1401.50098	-1060.96845
1400.42188	-937.4717899999999
1399.3418	-978.77165
1398.2627	-765.80706
1397.18262	-703.16499
1396.10254	-694.35411
1395.02148	-565.40544
1393.94141	-503.28421
1392.86035	-560.14009
1391.7793	-394.60633
1390.69824	-274.18135
1389.61621	-377.82978
1388.53516	-558.0164500000001
1387.45313	-518.73534
1386.37109	-475.53249999999997
1385.28809	-346.32213
1384.20606	-373.63566000000003
1383.12305	-352.02137999999997
1382.04004	-311.29765
1380.95703	-489.31286
1379.87305	-480.6542
1378.78906	-341.61565
1377.70508	-612.08647
1376.62109	-553.65163
1375.53711	-465.0898
1374.45215	-434.24935000000005
1373.36719	-368.88369
1372.28223	-485.3586399999999
1371.19727	-535.63006
1370.11231	-484.29473
1369.02637	-348.40374
1367.94043	-386.2141
1366.85449	-356.40083999999996
1365.76758	-374.76971999999995
1364.68164	-358.81089
1363.59473	-374.73511
1362.50781	-279.06176
1361.41992	-283.80400000000003
1360.33301	-228.40422
1359.24512	-227.01695
1358.15723	-205.2298
1357.06934	-57.08264
1355.98145	-31.93841
1354.89258	-96.55588
1353.80371	-105.9567
1352.71484	-64.74427
1351.625	58.10749
1350.53613	-79.34981
1349.44629	-112.15590000000002
1348.35645	-170.78974
1347.2666	-239.89364
1346.17578	-170.76139
1345.08594	-215.44086000000001
1343.99512	-207.07959
1342.90332	-252.67653
1341.8125	-377.46985
1340.7207	-169.57865999999999
1339.62988	-211.24598
1338.53809	-155.30136
1337.44531	-193.16107
1336.35352	-203.17839
1335.26074	-158.46586
1334.16797	-130.75377
1333.0752	-187.05808
1331.98145	-213.38587
1330.88867	-201.39403
1329.79492	-261.45907
1328.70117	-265.95980999999995
1327.60645	-147.96214999999998
1326.5127	-158.89402
1325.41797	-215.23742
1324.32324	-263.11701
1323.22754	-350.63624999999996
1322.13281	-463.73816999999997
1321.03711	-490.48109
1319.94141	-592.30519
1318.8457	-677.64215
1317.75	-624.56098
1316.65332	-749.52823
1315.55664	-863.10402
1314.45996	-965.82177
1313.36328	-1005.0195399999999
1312.26563	-1103.17317
1311.16797	-1023.68785
1310.07031	-1024.73753
1308.97266	-1086.86263
1307.87402	-1161.17763
1306.77637	-1180.88358
1305.67773	-1234.16585
1304.5791	-1232.59195
1303.47949	-1317.48363
1302.38086	-1417.88053
1301.28125	-1631.37664
1300.18164	-1768.82076
1299.08106	-1786.45815
1297.98145	-1909.23306
1296.88086	-2274.4022099999997
1295.78027	-2455.77641
1294.67969	-2684.94685
1293.57813	-3001.1588
1292.47656	-3185.58637
1291.375	-3534.24386
1290.27344	-3861.75023
1289.17188	-4106.15934
1288.06934	-4207.271320000001
1286.9668	-4322.192980000001
1285.86426	-4413.45895
1284.76172	-4409.90845
1283.6582	-4493.20464
1282.55469	-4441.88826
1281.45117	-4247.0367400000005
1280.34766	-4022.8046500000005
1279.24414	-3819.53898
1278.13965	-3420.9967500000002
1277.03516	-3242.31805
1275.93066	-2817.97832
1274.8252	-2520.6958
1273.7207	-2178.0414800000003
1272.61523	-2070.80001
1271.50879	-1901.5726900000002
1270.40332	-1846.41357
1269.29785	-1693.66905
1268.19141	-1512.4897
1267.08496	-1411.72342
1265.97754	-1248.07432
1264.87109	-1132.4594499999998
1263.76367	-1058.00688
1262.65625	-984.53939
1261.54883	-1055.9729
1260.44043	-991.05512
1259.33301	-983.5250000000001
1258.22461	-955.34852
1257.11523	-992.8511
1256.00684	-963.99881
1254.89746	-914.63599
1253.78809	-922.30773
1252.67871	-860.27338
1251.56934	-861.1531
1250.45898	-715.9028900000001
1249.34961	-686.57709
1248.23926	-737.34271
1247.12793	-610.7364200000001
1246.01758	-676.43087
1244.90625	-608.9075700000001
1243.79492	-670.05929
1242.68359	-543.64842
1241.57129	-512.2952100000001
1240.45996	-440.82513
1239.34766	-470.24439
1238.23438	-462.35312000000005
1237.12207	-463.05625
1236.00879	-405.85517000000004
1234.89648	-523.1985500000001
1233.78223	-509.46531999999996
1232.66895	-599.9280799999999
1231.55566	-579.4900100000001
1230.44141	-516.10461
1229.32715	-521.83317
1228.21191	-574.1093
1227.09766	-469.79621000000003
1225.98242	-533.74022
1224.86719	-459.07126999999997
1223.75195	-415.76592999999997
1222.63574	-386.61025
1221.52051	-380.53595
1220.4043	-415.22559
1219.28711	-329.47489
1218.1709	-271.49084
1217.05371	-332.30449
1215.93652	-366.19168
1214.81934	-444.79113
1213.70215	-574.65466
1212.58398	-678.82995
1211.46582	-703.26945
1210.34766	-795.60782
1209.22949	-856.0677099999999
1208.11035	-995.5568099999999
1206.99219	-1108.65116
1205.87305	-1329.57966
1204.75293	-1472.47084
1203.63379	-1618.83444
1202.51367	-1871.21822
1201.39356	-2182.8113399999997
1200.27344	-2467.84402
1199.15234	-2678.47613
1198.03223	-3146.34774
1196.91113	-3510.2300600000003
1195.79004	-3944.2055100000002
1194.66797	-4368.41857
1193.5459	-4814.87921
1192.42481	-5040.90673
1191.30176	-5335.05332
1190.17969	-5604.46658
1189.05664	-5802.6753100000005
1187.93359	-5938.5142399999995
1186.81055	-5981.622350000001
1185.6875	-6010.63414
1184.56348	-5963.15233
1183.44043	-5870.40424
1182.31641	-5834.85855
1181.19141	-5576.821309999999
1180.06738	-4982.23939
1178.94238	-4471.45758
1177.81738	-3809.07774
1176.69238	-3135.61933
1175.56641	-2637.26043
1174.44043	-2167.5323099999996
1173.31445	-1711.1561
1172.18848	-1471.43718
1171.0625	-1350.07382
1169.93555	-1309.39068
1168.80859	-1098.95606
1167.68164	-1105.83595
1166.55371	-975.82955
1165.42676	-850.32121
1164.29883	-778.5675200000001
1163.1709	-662.2959599999999
1162.04199	-653.15163
1160.91406	-642.94541
1159.78516	-626.9874
1158.65625	-575.11058
1157.52637	-454.706
1156.39746	-385.84356
1155.26758	-309.58703
1154.1377	-223.12073999999998
1153.00684	-220.42838
1151.87695	-108.23828999999999
1150.74609	-89.69604000000001
1149.61523	-32.94174
1148.48438	39.99257
1147.35254	90.97897
1146.2207	88.29629
1145.08887	108.18172
1143.95703	64.64204000000001
1142.8252	33.846680000000006
1141.69238	35.79131
1140.55957	2.3999299999999995
1139.42676	-127.60692
1138.29297	-131.99059
1137.15918	-249.47304
1136.02539	-283.47258
1134.8916	-379.81541
1133.75781	-568.55705
1132.62305	-698.16414
1131.48828	-908.23018
1130.35352	-1166.2788500000001
1129.21777	-1253.91587
1128.08301	-1420.54115
1126.94727	-1449.6043100000002
1125.81152	-1525.28574
1124.67481	-1661.09064
1123.53906	-1639.69451
1122.40234	-1680.91766
1121.26563	-1856.0707
1120.12793	-2001.03803
1118.99023	-2156.89101
1117.85352	-2430.6582500000004
1116.71484	-2715.32737
1115.57715	-2933.54032
1114.43945	-3165.6806800000004
1113.30078	-3494.21004
1112.16211	-3734.4327900000003
1111.02246	-4016.29702
1109.88379	-4290.177559999999
1108.74414	-4461.203879999999
1107.60449	-4609.84504
1106.46387	-4866.63847
1105.32422	-5079.438209999999
1104.18359	-5172.24144
1103.04297	-5582.9632599999995
1101.90234	-5926.35487
1100.76074	-6392.40251
1099.61914	-6856.08036
1098.47754	-7378.4522
1097.33594	-8198.40931
1096.19336	-9099.49572
1095.05176	-10104.37915
1093.90918	-11176.350629999999
1092.76563	-12571.63719
1091.62305	-14106.939709999999
1090.47949	-15712.33211
1089.33594	-17288.50855
1088.19238	-18975.49704
1087.04785	-20582.18875
1085.90332	-22076.021210000003
1084.75879	-23682.79487
1083.61426	-25011.43692
1082.46973	-26422.17436
1081.32422	-27882.84677
1080.17871	-29258.25059
1079.0332	-30855.7142
1077.88672	-32438.318750000002
1076.74023	-34148.05569
1075.59375	-36033.94647
1074.44727	-37642.51207
1073.30078	-39248.61194
1072.15332	-40213.16409
1071.00586	-40478.6779
1069.8584	-39580.30319
1068.70996	-37802.239480000004
1067.56152	-34903.56957
1066.41309	-31400.7947
1065.26465	-27707.005699999998
1064.11621	-23931.179480000003
1062.9668	-20420.237849999998
1061.81738	-17431.51938
1060.66797	-14778.14725
1059.51758	-12652.53808
1058.36816	-10974.743540000001
1057.21777	-9917.55588
1056.06738	-8876.61854
1054.91602	-8264.572329999999
1053.76465	-7616.57198
1052.61328	-7106.841960000001
1051.46191	-6048.29211
1050.31055	-5703.76867
1049.1582	-5263.85394
1048.00586	-4968.83378
1046.85352	-4674.41783
1045.7002	-4282.9639799999995
1044.54785	-4027.39804
1043.39453	-3846.80103
1042.24023	-3732.5600099999997
1041.08691	-3610.1802
1039.93262	-3629.94991
1038.77832	-3662.3407100000004
1037.62402	-3674.46247
1036.46973	-3727.0034
1035.31445	-3956.57998
1034.15918	-4136.105030000001
1033.00391	-4342.518370000001
1031.84766	-4544.87679
1030.69238	-4832.0412799999995
1029.53613	-5398.78456
1028.37891	-6157.371639999999
1027.22266	-7443.86708
1026.06543	-9225.726910000001
1024.9082	-11855.50343
1023.75098	-14552.93776
1022.59375	-16547.57818
1021.43555	-16554.52344
1020.27734	-14946.08065
1019.11914	-12424.802730000001
1017.95996	-9765.81359
1016.80078	-7959.619909999999
1015.6416	-7360.24842
1014.48242	-7135.17084
1013.32324	-7073.51811
1012.16309	-7010.09922
1011.00293	-6739.54236
1009.84277	-6152.37869
1008.68164	-5336.033890000001
1007.52051	-4573.48785
1006.35938	-4087.8795299999997
1005.19824	-4018.22291
1004.03711	-4047.0414800000003
1002.875	-4991.98007
1001.71289	-7077.91636
1000.55078	-10921.54401
999.3877	-15507.147439999999
998.22461	-18340.40022
997.06152	-16905.02405
995.89844	-12713.28786
994.73438	-9380.875970000001
993.57129	-7698.19301
992.40723	-7066.56316
991.24219	-6976.45608
990.07813	-7031.143770000001
988.91309	-7125.25496
987.74805	-7504.510310000001
986.58301	-7641.72608
985.41699	-7736.3424700000005
984.25098	-7621.45018
983.08496	-7274.15148
981.91895	-6926.05225
980.75195	-6537.41015
979.58496	-6122.33047
978.41797	-5797.28712
977.25098	-5396.97109
976.08301	-5062.9380599999995
974.91504	-4738.38829
973.74707	-4467.66669
972.5791	-4240.03016
971.41016	-3823.1978400000003
970.24219	-3668.8413200000005
969.07227	-3478.68232
967.90332	-3150.88007
966.7334	-2860.07815
965.56348	-2670.23318
964.39356	-2423.8761
963.22363	-2275.1963299999998
962.05273	-2142.6581300000003
960.88184	-1984.23728
959.71094	-1758.14423
958.54004	-1667.3183999999999
957.36816	-1467.08379
956.19629	-1429.52609
955.02441	-1315.20186
953.85156	-1281.86534
952.67969	-1230.68629
951.50684	-1215.9011300000002
950.33398	-1247.7568
949.16016	-1304.03917
947.98633	-1293.5651
946.8125	-1272.56132
945.63867	-1348.50505
944.46484	-1300.08242
943.29004	-1258.16674
942.11523	-1212.5427900000002
940.94043	-1163.87906
939.76465	-1169.75411
938.58887	-1175.0005700000002
937.41309	-1137.9556400000001
936.23731	-1038.7725899999998
935.06055	-1051.9960800000001
933.88379	-1099.16716
932.70703	-1068.64665
931.53027	-1043.93974
930.35254	-1076.4107399999998
929.17578	-1109.55865
927.99805	-1054.6253000000002
926.81934	-975.9666800000001
925.6416	-1045.75714
924.46289	-994.1160199999999
923.28418	-914.4248
922.10449	-967.32227
920.92481	-983.6844000000001
919.74609	-996.16919
919.55176	-1009.0514
918.38672	-889.16835
917.2207	-923.3975899999999
916.05469	-1002.10757
914.8877	-982.48434
913.72168	-932.00247
912.55469	-899.23571
911.3877	-872.24779
910.2207	-876.2800699999999
909.05273	-843.56926
907.88574	-935.89927
906.71777	-916.5358200000001
905.54883	-854.38937
904.38086	-879.6896499999999
903.21191	-841.79003
902.04297	-784.01487
900.87402	-753.81875
899.7041	-707.2037899999999
898.53516	-634.14642
897.36523	-607.74699
896.19434	-551.07539
895.02441	-610.56636
893.85352	-618.7806400000001
892.68262	-510.69249999999994
891.51172	-420.65968
890.34082	-411.26545
889.16895	-445.36891
887.99707	-401.40625
886.8252	-239.91976
885.65332	-220.81778
884.48047	-165.09866
883.30762	-131.51013
882.13477	-61.32281
880.96191	-71.31338
879.78809	62.46427
878.61426	93.06741
877.44043	37.23563
876.2666	-15.499060000000004
875.0918	99.18412
873.91699	7.335059999999999
872.74219	20.681440000000002
871.56738	27.44526
870.3916	68.08493
869.21582	-28.770270000000004
868.04004	-24.26127
866.86426	-31.593910000000005
865.6875	2.8720399999999993
864.51074	-0.034559999999999036
863.33398	31.638619999999996
862.15723	57.90883
860.97949	-3.9938600000000006
859.80273	-90.44092
858.625	-38.19833
857.44629	-28.06224
856.26856	-67.75074000000001
855.08984	-70.03805
853.91113	-196.76181
852.73145	-118.28246
851.55273	-179.36984
850.37305	-235.57321
849.19336	-270.60086
848.01367	-308.05638
846.83301	-419.39513999999997
845.65234	-411.27382
844.47168	-604.56181
843.29102	-617.50145
842.11035	-620.21483
840.92871	-669.7037
839.74707	-730.02249
838.56445	-883.13504
837.38281	-920.25708
836.2002	-931.59518
835.01758	-972.71081
833.83496	-1024.20598
832.65137	-1001.3881499999999
831.46777	-1160.2659899999999
830.28418	-1212.20997
829.10059	-1267.18596
827.91699	-1249.02017
826.73242	-1311.3174700000002
825.54785	-1376.7929800000002
824.36328	-1338.89923
823.17773	-1315.89023
821.99219	-1297.01179
820.80664	-1236.45125
819.62109	-1208.79482
818.43457	-1255.8244399999999
817.24902	-1240.11707
816.0625	-1088.5516300000002
814.875	-1039.3534100000002
813.68848	-1092.54404
812.50098	-1025.66787
811.31348	-1028.8691600000002
810.12598	-1047.03038
808.9375	-991.8287100000001
807.74902	-1000.14895
806.56055	-985.14982
805.37207	-1053.3893
804.18262	-1062.29741
802.99414	-1078.84198
801.80371	-1112.9393300000002
800.61426	-1112.16166
799.42481	-1104.49711
798.23438	-1095.10993
797.04395	-1061.4620900000002
795.85254	-903.79564
794.66211	-938.85272
793.4707	-803.3918600000001
792.2793	-740.24617
791.08789	-711.01952
789.89551	-649.58298
788.70313	-624.76482
787.51074	-560.22128
786.31836	-533.73381
785.125	-492.54943
783.93164	-522.2212999999999
782.73828	-408.28571999999997
781.54492	-540.4600300000001
780.35059	-456.6768
779.15625	-456.25482
777.96191	-590.32498
776.76758	-696.47369
775.57227	-823.47365
774.37695	-919.7475
773.18164	-1087.64134
771.98633	-1126.71966
770.79004	-1227.3680200000001
769.59375	-1257.62859
768.39746	-1087.16205
767.20117	-997.37923
766.00391	-1084.93366
764.80664	-974.39865
763.60938	-894.54767
762.41211	-947.83965
761.21387	-964.8817700000001
760.01563	-844.5996600000001
758.81738	-951.9798000000001
757.61816	-955.90165
756.41992	-1014.5016299999999
755.2207	-996.6945900000001
754.02148	-996.66735
752.82129	-984.81102
751.62109	-1012.89771
750.4209	-970.09492
749.2207	-1123.93875
748.02051	-1118.5224699999999
746.81934	-1212.35081
745.61816	-1350.99009
744.41699	-1308.71069
743.21484	-1505.38417
742.0127	-1592.2500100000002
740.81055	-1634.06233
739.6084	-1826.68636
738.40625	-1802.486
737.20313	-1926.9076200000002
736.0	-1982.61833
734.7959	-2150.58392
733.59277	-2173.00404
732.38867	-2194.87536
731.18457	-2222.58913
729.97949	-2121.83085
728.77539	-1977.6902
727.57031	-1914.66541
726.36523	-1868.0534499999999
725.16016	-1894.00674
723.9541	-1931.59005
722.74805	-1961.5721800000001
721.54199	-1986.7543600000001
720.33496	-2021.97578
719.12891	-2072.3236500000003
717.92188	-2136.62101
716.71484	-2298.9425300000003
715.50684	-2380.3724700000002
714.29883	-2536.40007
713.09082	-2713.5107900000003
711.88281	-2888.43752
710.67481	-3246.52522
709.46582	-3578.06412
708.25684	-3952.53092
707.04785	-4365.79497
705.83789	-4817.24867
704.62793	-5411.027400000001
703.41797	-6030.92973
702.20801	-6678.6840999999995
700.99805	-7475.1241
699.78711	-8379.441499999999
698.57617	-9225.27187
697.36426	-9836.45224
696.15332	-10675.32222
694.94141	-11990.452949999999
693.72949	-13304.61446
692.5166	-14097.542430000001
691.30469	-14687.55789
690.0918	-14892.20668
688.87891	-14363.16521
687.66504	-13352.965619999999
686.45117	-11952.40934
685.23731	-10663.942070000001
684.02344	-9377.24896
682.80957	-8465.42587
681.59473	-7637.72988
680.37988	-6894.2670100000005
679.16504	-6717.008150000001
677.94922	-6512.91282
676.7334	-6422.41961
675.51758	-6210.2826000000005
674.30176	-5953.67118
673.08496	-5490.222
671.86914	-5131.61091
670.65137	-4551.68899
669.43457	-4072.21713
668.2168	-3525.62468
667.0	-3117.30917
665.78125	-2800.16669
664.56348	-2632.02005
663.34473	-2288.5510999999997
662.12598	-2279.40491
660.90723	-2050.82406
659.68848	-1903.58619
658.46875	-1785.77465
657.24902	-1825.0649899999999
656.0293	-1714.9927
654.80859	-1586.3500099999999
653.58789	-1567.27937
652.36719	-1476.23616
651.14648	-1384.1671
649.92481	-1365.0184299999999
648.7041	-1372.71382
647.48242	-1262.17762
646.25977	-1325.6165099999998
645.03711	-1317.8007
643.81543	-1181.73062
642.5918	-1248.9526099999998
641.36914	-1204.4139499999999
640.14551	-1212.44158
638.92188	-1330.01294
637.69824	-1340.1974400000001
636.47461	-1228.00073
635.25	-1317.18418
634.02539	-1117.72968
632.80078	-1085.97475
631.5752	-1189.26183
630.34961	-1102.14758
629.12402	-1186.89676
627.89844	-1134.1286699999998
626.67188	-1060.65113
625.44531	-1037.5994400000002
624.21875	-1001.8470300000001
622.99219	-1038.23744
621.76465	-1049.34146
620.53711	-1054.80994
619.30957	-814.30087
618.08106	-735.36072
616.85254	-729.74656
615.62402	-704.37825
614.39551	-723.6202000000001
613.16699	-643.77429
611.9375	-580.2175000000001
610.70801	-442.50469000000004
609.47754	-322.66189999999995
608.24805	-327.81746000000004
607.01758	-262.99848
605.78711	-199.51373999999998
604.55566	-165.73243000000002
603.3252	-149.98615
602.09375	-78.88172
600.86133	-72.43023000000001
599.62988	-101.5809
598.39746	-53.69585
597.16504	-94.37973
595.93262	-108.22249
594.69922	-95.85225
593.46582	-61.18430000000001
592.23242	-19.87912
590.99902	-7.122590000000002
589.76465	-76.59093
588.53027	-57.76286
587.2959	-95.22502
586.06152	-157.50482
584.82617	-64.14237
583.59082	-41.40598
582.35547	-56.324459999999995
581.11914	-214.98838
579.88281	-197.05155000000002
578.64648	-135.54466
577.41016	-96.31612
