2000.04395	-50.74795
1901.7627	3.505890000000001
1900.78027	-145.69099999999997
1899.79785	63.255539999999996
1898.81543	-104.75503
1897.83203	-2.2934699999999992
1896.84961	41.20284000000001
1895.86621	-8.490609999999997
1894.88281	-131.88123
1893.89844	7.037889999999997
1892.91504	-204.04878
1891.93066	-123.53021
1890.94727	-120.44207
1889.96289	39.64353
1888.97754	-78.08965999999998
1887.99316	115.18013000000002
1887.00781	-127.44203999999999
1886.02344	-191.46321
1885.03809	-49.21062
1884.05176	-25.11311
1883.06641	-52.52101
1882.08106	-137.58371
1881.09473	-86.81016
1880.1084	-1.8296300000000016
1879.12207	-27.59682
1878.13574	-39.62439
1877.14844	4.13066
1876.16211	65.55744
1875.17481	39.4346
1874.1875	-117.97509000000001
1873.19922	-93.30048
1872.21191	-134.54748999999998
1871.22363	-39.35485
1870.23633	-84.84939
1869.24805	-28.46747
1868.25879	-103.69676
1867.27051	-67.62398
1866.28223	4.98226
1865.29297	-18.15086
1864.30371	58.95237
1863.31445	98.10813
1862.32422	9.9732
1861.33496	60.23905
1860.34473	113.1882
1859.35449	-13.31288
1858.36426	-63.12841
1857.37402	-51.21849
1856.38379	110.33013
1855.39258	-29.400349999999996
1854.40137	-68.38278
1853.41016	29.931349999999995
1852.41895	-46.1724
1851.42676	-137.52112
1850.43555	-130.40616
1849.44336	21.10745
1848.45117	-158.25418
1847.45898	-192.76707
1846.4668	-97.39767
1845.47363	108.09027999999999
1844.48047	-75.0634
1843.48731	-57.90581
1842.49414	-57.09815999999999
1841.50098	-65.41336
1840.50684	-117.83791
1839.51367	-186.79437000000001
1838.51953	-205.17909
1837.52539	-75.33158
1836.53027	47.97074
1835.53613	-222.58547
1834.54102	-39.778459999999995
1833.5459	-32.335679999999996
1832.55078	-100.59904
1831.55566	-168.12681
1830.56055	-61.197869999999995
1829.56445	-126.63524
1828.56836	-291.25437999999997
1827.57227	-208.19380999999998
1826.57617	-168.94719
1825.58008	-149.49939
1824.58301	27.6051
1823.58594	-253.88515999999998
1822.58887	-25.952209999999997
1821.5918	-11.356710000000007
1820.59473	-135.25268
1819.59668	-186.09174000000002
1818.59961	-134.52201000000002
1817.60156	-73.12435
1816.60352	-86.57521
1815.60449	-301.93568
1814.60645	-109.18862
1813.60742	-80.93441
1812.6084	-60.25274
1811.60938	-10.82835
1810.61035	35.36197999999999
1809.61035	-207.96892
1808.61133	-245.12380000000002
1807.61133	-105.9887
1806.61133	25.096639999999994
1805.61035	-175.72460999999998
1804.61035	-37.634100000000004
1803.60938	-25.490949999999998
1802.6084	1.2406799999999976
1801.60742	-76.17964
1800.60645	-87.34159
1799.60547	-25.34031999999999
1798.60352	-69.82244999999999
1797.60156	-83.88481999999999
1796.59961	-43.47363
1795.59766	-58.53480000000002
1794.5957	-41.46983
1793.59277	-51.01953
1792.58984	-134.42168
1791.58789	-0.025569999999994764
1790.58398	-63.60713
1789.58106	-162.21271
1788.57715	-107.43886999999998
1787.57422	-52.00139999999999
1786.57031	-92.85531
1785.56641	-61.16174
1784.56152	-7.155239999999999
1783.55762	-136.99827
1782.55273	-112.54648
1781.54785	67.62008999999999
1780.54297	9.945329999999998
1779.53809	28.633809999999997
1778.53223	-4.07573
1777.52734	-124.03070999999998
1776.52148	-147.11964999999998
1775.51563	-87.43956
1774.50879	99.88473
1773.50293	63.92821
1772.49609	-153.9498
1771.48926	-35.88507
1770.48242	-111.59824
1769.47559	-158.33797
1768.46777	-102.13331
1767.46094	-41.811840000000004
1766.45313	-67.29140999999998
1765.44531	-116.43756000000002
1764.4375	-87.50601999999999
1763.42871	-241.70867
1762.4209	-31.709159999999997
1761.41211	-81.32064
1760.40332	-64.10813999999999
1759.39356	-54.39806999999999
1758.38477	-86.63853
1757.375	60.47313
1756.36621	110.93494
1755.35645	-0.815400000000011
1754.3457	83.06854000000001
1753.33594	20.47532000000001
1752.3252	69.77491
1751.31543	-3.03528
1750.30469	154.88119
1749.29297	73.99987
1748.28223	-102.22522000000001
1747.27051	-23.96939
1746.25977	69.53385
1745.24805	69.41437
1744.23535	32.19146
1743.22363	42.88482
1742.21191	-45.76159
1741.19922	112.87931999999999
1740.18652	105.21849
1739.17383	160.66344
1738.16016	11.09763000000001
1737.14746	106.2841
1736.13379	19.676060000000003
1735.12012	135.91209
1734.10645	194.49635
1733.0918	-99.79725
1732.07813	-52.46896
1731.06348	-6.83263
1730.04883	-10.640220000000003
1729.03418	-67.077
1728.01953	-106.54363
1727.00391	-37.44052
1725.98828	-73.39033
1724.97266	-55.58982999999999
1723.95703	71.97133
1722.94141	-115.27467999999999
1721.92481	-93.71498
1720.90918	-28.527329999999992
1719.89258	-57.361999999999995
1718.87598	-219.27075000000002
1717.8584	-51.19592999999999
1716.8418	-80.95940000000002
1715.82422	-107.67528999999999
1714.80664	-75.61916
1713.78906	-36.70433
1712.77051	-10.138869999999997
1711.75293	36.93563
1710.73438	-134.65884999999997
1709.71582	-116.07470999999998
1708.69727	-117.93635
1707.67871	-206.75698
1706.65918	-111.71950999999996
1705.64063	-39.91504000000003
1704.62109	-101.71800999999999
1703.60059	-74.6019
1702.58106	-138.42546999999996
1701.56152	-156.81156000000004
1700.54102	-236.05303
1699.52051	-171.08320000000003
1698.5	-8.80889000000002
1697.47852	-222.63061
1696.45801	-132.25119999999998
1695.43652	-200.78940999999998
1694.41504	-124.61309
1693.39356	-254.07805000000002
1692.37207	-85.35091000000006
1691.34961	-309.07266
1690.32715	-261.24744000000004
1689.30469	-288.62572
1688.28223	-93.50003000000004
1687.25977	-450.92898
1686.23633	-509.97796999999997
1685.21387	-302.69794
1684.19043	-409.0188299999999
1683.16602	-360.29804
1682.14258	-468.81699000000003
1681.11914	-297.39194999999995
1680.09473	-412.79542000000004
1679.07031	-465.75883
1678.0459	-528.4104199999999
1677.02051	-536.9261399999999
1675.99609	-467.6140099999999
1674.9707	-429.00969
1673.94531	-648.0413699999999
1672.91992	-547.4708499999999
1671.89356	-777.9535599999999
1670.86816	-672.6626500000001
1669.8418	-747.9685800000001
1668.81543	-591.8254699999999
1667.78906	-580.2590999999999
1666.76172	-649.90994
1665.73535	-716.7474
1664.70801	-649.19416
1663.68066	-721.4190300000001
1662.65332	-754.88081
1661.625	-836.4862300000001
1660.59766	-713.2147799999999
1659.56934	-844.37363
1658.54102	-837.47613
1657.5127	-898.14911
1656.4834	-1071.0993899999999
1655.45508	-1209.11551
1654.42578	-1030.1419999999998
1653.39648	-1069.03054
1652.36621	-1082.9574
1651.33691	-944.9328700000001
1650.30664	-1211.73664
1649.27637	-1103.60806
1648.24609	-1328.02825
1647.21582	-1371.22102
1646.18555	-1294.21415
1645.1543	-1373.7760099999998
1644.12305	-1507.8409299999998
1643.0918	-1550.18456
1642.06055	-1533.2873100000002
1641.02832	-1444.3289699999998
1639.99707	-1554.3494899999998
1638.96484	-1808.6898200000003
1637.93164	-1671.6291500000002
1636.89941	-1662.3295699999999
1635.86719	-1707.27761
1634.83398	-1857.7546700000003
1633.80078	-2137.8964800000003
1632.76758	-2160.32978
1631.73438	-2211.1021600000004
1630.7002	-2282.6232499999996
1629.66602	-2220.4351399999996
1628.63184	-2312.0315199999995
1627.59766	-2409.2341499999998
1626.56348	-2515.60991
1625.52832	-2717.6553699999995
1624.49316	-2867.5265599999993
1623.45801	-2860.52098
1622.42285	-2944.3563500000005
1621.3877	-2853.14932
1620.35156	-2925.35204
1619.31543	-2892.42503
1618.2793	-3094.5470100000002
1617.24316	-3173.2870900000003
1616.20703	-3085.7572600000003
1615.16992	-3372.0873800000004
1614.13281	-3290.56823
1613.0957	-3372.4574900000002
1612.05859	-3212.8058
1611.02051	-3404.7610499999996
1609.9834	-3775.4355100000002
1608.94531	-3613.8366399999995
1607.90723	-3944.7107399999995
1606.86816	-3929.9741200000008
1605.83008	-4107.495800000001
1604.79102	-4115.075310000001
1603.75195	-4067.4350300000006
1602.71289	-4307.27555
1601.67383	-4570.63659
1600.63379	-4453.7029
1599.59473	-4437.11342
1598.55469	-4489.034629999998
1597.51367	-3897.580429999998
1596.47363	-3613.357680000001
1595.43359	-3002.0442599999988
1594.39258	-2478.206189999997
1593.35156	-1525.2549700000018
1592.31055	-1395.64559
1591.26856	-1021.5550399999993
1590.22754	-1331.5539800000006
1589.18555	-1185.7462699999996
1588.14356	-856.4933399999973
1587.10059	-944.889559999996
1586.05859	-898.6081399999966
1585.01563	-1248.0264499999976
1583.97266	-1226.658819999997
1582.92969	-1434.2065799999982
1581.88672	-1979.0362199999981
1580.84375	-2389.980019999999
1579.79981	-2872.7760100000014
1578.75586	-3710.892219999998
1577.71191	-3803.2849700000006
1576.66699	-4217.501069999998
1575.62305	-4262.151719999998
1574.57813	-4512.08123
1573.5332	-4708.891599999999
1572.48828	-4881.91433
1571.44336	-5836.577949999999
1570.39746	-6706.866210000004
1569.35156	-7402.894270000001
1568.30566	-7953.844100000002
1567.25977	-7641.83726
1566.21387	-7511.665209999999
1565.16699	-7158.166110000002
1564.12012	-6862.317429999999
1563.07324	-6006.688340000001
1562.02637	-5575.108800000002
1560.97852	-5047.660060000002
1559.93066	-4841.50195
1558.88379	-4425.39263
1557.83496	-4408.7354
1556.78711	-4256.1469
1555.73926	-4619.67023
1554.69043	-4847.755149999999
1553.6416	-4904.45492
1552.59277	-5336.654379999999
1551.54297	-6047.435930000001
1550.49414	-6184.67938
1549.44434	-6692.20441
1548.39453	-7155.268690000001
1547.34473	-7442.08851
1546.29395	-7915.005090000001
1545.24414	-8329.64944
1544.19336	-8076.8218
1543.14258	-8121.020930000001
1542.09082	-8054.00603
1541.04004	-7921.753549999999
1539.98828	-7445.31789
1538.93652	-6994.106889999999
1537.88477	-6745.73178
1536.83301	-6695.33428
1535.78027	-6327.8354
1534.72754	-5765.034439999999
1533.67481	-5674.71074
1532.62207	-5436.09859
1531.56934	-5172.2512
1530.51563	-4859.85778
1529.46191	-4546.3861099999995
1528.4082	-4200.31396
1527.35449	-4259.28092
1526.29981	-3912.65008
1525.24609	-3745.4885400000003
1524.19141	-3419.17491
1523.13672	-3465.2494400000005
1522.08106	-3121.3044199999995
1521.02637	-2880.5001600000005
1519.9707	-2764.7879600000006
1518.91504	-2606.3692599999995
1517.85938	-2542.31239
1516.80273	-2259.4285900000004
1515.74707	-2197.83701
1514.69043	-1912.16104
1513.63379	-1947.0057499999998
1512.57715	-1884.2477800000001
1511.51953	-1730.10951
1510.46191	-1782.8166499999998
1509.40527	-1648.40658
1508.34668	-1799.00436
1507.28906	-1655.1160800000002
1506.23145	-1231.08279
1505.17285	-1533.58258
1504.11426	-1356.3704699999998
1503.05566	-1330.94347
1501.99609	-1426.433
1500.9375	-1296.1243400000003
1499.87793	-924.54719
1498.81836	-1096.7609100000002
1497.75781	-1254.62282
1496.69824	-1047.88586
1495.6377	-1008.9182500000002
1494.57715	-1329.41115
1493.5166	-1340.9571999999998
1492.45606	-1361.18712
1491.39453	-1041.5780699999998
1490.33301	-977.8744899999999
1489.27148	-1140.03608
1488.20996	-1208.7111199999997
1487.14844	-1073.6575300000002
1486.08594	-830.3232800000001
1485.02344	-1028.10275
1483.96094	-1069.07275
1482.89844	-1135.86514
1481.83496	-912.3027799999998
1480.77246	-966.8405800000003
1479.70898	-829.01763
1478.64453	-1003.44723
1477.58106	-1145.8814100000004
1476.51758	-1305.4884900000002
1475.45313	-1230.7713899999999
1474.38867	-1316.3540199999998
1473.32324	-1020.7768000000001
1472.25879	-1062.6387599999998
1471.19336	-923.9263899999996
1470.12793	-841.99406
1469.0625	-1140.32742
1467.99707	-1453.4465300000002
1466.93066	-1358.1136000000001
1465.86523	-1565.7132800000002
1464.79883	-1699.2383600000003
1463.73145	-1933.1521500000001
1462.66504	-2093.65683
1461.59766	-2054.6870500000005
1460.53027	-2113.50818
1459.46289	-2148.96609
1458.39551	-1997.1993000000002
1457.32715	-1956.7389600000001
1456.25977	-1979.6066300000002
1455.19141	-1668.04383
1454.12305	-1167.3930999999998
1453.05371	-1331.95068
1451.98535	-1027.24758
1450.91602	-745.5031399999999
1449.84668	-702.3838
1448.77637	-521.7379999999999
1447.70703	-619.1442399999999
1446.63672	-621.9514700000001
1445.56641	-379.26014
1444.49609	-443.81967
1443.42578	-181.33070999999995
1442.35449	-186.68881999999996
1441.2832	-266.8849600000001
1440.21191	-303.76448999999997
1439.14063	-200.94393000000002
1438.06934	-168.30500999999992
1436.99707	-227.02912000000003
1435.92481	-205.40116
1434.85254	-157.13460999999995
1433.78027	-180.28017
1432.70703	-53.15497000000005
1431.63379	-243.08960999999994
1430.56055	-142.59308
1429.48731	-123.04025000000001
1428.41309	-100.75260000000003
1427.33984	-52.21404000000001
1426.26563	-213.69590999999997
1425.19141	-103.76856999999995
1424.11621	-245.75404
1423.04199	-149.28782
1421.9668	-269.1029
1420.8916	-326.76925
1419.81641	-393.01284
1418.74023	-435.14943
1417.66504	-404.31741
1416.58887	-471.61924
1415.5127	-594.89692
1414.43555	-649.88259
1413.35938	-622.51049
1412.28223	-634.62051
1411.20508	-659.71977
1410.12793	-507.85018
1409.04981	-655.50067
1407.97266	-842.1177299999999
1406.89453	-810.4335500000001
1405.81641	-1038.0528100000001
1404.73731	-1152.0760599999999
1403.65918	-967.8960700000001
1402.58008	-1004.4220799999999
1401.50098	-891.91351
1400.42188	-883.52588
1399.3418	-927.80905
1398.2627	-772.88275
1397.18262	-710.33027
1396.10254	-646.47309
1395.02148	-566.86933
1393.94141	-604.30228
1392.86035	-623.5941399999999
1391.7793	-517.11767
1390.69824	-390.41522
1389.61621	-459.73912
1388.53516	-581.4554300000001
1387.45313	-511.38587999999993
1386.37109	-624.45723
1385.28809	-295.90844000000004
1384.20606	-395.15408
1383.12305	-300.08617
1382.04004	-330.93689
1380.95703	-379.57280000000003
1379.87305	-340.72109
1378.78906	-255.34200000000004
1377.70508	-511.87188000000003
1376.62109	-420.34655999999995
1375.53711	-391.53194
1374.45215	-464.55460000000005
1373.36719	-422.93645
1372.28223	-549.20607
1371.19727	-491.71138999999994
1370.11231	-369.99176
1369.02637	-80.30025
1367.94043	-125.86090000000002
1366.85449	-212.22189999999998
1365.76758	-216.31584999999998
1364.68164	-259.50237
1363.59473	-241.75872
1362.50781	-183.48824000000002
1361.41992	-218.16622
1360.33301	-256.67773
1359.24512	-236.63482000000002
1358.15723	-206.44241
1357.06934	-44.52245
1355.98145	-30.84906
1354.89258	-42.171409999999995
1353.80371	-26.34661
1352.71484	30.26903
1351.625	16.360719999999997
1350.53613	-30.86826
1349.44629	-54.907420000000016
1348.35645	-148.07953999999998
1347.2666	-117.82207
1346.17578	-174.59980000000002
1345.08594	-165.52266
1343.99512	-205.40800000000002
1342.90332	-203.0552
1341.8125	-285.25662
1340.7207	-224.02172
1339.62988	-173.98363999999998
1338.53809	-68.27496999999998
1337.44531	-112.53798
1336.35352	-145.40203
1335.26074	-52.99029999999999
1334.16797	97.55593999999999
1333.0752	9.934890000000024
1331.98145	-86.56514000000001
1330.88867	-13.220670000000013
1329.79492	12.287819999999954
1328.70117	-85.52951999999999
1327.60645	-34.31900999999999
1326.5127	56.295919999999995
1325.41797	65.23743000000002
1324.32324	180.34555
1323.22754	181.35320000000007
1322.13281	-182.04785999999996
1321.03711	-37.97007000000002
1319.94141	-151.71880000000004
1318.8457	-78.38067999999998
1317.75	-15.793120000000044
1316.65332	21.31958999999995
1315.55664	-114.39910999999995
1314.45996	-179.23517000000004
1313.36328	-161.8618499999999
1312.26563	-145.30229999999995
1311.16797	-204.87078000000008
1310.07031	-94.61512000000016
1308.97266	-345.44919000000004
1307.87402	-292.07876
1306.77637	-290.61527
1305.67773	-267.55571999999995
1304.5791	-172.14807999999994
1303.47949	-287.10013000000004
1302.38086	-325.8940600000001
1301.28125	-389.1780799999999
1300.18164	-532.0313100000001
1299.08106	-403.77864
1297.98145	-555.3528099999999
1296.88086	-566.7783999999999
1295.78027	-597.39534
1294.67969	-473.00869999999986
1293.57813	-530.6165500000002
1292.47656	-269.6403999999998
1291.375	-212.39167999999972
1290.27344	-1.8284399999997731
1289.17188	257.84477999999945
1288.06934	550.97343
1286.9668	812.4110599999995
1285.86426	1226.2387200000003
1284.76172	1352.3170800000007
1283.6582	1420.3828700000004
1282.55469	1433.2525999999998
1281.45117	1425.9388
1280.34766	1400.3555699999997
1279.24414	1289.8896600000003
1278.13965	1306.5699699999996
1277.03516	940.0478399999997
1275.93066	1060.1729500000001
1274.8252	956.31549
1273.7207	998.482
1272.61523	725.1915399999998
1271.50879	726.0567699999997
1270.40332	394.0711100000001
1269.29785	710.41263
1268.19141	441.3071699999998
1267.08496	565.76226
1265.97754	545.25909
1264.87109	486.2799500000001
1263.76367	316.6377
1262.65625	315.63103
1261.54883	141.92450000000008
1260.44043	86.30072999999993
1259.33301	6.6282699999999295
1258.22461	-96.69164
1257.11523	-207.57747999999992
1256.00684	-88.81852000000003
1254.89746	-176.06403
1253.78809	-199.84742000000006
1252.67871	-335.83432000000005
1251.56934	-318.30232
1250.45898	-178.05599000000007
1249.34961	-91.94615999999996
1248.23926	-211.08175000000006
1247.12793	-20.87686000000008
1246.01758	-274.85127
1244.90625	-105.47605000000004
1243.79492	-215.14444000000003
1242.68359	-5.182210000000055
1241.57129	41.86338999999998
1240.45996	149.39284000000004
1239.34766	92.01595000000003
1238.23438	97.75589999999994
1237.12207	134.01826999999997
1236.00879	102.33419000000004
1234.89648	138.1266599999999
1233.78223	70.23975000000007
1232.66895	98.86449000000005
1231.55566	169.96390999999994
1230.44141	182.84818999999993
1229.32715	143.02408999999994
1228.21191	77.93092999999999
1227.09766	52.51523999999995
1225.98242	22.752810000000068
1224.86719	-102.31113999999997
1223.75195	-41.28436999999997
1222.63574	-163.36986000000002
1221.52051	-125.62188
1220.4043	-204.32318
1219.28711	-130.07709
1218.1709	0.9106400000000008
1217.05371	-84.83599999999998
1215.93652	-93.48288000000002
1214.81934	-173.66726
1213.70215	-242.17368
1212.58398	-260.36362
1211.46582	-143.3387600000001
1210.34766	-285.37282
1209.22949	-284.60424
1208.11035	-193.81408
1206.99219	-311.04612999999995
1205.87305	-400.92795
1204.75293	-528.7824699999999
1203.63379	-526.5459400000002
1202.51367	-615.4098200000001
1201.39356	-846.8058499999997
1200.27344	-986.5206099999998
1199.15234	-1052.50717
1198.03223	-1275.02043
1196.91113	-1474.83846
1195.79004	-1677.81302
1194.66797	-1983.3857699999999
1193.5459	-2333.71702
1192.42481	-2614.36255
1191.30176	-2924.9111299999995
1190.17969	-2982.30942
1189.05664	-3150.8299
1187.93359	-3156.41286
1186.81055	-3166.1018300000005
1185.6875	-3198.59748
1184.56348	-3014.85563
1183.44043	-3048.09098
1182.31641	-3031.2314199999996
1181.19141	-2936.8703599999994
1180.06738	-2556.6249799999996
1178.94238	-2264.37857
1177.81738	-1980.9967000000001
1176.69238	-1641.5394000000001
1175.56641	-1369.3968099999997
1174.44043	-1205.38717
1173.31445	-913.4109299999999
1172.18848	-812.94891
1171.0625	-719.3512200000001
1169.93555	-705.8890799999999
1168.80859	-583.61885
1167.68164	-658.4978999999998
1166.55371	-624.3342700000001
1165.42676	-501.30163
1164.29883	-614.19993
1163.1709	-558.41805
1162.04199	-548.97271
1160.91406	-447.67862
1159.78516	-391.21103000000005
1158.65625	-291.5962200000001
1157.52637	-272.03746
1156.39746	-203.13671
1155.26758	-161.42831
1154.1377	-74.44190999999998
1153.00684	-83.87888000000001
1151.87695	-119.19877
1150.74609	-80.78172
1149.61523	-62.09351
1148.48438	14.174799999999998
1147.35254	139.50818
1146.2207	127.15588
1145.08887	114.45991
1143.95703	53.01554
1142.8252	44.801590000000004
1141.69238	-75.71527
1140.55957	-15.53907
1139.42676	-224.40982
1138.29297	-164.20643
1137.15918	-242.96852
1136.02539	-264.7218
1134.8916	-396.12694
1133.75781	-407.3132
1132.62305	-412.23003000000006
1131.48828	-631.6571100000001
1130.35352	-732.1073200000001
1129.21777	-799.8692700000001
1128.08301	-824.2169899999999
1126.94727	-894.31131
1125.81152	-825.8074799999999
1124.67481	-851.4657
1123.53906	-635.6480100000001
1122.40234	-699.59734
1121.26563	-716.0448900000001
1120.12793	-720.8486
1118.99023	-777.54658
1117.85352	-750.5689600000003
1116.71484	-833.55503
1115.57715	-938.7797300000002
1114.43945	-1016.83385
1113.30078	-1019.8611000000001
1112.16211	-1050.9281800000003
1111.02246	-1117.20527
1109.88379	-1323.3553399999996
1108.74414	-1435.7746399999996
1107.60449	-1380.9172500000004
1106.46387	-1530.0463800000002
1105.32422	-1705.0400399999999
1104.18359	-1590.0980400000003
1103.04297	-2062.56403
1101.90234	-2152.3013200000005
1100.76074	-2506.2652199999998
1099.61914	-2795.99179
1098.47754	-3045.32557
1097.33594	-3562.2417699999996
1096.19336	-4053.23024
1095.05176	-4861.717810000001
1093.90918	-5603.23424
1092.76563	-6577.78334
1091.62305	-7744.56889
1090.47949	-8804.443629999998
1089.33594	-10127.40998
1088.19238	-11288.818449999999
1087.04785	-12332.02362
1085.90332	-13271.058780000001
1084.75879	-13969.21537
1083.61426	-14184.034090000001
1082.46973	-14441.95561
1081.32422	-14375.1915
1080.17871	-14371.45676
1079.0332	-14093.97958
1077.88672	-13750.01669
1076.74023	-13468.077419999998
1075.59375	-13214.722830000002
1074.44727	-12958.031599999998
1073.30078	-13204.15234
1072.15332	-12814.024680000002
1071.00586	-12489.81694
1069.8584	-11650.67294
1068.70996	-10900.926490000002
1067.56152	-9770.235699999997
1066.41309	-8685.827409999998
1065.26465	-7683.217059999999
1064.11621	-6414.990949999999
1062.9668	-5593.399409999998
1061.81738	-4932.934300000003
1060.66797	-4382.83567
1059.51758	-3883.6515500000005
1058.36816	-3342.861860000001
1057.21777	-3865.7835999999998
1056.06738	-3457.7110699999994
1054.91602	-3514.2933599999997
1053.76465	-3309.0118899999998
1052.61328	-3077.5242100000005
1051.46191	-2469.40088
1050.31055	-2470.0351800000003
1049.1582	-2373.4883400000003
1048.00586	-2352.4537200000004
1046.85352	-2281.43321
1045.7002	-2199.55232
1044.54785	-2254.0380000000005
1043.39453	-2178.2918200000004
1042.24023	-2081.06192
1041.08691	-2103.95678
1039.93262	-2143.43191
1038.77832	-2138.5461700000005
1037.62402	-2274.0476
1036.46973	-2341.50973
1035.31445	-2541.9676799999997
1034.15918	-2721.7384
1033.00391	-2937.7949800000006
1031.84766	-2875.01484
1030.69238	-3238.7083199999997
1029.53613	-3597.03547
1028.37891	-4050.9218499999997
1027.22266	-4868.32999
1026.06543	-5778.401240000001
1024.9082	-7047.079540000001
1023.75098	-7507.73881
1022.59375	-7278.298999999999
1021.43555	-5760.7729500000005
1020.27734	-3923.8493
1019.11914	-3198.8467200000014
1017.95996	-3007.413749999999
1016.80078	-3245.2980099999995
1015.6416	-3898.14731
1014.48242	-3996.3956799999996
1013.32324	-3697.31378
1012.16309	-3556.8415800000002
1011.00293	-2989.0047300000006
1009.84277	-2602.6592699999997
1008.68164	-2123.2557500000003
1007.52051	-1688.7902800000002
1006.35938	-1669.2905699999997
1005.19824	-1736.1236399999998
1004.03711	-1805.8632800000005
1002.875	-2323.9962299999997
1001.71289	-2929.17314
1000.55078	-3862.4544099999994
999.3877	-4409.3649700000005
998.22461	-4159.131879999999
997.06152	-3339.2518699999982
995.89844	-2966.8274600000004
994.73438	-3942.3023300000004
993.57129	-4620.71356
992.40723	-4961.6530999999995
991.24219	-5391.0235
990.07813	-5730.02236
988.91309	-6073.16466
987.74805	-6468.5679
986.58301	-6449.69069
985.41699	-6350.5072
984.25098	-6381.40932
983.08496	-6185.60213
981.91895	-6078.14298
980.75195	-5708.5638
979.58496	-5377.60055
978.41797	-5028.92223
977.25098	-4784.2025699999995
976.08301	-4538.0719
974.91504	-4233.93431
973.74707	-4050.92163
972.5791	-3709.0895900000005
971.41016	-3409.15967
970.24219	-3277.37642
969.07227	-3105.32425
967.90332	-2826.3319
966.7334	-2609.06372
965.56348	-2278.2616900000003
964.39356	-2066.55905
963.22363	-1988.7948299999998
962.05273	-1773.16504
960.88184	-1658.1851800000002
959.71094	-1453.0347000000002
958.54004	-1309.66402
957.36816	-1071.55982
956.19629	-1277.515
955.02441	-1047.60295
953.85156	-1119.8926800000002
952.67969	-1028.26606
951.50684	-957.19253
950.33398	-1072.25044
949.16016	-1170.39946
947.98633	-1129.8097
946.8125	-1088.94674
945.63867	-1137.31205
944.46484	-1071.44734
943.29004	-995.9063799999999
942.11523	-994.3269100000001
940.94043	-928.39305
939.76465	-1009.7477000000001
938.58887	-929.6673800000001
937.41309	-981.77926
936.23731	-877.92838
935.06055	-865.4420600000001
933.88379	-959.1545999999998
932.70703	-913.3252499999999
931.53027	-1033.30691
930.35254	-888.7263599999999
929.17578	-1052.61962
927.99805	-996.6610300000001
926.81934	-873.6392700000001
925.6416	-924.87618
924.46289	-842.04072
923.28418	-816.93983
922.10449	-861.32895
920.92481	-948.31727
919.74609	-959.56612
919.55176	-827.67589
918.38672	-719.61122
917.2207	-866.27445
916.05469	-942.3664600000001
914.8877	-946.94557
913.72168	-820.2739899999999
912.55469	-931.84838
911.3877	-754.97782
910.2207	-817.9782399999999
909.05273	-823.72578
907.88574	-909.71462
906.71777	-775.74463
905.54883	-690.5182
904.38086	-792.91463
903.21191	-834.41873
902.04297	-692.78481
900.87402	-631.71623
899.7041	-666.4042599999999
898.53516	-601.05116
897.36523	-590.94879
896.19434	-519.3066299999999
895.02441	-619.33155
893.85352	-483.14204
892.68262	-592.27289
891.51172	-459.44609
890.34082	-470.43001
889.16895	-449.33345
887.99707	-425.34612000000004
886.8252	-361.08466
885.65332	-219.66872
884.48047	-230.8468
883.30762	-150.4129
882.13477	-78.11910999999999
880.96191	-198.24351000000001
879.78809	-47.44237999999999
878.61426	94.88175
877.44043	26.803910000000002
876.2666	26.64741
875.0918	93.21405
873.91699	269.21236
872.74219	290.95243999999997
871.56738	314.11395000000005
870.3916	397.53851
869.21582	146.2259
868.04004	164.81756
866.86426	23.937099999999994
865.6875	66.57663000000001
864.51074	65.10621
863.33398	-2.2476600000000033
862.15723	84.83772
860.97949	39.65128
859.80273	-144.27159
858.625	-27.285130000000002
857.44629	-59.23356
856.26856	20.39694
855.08984	14.19641
853.91113	-131.03302
852.73145	-74.1521
851.55273	-30.57056
850.37305	-270.33028
849.19336	-222.30251000000004
848.01367	-221.12696
846.83301	-397.57950999999997
845.65234	-269.84648
844.47168	-330.22899000000007
843.29102	-449.97046
842.11035	-430.69910000000004
840.92871	-397.26679000000007
839.74707	-436.98024
838.56445	-552.01529
837.38281	-574.99612
836.2002	-455.14253
835.01758	-586.90318
833.83496	-596.328
832.65137	-470.26406
831.46777	-723.8246199999999
830.28418	-687.70702
829.10059	-722.73205
827.91699	-672.1922000000001
826.73242	-633.49332
825.54785	-737.6792600000001
824.36328	-651.35314
823.17773	-559.81547
821.99219	-633.61011
820.80664	-633.3851700000001
819.62109	-567.4059599999999
818.43457	-677.1908999999999
817.24902	-738.01517
816.0625	-632.4389000000001
814.875	-595.37743
813.68848	-718.59124
812.50098	-692.1323
811.31348	-643.10608
810.12598	-781.7932900000001
808.9375	-745.94235
807.74902	-739.07898
806.56055	-731.83414
805.37207	-767.8291700000001
804.18262	-835.14103
802.99414	-941.8132599999999
801.80371	-933.5044300000001
800.61426	-1008.64425
799.42481	-1055.15666
798.23438	-1013.4951500000001
797.04395	-967.7143300000001
795.85254	-839.8174300000001
794.66211	-935.0482099999999
793.4707	-793.30523
792.2793	-723.84821
791.08789	-716.4872300000001
789.89551	-626.7858100000001
788.70313	-554.24203
787.51074	-597.2054499999999
786.31836	-526.6083
785.125	-539.03625
783.93164	-580.23146
782.73828	-562.2236399999999
781.54492	-594.4358100000001
780.35059	-400.31899
779.15625	-525.34582
777.96191	-533.5458199999999
776.76758	-695.7381
775.57227	-786.3746
774.37695	-884.21488
773.18164	-1079.62846
771.98633	-1150.2881399999999
770.79004	-1075.3219900000001
769.59375	-1121.4059300000001
768.39746	-851.12763
767.20117	-870.01356
766.00391	-786.4712199999999
764.80664	-834.66237
763.60938	-778.7754
762.41211	-883.97804
761.21387	-942.53386
760.01563	-819.83992
758.81738	-813.5506700000001
757.61816	-713.53209
756.41992	-722.0722699999999
755.2207	-761.4087100000002
754.02148	-532.37849
752.82129	-500.1966699999999
751.62109	-404.8592
750.4209	-266.3651100000001
749.2207	-499.61867000000007
748.02051	-461.87288
746.81934	-558.0276899999999
745.61816	-798.43326
744.41699	-753.75255
743.21484	-928.30469
742.0127	-935.9658200000001
740.81055	-955.9717
739.6084	-1148.5296899999998
738.40625	-1113.9644
737.20313	-1133.7471
736.0	-1185.1136800000002
734.7959	-1375.2121300000001
733.59277	-1417.4808699999999
732.38867	-1447.82488
731.18457	-1718.8258099999998
729.97949	-1641.94616
728.77539	-1521.6029600000002
727.57031	-1595.17748
726.36523	-1566.3718999999999
725.16016	-1673.2787
723.9541	-1628.00088
722.74805	-1700.91329
721.54199	-1726.49532
720.33496	-1684.42653
719.12891	-1831.97609
717.92188	-1842.6343399999998
716.71484	-1995.4246500000002
715.50684	-2133.76175
714.29883	-2309.68393
713.09082	-2396.23633
711.88281	-2577.40491
710.67481	-2895.9963700000003
709.46582	-3142.92802
708.25684	-3410.85266
707.04785	-3847.8048
705.83789	-4214.47155
704.62793	-4747.740290000001
703.41797	-5213.6228599999995
702.20801	-5676.73278
700.99805	-6376.75957
699.78711	-7279.38092
698.57617	-7812.40031
697.36426	-8248.59217
696.15332	-8629.09017
694.94141	-9428.538069999999
693.72949	-10016.217980000001
692.5166	-10116.929950000002
691.30469	-10203.99476
690.0918	-10195.50919
688.87891	-9827.8481
687.66504	-9281.34765
686.45117	-8436.87535
685.23731	-7722.881590000001
684.02344	-6956.394220000001
682.80957	-6675.31285
681.59473	-6148.940860000001
680.37988	-5614.90682
679.16504	-5597.80641
677.94922	-5514.91042
676.7334	-5602.48811
675.51758	-5432.7674400000005
674.30176	-5373.29115
673.08496	-4973.47013
671.86914	-4743.429160000001
670.65137	-4027.59151
669.43457	-3568.9941599999997
668.2168	-3099.73216
667.0	-2712.288
665.78125	-2500.29338
664.56348	-2360.90405
663.34473	-2051.8838299999998
662.12598	-1979.5034600000001
660.90723	-1750.5006400000002
659.68848	-1583.03835
658.46875	-1519.70439
657.24902	-1457.02469
656.0293	-1374.11873
654.80859	-1299.4162
653.58789	-1288.53502
652.36719	-1187.21229
651.14648	-1170.84851
649.92481	-1088.82227
648.7041	-1116.43165
647.48242	-1034.7848299999998
646.25977	-925.10088
645.03711	-1053.56393
643.81543	-934.86403
642.5918	-965.8443199999999
641.36914	-952.1994699999999
640.14551	-933.35603
638.92188	-1041.7059
637.69824	-943.0489600000001
636.47461	-969.0210099999999
635.25	-880.1170299999999
634.02539	-766.6221799999998
632.80078	-776.2465
631.5752	-802.6484699999999
630.34961	-762.40805
629.12402	-766.88579
627.89844	-790.8152299999999
626.67188	-684.9734199999999
625.44531	-767.99908
624.21875	-725.5699900000001
622.99219	-815.35721
621.76465	-899.5903500000002
620.53711	-854.20091
619.30957	-696.55187
618.08106	-552.5150799999999
616.85254	-445.6422600000001
615.62402	-491.53217
614.39551	-288.99766000000005
613.16699	-374.07964999999996
611.9375	-378.26088000000004
610.70801	-176.00300000000004
609.47754	-145.21699999999998
608.24805	-140.92995000000002
607.01758	-132.24398999999997
605.78711	-42.203869999999995
604.55566	-99.56599000000001
603.3252	-161.29035
602.09375	33.545339999999996
600.86133	18.66438000000001
599.62988	-28.83529
598.39746	-39.050740000000005
597.16504	-66.89131
595.93262	-176.26265
594.69922	20.870260000000002
593.46582	127.9772
592.23242	221.00195
590.99902	121.07722000000001
589.76465	106.35014000000001
588.53027	203.61753
587.2959	158.99539
586.06152	-96.07991999999999
584.82617	-92.43672000000001
583.59082	-49.853300000000004
582.35547	-81.5205
581.11914	-313.5413
579.88281	-163.52242
578.64648	-45.75662
577.41016	34.57185
