2000.04395	-60.29795
1901.7627	244.12007
1900.78027	-154.60523999999998
1899.79785	-27.22885
1898.81543	-62.74027000000001
1897.83203	-63.655229999999996
1896.84961	-65.12332
1895.86621	-57.652519999999996
1894.88281	-155.46463
1893.89844	38.20603
1892.91504	-57.39174
1891.93066	-104.27757
1890.94727	-148.38756
1889.96289	-42.73964
1888.97754	-83.78497999999999
1887.99316	38.12354
1887.00781	-110.80698
1886.02344	-35.05346
1885.03809	33.492180000000005
1884.05176	46.988510000000005
1883.06641	-95.25685
1882.08106	0.663409999999999
1881.09473	-143.31176
1880.1084	-146.35915
1879.12207	-102.61589000000001
1878.13574	-11.22454
1877.14844	-26.34196
1876.16211	36.79132
1875.17481	-55.39646
1874.1875	-123.91159000000002
1873.19922	-136.20547
1872.21191	-45.013090000000005
1871.22363	-42.40155
1870.23633	54.19417
1869.24805	-42.40745
1868.25879	-72.28337
1867.27051	-41.62607
1866.28223	-1.0049300000000017
1865.29297	-22.26746
1864.30371	15.645
1863.31445	20.46753
1862.32422	16.36539
1861.33496	87.86277
1860.34473	5.120069999999998
1859.35449	3.67483
1858.36426	-15.239730000000002
1857.37402	-208.89561
1856.38379	-16.409870000000005
1855.39258	-28.726889999999997
1854.40137	-80.20512
1853.41016	32.145939999999996
1852.41895	-37.15213
1851.42676	-153.02279
1850.43555	-213.79239
1849.44336	-137.35943
1848.45117	-61.76389999999999
1847.45898	-96.69726
1846.4668	-119.73088000000001
1845.47363	27.58557
1844.48047	-50.039320000000004
1843.48731	-124.72722
1842.49414	-114.67447
1841.50098	-27.144840000000002
1840.50684	-152.12180999999998
1839.51367	-31.489089999999997
1838.51953	-117.61430999999999
1837.52539	-168.46319
1836.53027	-35.924949999999995
1835.53613	-201.13303
1834.54102	-158.07389
1833.5459	-18.900599999999997
1832.55078	-27.533969999999997
1831.55566	-133.90401
1830.56055	-15.391949999999994
1829.56445	-83.65709
1828.56836	-169.51876
1827.57227	-190.08153
1826.57617	-199.25074
1825.58008	-84.30539999999999
1824.58301	94.73526
1823.58594	-122.49412999999998
1822.58887	71.39022
1821.5918	-24.74727
1820.59473	-103.59646000000001
1819.59668	-97.43532000000002
1818.59961	-137.40165000000002
1817.60156	-105.24996000000002
1816.60352	-35.41310999999999
1815.60449	-165.13217
1814.60645	-99.80311999999999
1813.60742	-148.67617
1812.6084	-154.8616
1811.60938	-141.8742
1810.61035	-91.46202
1809.61035	-215.8081
1808.61133	-224.88281
1807.61133	-98.32727
1806.61133	-20.454009999999997
1805.61035	-143.06763999999998
1804.61035	-39.09177000000001
1803.60938	-149.43576
1802.6084	-111.43164
1801.60742	-62.996080000000006
1800.60645	-115.46129
1799.60547	-209.32081
1798.60352	-82.71266999999999
1797.60156	-37.89421999999999
1796.59961	-110.38102
1795.59766	-61.83535000000002
1794.5957	-93.26904
1793.59277	84.69291
1792.58984	-83.00121000000001
1791.58789	12.395589999999999
1790.58398	-106.86533
1789.58106	-37.22519
1788.57715	-152.4862
1787.57422	-93.20597
1786.57031	-115.95131
1785.56641	-49.51168
1784.56152	27.31155
1783.55762	-32.15396
1782.55273	60.25249000000001
1781.54785	41.93579999999999
1780.54297	-42.944610000000004
1779.53809	-60.98017
1778.53223	-9.18189
1777.52734	-32.79696999999999
1776.52148	-45.14559999999999
1775.51563	-148.18197
1774.50879	-40.393910000000005
1773.50293	-1.50623
1772.49609	-175.45425
1771.48926	-68.09776
1770.48242	-85.70026
1769.47559	-93.35552000000001
1768.46777	-147.57695999999999
1767.46094	-26.86014
1766.45313	-67.88219999999998
1765.44531	-134.95497
1764.4375	-36.239729999999994
1763.42871	-118.33494000000002
1762.4209	-68.52864
1761.41211	-171.66391000000002
1760.40332	-98.99712
1759.39356	-202.0436
1758.38477	-148.09197
1757.375	-68.73937
1756.36621	-50.521240000000006
1755.35645	-90.38238
1754.3457	6.186329999999998
1753.33594	-107.62424999999999
1752.3252	-142.65762
1751.31543	-157.88685
1750.30469	71.75759
1749.29297	131.11754
1748.28223	-39.66501
1747.27051	-26.883039999999998
1746.25977	-15.385089999999998
1745.24805	-26.62806
1744.23535	-18.3031
1743.22363	-11.685749999999999
1742.21191	-97.34168
1741.19922	120.92365
1740.18652	97.32611
1739.17383	115.58699
1738.16016	65.66479000000001
1737.14746	48.158280000000005
1736.13379	-47.35357
1735.12012	-29.63039
1734.10645	57.758939999999996
1733.0918	-14.49197
1732.07813	-60.98424
1731.06348	-104.43584999999999
1730.04883	-25.358710000000002
1729.03418	-109.6471
1728.01953	-103.97560999999999
1727.00391	-112.18449
1725.98828	5.234990000000003
1724.97266	-110.76924
1723.95703	-4.039900000000003
1722.94141	-129.79011
1721.92481	-84.40330999999999
1720.90918	-185.88134
1719.89258	-289.6413
1718.87598	-253.79158
1717.8584	-170.06312999999997
1716.8418	-136.12337000000002
1715.82422	-284.76288
1714.80664	-322.92226
1713.78906	-232.09463
1712.77051	-202.95342
1711.75293	-395.10231
1710.73438	-327.05406999999997
1709.71582	-406.83196999999996
1708.69727	-368.60900000000004
1707.67871	-513.54234
1706.65918	-390.17943999999994
1705.64063	-365.10185
1704.62109	-393.91859
1703.60059	-483.84386
1702.58106	-502.97882999999996
1701.56152	-411.10066
1700.54102	-347.33415
1699.52051	-488.38362
1698.5	-358.7799
1697.47852	-406.27112
1696.45801	-395.40477999999996
1695.43652	-421.74033999999995
1694.41504	-380.59822
1693.39356	-495.96433
1692.37207	-462.84000000000003
1691.34961	-637.38145
1690.32715	-582.4843000000001
1689.30469	-703.31417
1688.28223	-559.54148
1687.25977	-657.5357200000001
1686.23633	-753.95111
1685.21387	-658.77144
1684.19043	-774.40081
1683.16602	-685.95759
1682.14258	-661.397
1681.11914	-679.0324499999999
1680.09473	-787.4123800000001
1679.07031	-831.0252899999999
1678.0459	-882.00005
1677.02051	-925.4880199999999
1675.99609	-902.7960199999999
1674.9707	-931.77717
1673.94531	-971.3046399999998
1672.91992	-928.9955199999999
1671.89356	-1054.6255099999998
1670.86816	-907.41839
1669.8418	-1152.76348
1668.81543	-1005.9242099999999
1667.78906	-989.6895199999999
1666.76172	-956.91134
1665.73535	-1172.69705
1664.70801	-1105.12134
1663.68066	-1105.20642
1662.65332	-1322.3993500000001
1661.625	-1399.3056100000001
1660.59766	-1345.73236
1659.56934	-1362.92395
1658.54102	-1332.73932
1657.5127	-1370.1311
1656.4834	-1468.69641
1655.45508	-1527.70768
1654.42578	-1534.49383
1653.39648	-1387.57568
1652.36621	-1510.5775199999998
1651.33691	-1602.26838
1650.30664	-1799.3536100000001
1649.27637	-1876.73056
1648.24609	-1936.32436
1647.21582	-2025.7883399999998
1646.18555	-2078.5019
1645.1543	-2192.68
1644.12305	-2277.90191
1643.0918	-2315.44409
1642.06055	-2516.1603
1641.02832	-2600.7113799999997
1639.99707	-2678.04591
1638.96484	-2793.1902400000004
1637.93164	-2616.52777
1636.89941	-2655.59086
1635.86719	-2957.1495600000003
1634.83398	-2857.42221
1633.80078	-3026.2452300000004
1632.76758	-3173.30329
1631.73438	-3288.5204300000005
1630.7002	-3343.53395
1629.66602	-3412.77053
1628.63184	-3568.71109
1627.59766	-3626.2455
1626.56348	-3889.32043
1625.52832	-4023.95365
1624.49316	-4062.55232
1623.45801	-4249.067669999999
1622.42285	-4364.7529
1621.3877	-4446.15402
1620.35156	-4605.51104
1619.31543	-4673.53501
1618.2793	-4902.746660000001
1617.24316	-4902.47252
1616.20703	-5171.716420000001
1615.16992	-5402.0374600000005
1614.13281	-5446.59349
1613.0957	-5661.40928
1612.05859	-5860.39772
1611.02051	-6074.54206
1609.9834	-6354.53804
1608.94531	-6498.31577
1607.90723	-6858.1866899999995
1606.86816	-7173.931880000001
1605.83008	-7518.410110000001
1604.79102	-7798.7005500000005
1603.75195	-8274.379860000001
1602.71289	-8821.1381
1601.67383	-9641.914420000001
1600.63379	-10466.08449
1599.59473	-11036.25014
1598.55469	-12182.54781
1597.51367	-12763.14489
1596.47363	-14167.352310000002
1595.43359	-15204.75373
1594.39258	-16324.378069999999
1593.35156	-17588.1744
1592.31055	-18712.68759
1591.26856	-20184.29235
1590.22754	-21077.304949999998
1589.18555	-22229.99237
1588.14356	-23058.806819999998
1587.10059	-23804.903229999996
1586.05859	-24381.657939999997
1585.01563	-24191.70712
1583.97266	-24107.84437
1582.92969	-23975.662640000002
1581.88672	-23285.15438
1580.84375	-22761.2642
1579.79981	-22600.401990000002
1578.75586	-22472.275029999997
1577.71191	-21962.74249
1576.66699	-22267.30478
1575.62305	-22428.85289
1574.57813	-23909.73358
1573.5332	-25311.835929999997
1572.48828	-26236.867449999998
1571.44336	-26537.1131
1570.39746	-26200.031250000004
1569.35156	-25234.3347
1568.30566	-23811.146350000003
1567.25977	-21532.61168
1566.21387	-20000.84246
1565.16699	-18442.67782
1564.12012	-16899.236859999997
1563.07324	-15282.721060000002
1562.02637	-14200.088780000002
1560.97852	-13208.93936
1559.93066	-12696.664550000001
1558.88379	-11926.64165
1557.83496	-11200.42851
1556.78711	-10609.87713
1555.73926	-10366.899969999999
1554.69043	-10100.3843
1553.6416	-9924.718840000001
1552.59277	-9623.40304
1551.54297	-9714.83229
1550.49414	-9481.18866
1549.44434	-9649.833320000002
1548.39453	-9737.70998
1547.34473	-9745.068369999999
1546.29395	-9931.79012
1545.24414	-10053.510769999999
1544.19336	-9858.166159999999
1543.14258	-9866.56353
1542.09082	-9686.43694
1541.04004	-9477.47401
1539.98828	-9110.724020000001
1538.93652	-8721.41694
1537.88477	-8394.04025
1536.83301	-8339.61956
1535.78027	-8024.86238
1534.72754	-7451.187639999999
1533.67481	-7288.6835200000005
1532.62207	-7125.4411199999995
1531.56934	-6934.6485999999995
1530.51563	-6509.21783
1529.46191	-6162.13629
1528.4082	-6041.00238
1527.35449	-5866.7612
1526.29981	-5556.786
1525.24609	-5242.651440000001
1524.19141	-4769.40974
1523.13672	-4616.48876
1522.08106	-4501.75508
1521.02637	-4338.31369
1519.9707	-4084.8015100000002
1518.91504	-3910.8780199999997
1517.85938	-3797.3578899999998
1516.80273	-3578.16922
1515.74707	-3455.79323
1514.69043	-3168.15936
1513.63379	-3244.00818
1512.57715	-3059.41453
1511.51953	-2959.82033
1510.46191	-2872.6461499999996
1509.40527	-2650.37759
1508.34668	-2753.81124
1507.28906	-2594.3932800000002
1506.23145	-2522.97346
1505.17285	-2595.33795
1504.11426	-2395.7777899999996
1503.05566	-2320.91552
1501.99609	-2520.44161
1500.9375	-2419.6572100000003
1499.87793	-2163.30784
1498.81836	-2085.31121
1497.75781	-2227.57372
1496.69824	-2126.97875
1495.6377	-2043.0789300000001
1494.57715	-2154.13039
1493.5166	-2055.45183
1492.45606	-2134.44866
1491.39453	-2028.9864599999999
1490.33301	-2111.78026
1489.27148	-2008.3630500000002
1488.20996	-2306.77081
1487.14844	-2171.7995
1486.08594	-2074.7947700000004
1485.02344	-2315.36416
1483.96094	-2306.86883
1482.89844	-2243.26914
1481.83496	-2195.12169
1480.77246	-2209.2055100000002
1479.70898	-2154.5548
1478.64453	-2232.39285
1477.58106	-2583.72919
1476.51758	-2884.8600100000003
1475.45313	-3153.6711099999998
1474.38867	-3423.22963
1473.32324	-3569.58136
1472.25879	-3615.7875599999998
1471.19336	-3613.33441
1470.12793	-3165.55436
1469.0625	-3198.80459
1467.99707	-3061.16101
1466.93066	-2810.67458
1465.86523	-2655.19564
1464.79883	-2623.0768000000003
1463.73145	-2756.03533
1462.66504	-2690.67001
1461.59766	-2727.5491500000003
1460.53027	-2638.66126
1459.46289	-2721.0984799999997
1458.39551	-2393.13668
1457.32715	-2435.0638200000003
1456.25977	-2254.7594900000004
1455.19141	-2048.36547
1454.12305	-1695.01624
1453.05371	-1596.5466999999999
1451.98535	-1399.39457
1450.91602	-1235.52138
1449.84668	-1018.93499
1448.77637	-1039.04119
1447.70703	-867.31737
1446.63672	-932.2253700000001
1445.56641	-778.67912
1444.49609	-755.0286699999999
1443.42578	-631.73975
1442.35449	-623.6851
1441.2832	-668.9039700000001
1440.21191	-609.38239
1439.14063	-692.1050700000001
1438.06934	-706.04482
1436.99707	-682.85373
1435.92481	-775.29282
1434.85254	-634.4955199999999
1433.78027	-661.57259
1432.70703	-544.16736
1431.63379	-717.33822
1430.56055	-674.4023
1429.48731	-387.11631
1428.41309	-489.18584
1427.33984	-537.06131
1426.26563	-414.64149999999995
1425.19141	-423.82903999999996
1424.11621	-344.87984
1423.04199	-313.61503000000005
1421.9668	-371.54303999999996
1420.8916	-369.54169
1419.81641	-389.45247
1418.74023	-441.81789999999995
1417.66504	-422.46466
1416.58887	-398.93282
1415.5127	-611.51091
1414.43555	-738.15175
1413.35938	-634.60572
1412.28223	-744.83115
1411.20508	-503.73361000000006
1410.12793	-776.1945900000001
1409.04981	-891.6925200000001
1407.97266	-960.4778299999999
1406.89453	-926.27855
1405.81641	-1106.2723700000001
1404.73731	-1097.5666899999999
1403.65918	-1075.5776
1402.58008	-1020.9571199999999
1401.50098	-1051.23534
1400.42188	-899.79773
1399.3418	-884.77653
1398.2627	-741.93355
1397.18262	-671.77512
1396.10254	-629.84745
1395.02148	-541.8997099999999
1393.94141	-446.38595
1392.86035	-522.98027
1391.7793	-395.31569
1390.69824	-319.4853
1389.61621	-291.99533
1388.53516	-465.14633000000003
1387.45313	-539.48803
1386.37109	-298.25523
1385.28809	-209.52353000000002
1384.20606	-335.59276
1383.12305	-232.12896999999998
1382.04004	-150.36140999999998
1380.95703	-275.85523
1379.87305	-200.21760999999998
1378.78906	-133.69142000000002
1377.70508	-441.43048999999996
1376.62109	-276.64819
1375.53711	-237.77388000000002
1374.45215	-215.56472000000002
1373.36719	-57.13407999999998
1372.28223	-135.92184999999995
1371.19727	-184.96532999999994
1370.11231	-141.06276000000003
1369.02637	-164.73168
1367.94043	-168.79694
1366.85449	-210.94856
1365.76758	-142.14382999999998
1364.68164	-127.34546999999998
1363.59473	-123.54216000000002
1362.50781	-152.86578
1361.41992	-150.15132
1360.33301	-121.52181999999999
1359.24512	-153.73299000000003
1358.15723	-107.24897
1357.06934	-48.982060000000004
1355.98145	-12.51641
1354.89258	-100.80408
1353.80371	-49.18606
1352.71484	-120.68069
1351.625	87.32926
1350.53613	-62.52288
1349.44629	-139.46810000000002
1348.35645	-245.82765
1347.2666	-272.31161
1346.17578	-140.65734
1345.08594	-71.78417
1343.99512	-203.76126000000002
1342.90332	-287.41099
1341.8125	-418.26368
1340.7207	-146.5101
1339.62988	-120.48603
1338.53809	-198.65409999999997
1337.44531	-276.23494
1336.35352	-245.78145999999998
1335.26074	-170.16579
1334.16797	-217.67311
1333.0752	-174.93365
1331.98145	-274.27461
1330.88867	-264.72961
1329.79492	-339.98779
1328.70117	-185.71327999999997
1327.60645	-156.83087999999998
1326.5127	-155.23505
1325.41797	-338.52518
1324.32324	-269.72560999999996
1323.22754	-270.03499
1322.13281	-451.05888
1321.03711	-359.63028
1319.94141	-440.69475
1318.8457	-640.46567
1317.75	-650.40844
1316.65332	-758.37381
1315.55664	-757.6829799999999
1314.45996	-900.35248
1313.36328	-878.0061099999999
1312.26563	-989.30837
1311.16797	-837.66281
1310.07031	-947.6572700000002
1308.97266	-1014.5494100000001
1307.87402	-1021.79175
1306.77637	-1004.90157
1305.67773	-1016.9999
1304.5791	-1080.60855
1303.47949	-996.73435
1302.38086	-1088.84252
1301.28125	-1197.9698899999999
1300.18164	-1402.2913899999999
1299.08106	-1373.5103
1297.98145	-1463.43991
1296.88086	-1754.8017799999998
1295.78027	-1837.45826
1294.67969	-1969.4513299999999
1293.57813	-2090.8541
1292.47656	-2227.1510200000002
1291.375	-2352.56942
1290.27344	-2563.9791999999998
1289.17188	-2648.0648900000006
1288.06934	-2702.4766400000003
1286.9668	-2672.61128
1285.86426	-2711.5218999999997
1284.76172	-2622.99518
1283.6582	-2689.9111999999996
1282.55469	-2815.7754800000002
1281.45117	-2692.20512
1280.34766	-2515.0107700000003
1279.24414	-2437.4613
1278.13965	-2247.47361
1277.03516	-2231.66103
1275.93066	-1808.9039599999999
1274.8252	-1630.62824
1273.7207	-1402.1903000000002
1272.61523	-1434.26183
1271.50879	-1363.0391200000001
1270.40332	-1417.35342
1269.29785	-1152.7328200000002
1268.19141	-1154.5826900000002
1267.08496	-1057.80518
1265.97754	-945.46793
1264.87109	-1004.7492299999999
1263.76367	-985.7352899999998
1262.65625	-851.3092300000001
1261.54883	-878.53549
1260.44043	-941.55574
1259.33301	-899.92442
1258.22461	-854.1752
1257.11523	-957.42207
1256.00684	-929.08028
1254.89746	-931.05101
1253.78809	-978.03449
1252.67871	-910.51598
1251.56934	-849.2934600000001
1250.45898	-683.80059
1249.34961	-725.99429
1248.23926	-667.4104900000001
1247.12793	-502.88820000000004
1246.01758	-612.63428
1244.90625	-507.61848000000003
1243.79492	-570.04425
1242.68359	-529.19186
1241.57129	-485.9056800000001
1240.45996	-359.37094
1239.34766	-415.63919999999996
1238.23438	-328.86570000000006
1237.12207	-427.30916
1236.00879	-428.53371000000004
1234.89648	-483.67544000000004
1233.78223	-517.95853
1232.66895	-608.48795
1231.55566	-564.43119
1230.44141	-464.59837000000005
1229.32715	-504.24699000000004
1228.21191	-524.56141
1227.09766	-510.58084
1225.98242	-599.10704
1224.86719	-512.51269
1223.75195	-446.86118
1222.63574	-429.80574
1221.52051	-420.87976000000003
1220.4043	-460.00554
1219.28711	-373.9554
1218.1709	-276.57525
1217.05371	-333.24825
1215.93652	-363.63951000000003
1214.81934	-473.22655000000003
1213.70215	-457.50145000000003
1212.58398	-598.6282900000001
1211.46582	-585.55313
1210.34766	-636.15019
1209.22949	-669.1087399999999
1208.11035	-726.8867399999999
1206.99219	-808.9370299999999
1205.87305	-939.87512
1204.75293	-1059.59207
1203.63379	-1146.7935200000002
1202.51367	-1306.02816
1201.39356	-1602.5070899999998
1200.27344	-1774.4554899999998
1199.15234	-1898.29043
1198.03223	-2240.22191
1196.91113	-2479.93868
1195.79004	-2891.0488600000003
1194.66797	-3285.7208499999997
1193.5459	-3581.72447
1192.42481	-3809.8256899999997
1191.30176	-4086.42602
1190.17969	-4324.49301
1189.05664	-4672.01398
1187.93359	-4835.6947199999995
1186.81055	-4824.749900000001
1185.6875	-4858.97919
1184.56348	-4897.41593
1183.44043	-4897.83976
1182.31641	-4854.31236
1181.19141	-4647.29065
1180.06738	-4228.524759999999
1178.94238	-3806.1513999999997
1177.81738	-3295.46594
1176.69238	-2781.5762600000003
1175.56641	-2365.6541399999996
1174.44043	-1923.4857499999998
1173.31445	-1526.94123
1172.18848	-1409.62041
1171.0625	-1284.6504100000002
1169.93555	-1244.7612299999998
1168.80859	-1019.46569
1167.68164	-1065.8746099999998
1166.55371	-1007.7325900000001
1165.42676	-798.9939499999999
1164.29883	-748.77522
1163.1709	-718.54194
1162.04199	-684.82496
1160.91406	-725.59458
1159.78516	-619.0826000000001
1158.65625	-562.54312
1157.52637	-440.95453
1156.39746	-294.45984
1155.26758	-215.31673999999998
1154.1377	-135.89912999999999
1153.00684	-72.63665
1151.87695	-60.180289999999985
1150.74609	-136.75952
1149.61523	-49.80595
1148.48438	75.94660999999999
1147.35254	108.7131
1146.2207	111.93149
1145.08887	91.37102
1143.95703	30.78271
1142.8252	51.59434
1141.69238	22.012050000000002
1140.55957	64.30792
1139.42676	-102.54689
1138.29297	-158.69257
1137.15918	-192.14019000000002
1136.02539	-139.6147
1134.8916	-320.18111
1133.75781	-490.12955999999997
1132.62305	-473.29784000000006
1131.48828	-654.9101
1130.35352	-908.0691100000001
1129.21777	-960.0832600000001
1128.08301	-1114.41456
1126.94727	-1054.7058100000002
1125.81152	-1236.05385
1124.67481	-1295.89554
1123.53906	-1260.08212
1122.40234	-1399.79018
1121.26563	-1439.3457400000002
1120.12793	-1503.7088899999999
1118.99023	-1613.71358
1117.85352	-1799.2883800000002
1116.71484	-2084.46592
1115.57715	-2273.39093
1114.43945	-2336.3868300000004
1113.30078	-2467.0855899999997
1112.16211	-2791.12276
1111.02246	-2883.91498
1109.88379	-3089.2811199999996
1108.74414	-3152.3624099999997
1107.60449	-3259.4839
1106.46387	-3495.82031
1105.32422	-3589.2237499999997
1104.18359	-3711.63198
1103.04297	-4037.67744
1101.90234	-4381.30864
1100.76074	-4776.03756
1099.61914	-5113.34664
1098.47754	-5347.49329
1097.33594	-6055.65778
1096.19336	-6822.503930000001
1095.05176	-7586.9272900000005
1093.90918	-8392.280869999999
1092.76563	-9503.45131
1091.62305	-10689.163369999998
1090.47949	-11988.83108
1089.33594	-13395.21027
1088.19238	-14568.06454
1087.04785	-16078.36102
1085.90332	-17202.80487
1084.75879	-18526.53715
1083.61426	-19522.99942
1082.46973	-20527.59184
1081.32422	-21629.63144
1080.17871	-22744.195529999997
1079.0332	-23784.77841
1077.88672	-24652.954190000004
1076.74023	-25727.425069999998
1075.59375	-27100.67986
1074.44727	-27949.44371
1073.30078	-28895.47265
1072.15332	-29166.39675
1071.00586	-28831.200730000004
1069.8584	-27981.0372
1068.70996	-26927.745830000003
1067.56152	-24700.91637
1066.41309	-22488.894800000002
1065.26465	-19959.157489999998
1064.11621	-17251.79954
1062.9668	-14966.914549999998
1061.81738	-12820.119850000003
1060.66797	-11000.314180000001
1059.51758	-9538.0263
1058.36816	-8202.4102
1057.21777	-7782.899079999999
1056.06738	-6969.6253799999995
1054.91602	-6537.363429999999
1053.76465	-6060.851129999999
1052.61328	-5695.358200000001
1051.46191	-4665.09082
1050.31055	-4530.96914
1049.1582	-4269.430850000001
1048.00586	-3977.06566
1046.85352	-3804.8367800000005
1045.7002	-3505.5225899999996
1044.54785	-3325.93942
1043.39453	-3160.87959
1042.24023	-3067.48575
1041.08691	-3086.92889
1039.93262	-2973.3346199999996
1038.77832	-3185.43179
1037.62402	-3102.55572
1036.46973	-3138.69924
1035.31445	-3401.08761
1034.15918	-3580.6645500000004
1033.00391	-3665.8567500000004
1031.84766	-3763.52192
1030.69238	-3951.15357
1029.53613	-4314.92621
1028.37891	-4987.62339
1027.22266	-5851.065710000001
1026.06543	-7056.37658
1024.9082	-9152.63643
1023.75098	-10773.22856
1022.59375	-12032.79558
1021.43555	-11699.92969
1020.27734	-10174.58856
1019.11914	-8372.07133
1017.95996	-6681.214779999999
1016.80078	-5633.88639
1015.6416	-5449.540129999999
1014.48242	-5353.87371
1013.32324	-5400.09076
1012.16309	-5275.61086
1011.00293	-5000.0804100000005
1009.84277	-4609.413909999999
1008.68164	-3883.7038700000003
1007.52051	-3383.73877
1006.35938	-2988.3987199999997
1005.19824	-2987.9753299999998
1004.03711	-3066.4731500000003
1002.875	-3815.56178
1001.71289	-5366.81779
1000.55078	-8289.75543
999.3877	-11401.966049999999
998.22461	-12997.9644
997.06152	-11369.171299999998
995.89844	-8322.810860000001
994.73438	-6569.532800000001
993.57129	-5619.54681
992.40723	-5479.78213
991.24219	-5634.90009
990.07813	-5566.333640000001
988.91309	-5662.503650000001
987.74805	-5972.394200000001
986.58301	-6001.90785
985.41699	-6104.67028
984.25098	-5907.67983
983.08496	-5574.16707
981.91895	-5377.340609999999
980.75195	-5138.11538
979.58496	-4697.269130000001
978.41797	-4535.41136
977.25098	-4184.625599999999
976.08301	-3873.89502
974.91504	-3613.5084699999998
973.74707	-3450.73013
972.5791	-3227.60485
971.41016	-2939.67185
970.24219	-2777.9002600000003
969.07227	-2633.31189
967.90332	-2344.7286000000004
966.7334	-2156.95132
965.56348	-1939.24942
964.39356	-1835.58297
963.22363	-1693.7999599999998
962.05273	-1589.6883500000001
960.88184	-1442.3106900000002
959.71094	-1323.95691
958.54004	-1222.1039899999998
957.36816	-1004.37552
956.19629	-1070.19519
955.02441	-974.1640699999998
953.85156	-969.7272600000001
952.67969	-886.7475200000001
951.50684	-881.1580600000001
950.33398	-923.2090800000001
949.16016	-975.8407900000001
947.98633	-945.70267
946.8125	-981.51718
945.63867	-1050.61364
944.46484	-1055.9368
943.29004	-1026.39067
942.11523	-933.8289400000001
940.94043	-848.15791
939.76465	-881.5856200000001
938.58887	-923.50162
937.41309	-836.13734
936.23731	-794.3975499999999
935.06055	-786.1304500000001
933.88379	-801.4740599999999
932.70703	-876.1611399999999
931.53027	-795.2559900000001
930.35254	-819.4569099999999
929.17578	-892.60519
927.99805	-834.36021
926.81934	-786.3858600000001
925.6416	-803.8520599999999
924.46289	-774.88862
923.28418	-780.93244
922.10449	-727.97223
920.92481	-807.79684
919.74609	-819.90924
919.55176	-823.01737
918.38672	-685.53279
917.2207	-648.9982399999999
916.05469	-832.79629
914.8877	-809.01925
913.72168	-694.64924
912.55469	-737.0299500000001
911.3877	-745.4662699999999
910.2207	-844.51171
909.05273	-715.0136699999999
907.88574	-766.37522
906.71777	-723.45361
905.54883	-768.92558
904.38086	-762.19143
903.21191	-658.59863
902.04297	-565.85989
900.87402	-673.4401600000001
899.7041	-625.51357
898.53516	-584.38216
897.36523	-461.06185999999997
896.19434	-415.78788
895.02441	-586.11493
893.85352	-583.5591000000001
892.68262	-458.69419999999997
891.51172	-416.9475
890.34082	-328.37701
889.16895	-436.54269
887.99707	-359.07851000000005
886.8252	-226.31981
885.65332	-250.32892
884.48047	-201.51221999999999
883.30762	-52.556250000000006
882.13477	-93.01174
880.96191	-56.42307
879.78809	61.31824
878.61426	93.68078
877.44043	99.04783
876.2666	81.08729
875.0918	129.59158
873.91699	-14.026490000000003
872.74219	74.70685
871.56738	33.8308
870.3916	44.1575
869.21582	-126.53835000000001
868.04004	-36.08786
866.86426	27.529639999999993
865.6875	-33.518980000000006
864.51074	48.76061
863.33398	14.842509999999997
862.15723	53.5227
860.97949	-12.83905
859.80273	-71.16754
858.625	-60.18387
857.44629	-102.53032
856.26856	-69.91276
855.08984	-31.673270000000002
853.91113	-178.2098
852.73145	-114.48473
851.55273	-37.17058
850.37305	-236.61879
849.19336	-236.87586000000002
848.01367	-218.80205
846.83301	-353.59959
845.65234	-334.42983
844.47168	-412.8661400000001
843.29102	-439.90093
842.11035	-474.27937
840.92871	-452.89741000000004
839.74707	-521.85005
838.56445	-760.2235
837.38281	-623.02178
836.2002	-756.78102
835.01758	-706.5298600000001
833.83496	-810.77301
832.65137	-823.40194
831.46777	-971.21143
830.28418	-1000.33324
829.10059	-978.36291
827.91699	-998.91474
826.73242	-1060.09861
825.54785	-1034.8270300000001
824.36328	-1058.53743
823.17773	-978.62336
821.99219	-959.9419599999999
820.80664	-964.73765
819.62109	-950.88768
818.43457	-964.70927
817.24902	-1023.4383700000001
816.0625	-964.3763600000001
814.875	-848.3622300000001
813.68848	-969.40502
812.50098	-837.2190599999999
811.31348	-815.63588
810.12598	-872.1532
808.9375	-868.5637700000001
807.74902	-790.65462
806.56055	-852.64922
805.37207	-949.8026500000001
804.18262	-903.0247599999999
802.99414	-895.35935
801.80371	-926.3521800000001
800.61426	-930.24431
799.42481	-956.70721
798.23438	-953.44793
797.04395	-939.0175800000001
795.85254	-795.3982500000001
794.66211	-797.9063799999999
793.4707	-645.9552600000001
792.2793	-646.20268
791.08789	-622.98932
789.89551	-628.49348
788.70313	-570.35071
787.51074	-571.8150499999999
786.31836	-526.36995
785.125	-529.7690699999999
783.93164	-655.38427
782.73828	-435.1756
781.54492	-572.7036800000001
780.35059	-480.24728999999996
779.15625	-509.37309
777.96191	-573.0009699999999
776.76758	-726.0609900000001
775.57227	-810.39292
774.37695	-824.3235
773.18164	-1015.9485699999999
771.98633	-1082.31061
770.79004	-1135.36104
769.59375	-1093.9743
768.39746	-902.74774
767.20117	-900.86246
766.00391	-1000.4115999999999
764.80664	-978.93015
763.60938	-866.66477
762.41211	-879.84354
761.21387	-1010.9785300000001
760.01563	-893.50507
758.81738	-904.7203000000001
757.61816	-790.6108
756.41992	-904.6961499999999
755.2207	-873.3379900000001
754.02148	-811.37863
752.82129	-817.7625899999999
751.62109	-799.03801
750.4209	-777.78937
749.2207	-868.0944700000001
748.02051	-885.054
746.81934	-949.90327
745.61816	-1140.38093
744.41699	-1165.35641
743.21484	-1406.27128
742.0127	-1451.2541500000002
740.81055	-1538.40963
739.6084	-1727.70828
738.40625	-1748.28054
737.20313	-1813.20783
736.0	-1902.29916
734.7959	-2030.27213
733.59277	-2054.90442
732.38867	-2060.63245
731.18457	-2251.82447
729.97949	-2124.73141
728.77539	-1836.1055700000002
727.57031	-1784.8697300000001
726.36523	-1715.99905
725.16016	-1804.7942500000001
723.9541	-1847.43604
722.74805	-1864.36281
721.54199	-1896.2334600000002
720.33496	-1937.74907
719.12891	-1907.04105
717.92188	-1994.8754299999998
716.71484	-2137.8881300000003
715.50684	-2254.66617
714.29883	-2262.71257
713.09082	-2435.6554
711.88281	-2499.76504
710.67481	-2751.7097400000002
709.46582	-3017.58799
708.25684	-3300.9420200000004
707.04785	-3717.00982
705.83789	-4008.2813100000003
704.62793	-4429.208130000001
703.41797	-4998.35626
702.20801	-5370.47729
700.99805	-5874.32732
699.78711	-6587.04059
698.57617	-7210.67753
697.36426	-7493.9668
696.15332	-7912.92001
694.94141	-8977.528549999999
693.72949	-9948.77047
692.5166	-10304.27737
691.30469	-10559.78627
690.0918	-10783.9213
688.87891	-10433.324669999998
687.66504	-9797.1394
686.45117	-9074.15367
685.23731	-8067.015380000001
684.02344	-7396.062190000001
682.80957	-6866.77098
681.59473	-6385.04218
680.37988	-5985.891430000001
679.16504	-6022.67579
677.94922	-5850.883629999999
676.7334	-5776.0486
675.51758	-5676.79508
674.30176	-5452.06584
673.08496	-5094.9741300000005
671.86914	-4799.34075
670.65137	-4270.29527
669.43457	-3849.6141799999996
668.2168	-3437.3250399999997
667.0	-3026.49086
665.78125	-2649.2660499999997
664.56348	-2616.07194
663.34473	-2194.42397
662.12598	-2238.38823
660.90723	-2001.36794
659.68848	-1898.39551
658.46875	-1801.7908
657.24902	-1763.67421
656.0293	-1661.77387
654.80859	-1552.32792
653.58789	-1443.52224
652.36719	-1430.3015699999999
651.14648	-1362.45702
649.92481	-1317.01019
648.7041	-1266.96826
647.48242	-1247.3477699999999
646.25977	-1256.0547299999998
645.03711	-1232.01705
643.81543	-1177.31863
642.5918	-1125.0489499999999
641.36914	-1217.9905999999999
640.14551	-1128.2788600000001
638.92188	-1233.14958
637.69824	-1231.20335
636.47461	-1186.51299
635.25	-1191.114
634.02539	-1008.2240699999999
632.80078	-997.95443
631.5752	-1104.5881599999998
630.34961	-1045.68853
629.12402	-1106.91103
627.89844	-1132.5921099999998
626.67188	-967.8918299999999
625.44531	-1037.67784
624.21875	-917.3347000000001
622.99219	-1054.43933
621.76465	-1051.1709400000002
620.53711	-1085.3273100000001
619.30957	-815.87004
618.08106	-743.7271999999999
616.85254	-763.3151600000001
615.62402	-653.96132
614.39551	-640.14628
613.16699	-534.37951
611.9375	-588.80591
610.70801	-404.20001
609.47754	-389.71151999999995
608.24805	-366.48621
607.01758	-283.72306
605.78711	-209.63962999999998
604.55566	-148.68719000000002
603.3252	-144.7361
602.09375	-123.04769
600.86133	-121.12484
599.62988	-67.98513
598.39746	-74.63979
597.16504	-201.04548
595.93262	-273.37586
594.69922	-167.88169
593.46582	-64.19035
592.23242	-38.28147
590.99902	-136.66521
589.76465	-116.83384
588.53027	-56.18379
587.2959	-169.83066
586.06152	-113.93441999999999
584.82617	-43.47247
583.59082	-84.29077000000001
582.35547	-99.11462
581.11914	-259.8685
579.88281	-143.65405
578.64648	-103.63031
577.41016	-63.090430000000005
