#X		#Y		#Wave		#Intensity
-7262.145426	3836.218333	1999.946289	33.147213
-7262.145426	3836.218333	1998.981445	-169.975494
-7262.145426	3836.218333	1998.017578	-97.883148
-7262.145426	3836.218333	1997.052734	48.209175
-7262.145426	3836.218333	1996.088867	151.814789
-7262.145426	3836.218333	1995.124023	-52.088722
-7262.145426	3836.218333	1994.159180	-28.348516
-7262.145426	3836.218333	1993.193359	-34.615105
-7262.145426	3836.218333	1992.228516	60.354053
-7262.145426	3836.218333	1991.262695	-38.055359
-7262.145426	3836.218333	1990.296875	298.895905
-7262.145426	3836.218333	1989.331055	162.853806
-7262.145426	3836.218333	1988.365234	41.465164
-7262.145426	3836.218333	1987.398438	73.244873
-7262.145426	3836.218333	1986.432617	122.098648
-7262.145426	3836.218333	1985.465820	259.728516
-7262.145426	3836.218333	1984.499023	144.936691
-7262.145426	3836.218333	1983.532227	-118.318321
-7262.145426	3836.218333	1982.565430	1.367097
-7262.145426	3836.218333	1981.597656	-12.605662
-7262.145426	3836.218333	1980.629883	89.346161
-7262.145426	3836.218333	1979.662109	33.013447
-7262.145426	3836.218333	1978.694336	255.571686
-7262.145426	3836.218333	1977.726563	35.943275
-7262.145426	3836.218333	1976.758789	226.004593
-7262.145426	3836.218333	1975.790039	294.907104
-7262.145426	3836.218333	1974.821289	35.452541
-7262.145426	3836.218333	1973.852539	7.859608
-7262.145426	3836.218333	1972.883789	-69.190208
-7262.145426	3836.218333	1971.915039	184.127014
-7262.145426	3836.218333	1970.945313	42.705570
-7262.145426	3836.218333	1969.975586	51.599152
-7262.145426	3836.218333	1969.005859	65.304161
-7262.145426	3836.218333	1968.036133	66.572723
-7262.145426	3836.218333	1967.066406	171.220306
-7262.145426	3836.218333	1966.096680	100.824966
-7262.145426	3836.218333	1965.125977	-73.088562
-7262.145426	3836.218333	1964.155273	181.450378
-7262.145426	3836.218333	1963.184570	108.354424
-7262.145426	3836.218333	1962.213867	-11.566403
-7262.145426	3836.218333	1961.242188	363.164978
-7262.145426	3836.218333	1960.271484	235.706482
-7262.145426	3836.218333	1959.299805	86.080048
-7262.145426	3836.218333	1958.328125	42.212212
-7262.145426	3836.218333	1957.356445	25.351881
-7262.145426	3836.218333	1956.384766	37.945122
-7262.145426	3836.218333	1955.412109	146.351822
-7262.145426	3836.218333	1954.439453	237.461243
-7262.145426	3836.218333	1953.467773	4.104154
-7262.145426	3836.218333	1952.495117	183.565643
-7262.145426	3836.218333	1951.521484	257.280426
-7262.145426	3836.218333	1950.548828	11.638907
-7262.145426	3836.218333	1949.575195	114.751816
-7262.145426	3836.218333	1948.601563	234.979813
-7262.145426	3836.218333	1947.627930	-17.988726
-7262.145426	3836.218333	1946.654297	134.066696
-7262.145426	3836.218333	1945.680664	13.666320
-7262.145426	3836.218333	1944.706055	249.022156
-7262.145426	3836.218333	1943.732422	-207.447296
-7262.145426	3836.218333	1942.757813	-26.129330
-7262.145426	3836.218333	1941.783203	-33.698853
-7262.145426	3836.218333	1940.807617	294.579224
-7262.145426	3836.218333	1939.833008	32.015743
-7262.145426	3836.218333	1938.857422	215.553116
-7262.145426	3836.218333	1937.881836	141.745651
-7262.145426	3836.218333	1936.906250	-27.578531
-7262.145426	3836.218333	1935.930664	92.171288
-7262.145426	3836.218333	1934.955078	101.678535
-7262.145426	3836.218333	1933.978516	265.424835
-7262.145426	3836.218333	1933.001953	240.623383
-7262.145426	3836.218333	1932.025391	311.286499
-7262.145426	3836.218333	1931.048828	-21.825550
-7262.145426	3836.218333	1930.072266	-110.152664
-7262.145426	3836.218333	1929.094727	58.393902
-7262.145426	3836.218333	1928.118164	146.186661
-7262.145426	3836.218333	1927.140625	302.417236
-7262.145426	3836.218333	1926.163086	94.340332
-7262.145426	3836.218333	1925.184570	274.984924
-7262.145426	3836.218333	1924.207031	179.433167
-7262.145426	3836.218333	1923.228516	135.237900
-7262.145426	3836.218333	1922.250000	-111.685364
-7262.145426	3836.218333	1921.271484	54.272728
-7262.145426	3836.218333	1920.292969	39.480232
-7262.145426	3836.218333	1919.314453	-75.389168
-7262.145426	3836.218333	1918.334961	163.752884
-7262.145426	3836.218333	1917.355469	105.072517
-7262.145426	3836.218333	1916.375977	34.234482
-7262.145426	3836.218333	1915.396484	-24.356291
-7262.145426	3836.218333	1914.416992	-99.977531
-7262.145426	3836.218333	1913.436523	131.734406
-7262.145426	3836.218333	1912.457031	-87.702003
-7262.145426	3836.218333	1911.476563	78.146942
-7262.145426	3836.218333	1910.496094	100.150993
-7262.145426	3836.218333	1909.515625	22.255840
-7262.145426	3836.218333	1908.534180	207.553558
-7262.145426	3836.218333	1907.552734	-1.833355
-7262.145426	3836.218333	1906.572266	-74.718132
-7262.145426	3836.218333	1905.590820	200.672867
-7262.145426	3836.218333	1904.608398	-110.778244
-7262.145426	3836.218333	1903.626953	-95.894646
-7262.145426	3836.218333	1902.644531	-168.609665
-7262.145426	3836.218333	1901.663086	-22.267162
-7262.145426	3836.218333	1900.680664	80.251335
-7262.145426	3836.218333	1899.698242	22.218197
-7262.145426	3836.218333	1898.714844	214.722519
-7262.145426	3836.218333	1897.732422	232.117340
-7262.145426	3836.218333	1896.749023	-202.647690
-7262.145426	3836.218333	1895.765625	-27.143215
-7262.145426	3836.218333	1894.782227	-116.563683
-7262.145426	3836.218333	1893.798828	83.209892
-7262.145426	3836.218333	1892.814453	-20.723616
-7262.145426	3836.218333	1891.831055	55.141640
-7262.145426	3836.218333	1890.846680	-85.120468
-7262.145426	3836.218333	1889.862305	160.726700
-7262.145426	3836.218333	1888.877930	171.049103
-7262.145426	3836.218333	1887.892578	-102.566109
-7262.145426	3836.218333	1886.908203	17.043776
-7262.145426	3836.218333	1885.922852	156.038712
-7262.145426	3836.218333	1884.937500	69.425621
-7262.145426	3836.218333	1883.952148	67.748085
-7262.145426	3836.218333	1882.965820	20.022989
-7262.145426	3836.218333	1881.980469	-42.203545
-7262.145426	3836.218333	1880.994141	94.363388
-7262.145426	3836.218333	1880.007813	148.507828
-7262.145426	3836.218333	1879.021484	8.824043
-7262.145426	3836.218333	1878.035156	70.275444
-7262.145426	3836.218333	1877.047852	138.986389
-7262.145426	3836.218333	1876.061523	122.943062
-7262.145426	3836.218333	1875.074219	-72.235245
-7262.145426	3836.218333	1874.086914	-114.823288
-7262.145426	3836.218333	1873.098633	-84.775780
-7262.145426	3836.218333	1872.111328	102.564125
-7262.145426	3836.218333	1871.123047	-68.200729
-7262.145426	3836.218333	1870.135742	-47.795433
-7262.145426	3836.218333	1869.147461	35.491306
-7262.145426	3836.218333	1868.158203	41.388466
-7262.145426	3836.218333	1867.169922	-44.560642
-7262.145426	3836.218333	1866.180664	82.229393
-7262.145426	3836.218333	1865.192383	228.321335
-7262.145426	3836.218333	1864.203125	-55.691525
-7262.145426	3836.218333	1863.213867	-13.475895
-7262.145426	3836.218333	1862.223633	127.754837
-7262.145426	3836.218333	1861.234375	148.212692
-7262.145426	3836.218333	1860.244141	55.201027
-7262.145426	3836.218333	1859.253906	-47.419613
-7262.145426	3836.218333	1858.263672	-14.844195
-7262.145426	3836.218333	1857.273438	46.683468
-7262.145426	3836.218333	1856.282227	-101.689613
-7262.145426	3836.218333	1855.291992	-78.743774
-7262.145426	3836.218333	1854.300781	-0.335706
-7262.145426	3836.218333	1853.309570	-18.394970
-7262.145426	3836.218333	1852.317383	74.445198
-7262.145426	3836.218333	1851.326172	-141.243088
-7262.145426	3836.218333	1850.333984	-33.945343
-7262.145426	3836.218333	1849.342773	152.826538
-7262.145426	3836.218333	1848.350586	91.420044
-7262.145426	3836.218333	1847.357422	10.768138
-7262.145426	3836.218333	1846.365234	93.892105
-7262.145426	3836.218333	1845.372070	78.276184
-7262.145426	3836.218333	1844.379883	118.033455
-7262.145426	3836.218333	1843.386719	225.155029
-7262.145426	3836.218333	1842.393555	161.403641
-7262.145426	3836.218333	1841.399414	266.067017
-7262.145426	3836.218333	1840.406250	58.017982
-7262.145426	3836.218333	1839.412109	-3.268926
-7262.145426	3836.218333	1838.417969	-40.492870
-7262.145426	3836.218333	1837.423828	73.736137
-7262.145426	3836.218333	1836.429688	2.857912
-7262.145426	3836.218333	1835.434570	-51.182590
-7262.145426	3836.218333	1834.440430	24.531439
-7262.145426	3836.218333	1833.445313	76.186455
-7262.145426	3836.218333	1832.450195	106.201492
-7262.145426	3836.218333	1831.454102	102.579140
-7262.145426	3836.218333	1830.458984	269.401306
-7262.145426	3836.218333	1829.462891	184.126877
-7262.145426	3836.218333	1828.466797	29.281391
-7262.145426	3836.218333	1827.470703	59.232433
-7262.145426	3836.218333	1826.474609	-25.982473
-7262.145426	3836.218333	1825.478516	174.234741
-7262.145426	3836.218333	1824.481445	-14.107482
-7262.145426	3836.218333	1823.484375	-77.719872
-7262.145426	3836.218333	1822.487305	55.237858
-7262.145426	3836.218333	1821.490234	10.784702
-7262.145426	3836.218333	1820.493164	136.461166
-7262.145426	3836.218333	1819.495117	132.705353
-7262.145426	3836.218333	1818.498047	-105.793114
-7262.145426	3836.218333	1817.500000	110.789772
-7262.145426	3836.218333	1816.500977	109.388069
-7262.145426	3836.218333	1815.502930	273.152405
-7262.145426	3836.218333	1814.504883	13.200632
-7262.145426	3836.218333	1813.505859	205.600708
-7262.145426	3836.218333	1812.506836	-20.782684
-7262.145426	3836.218333	1811.507813	75.833229
-7262.145426	3836.218333	1810.508789	301.542725
-7262.145426	3836.218333	1809.508789	70.429428
-7262.145426	3836.218333	1808.508789	209.946945
-7262.145426	3836.218333	1807.508789	232.269699
-7262.145426	3836.218333	1806.508789	240.224442
-7262.145426	3836.218333	1805.508789	61.785419
-7262.145426	3836.218333	1804.508789	139.007919
-7262.145426	3836.218333	1803.507813	-113.431732
-7262.145426	3836.218333	1802.506836	123.745461
-7262.145426	3836.218333	1801.505859	-2.097557
-7262.145426	3836.218333	1800.504883	20.085777
-7262.145426	3836.218333	1799.502930	8.820374
-7262.145426	3836.218333	1798.501953	114.466599
-7262.145426	3836.218333	1797.500000	-49.545521
-7262.145426	3836.218333	1796.498047	-34.621372
-7262.145426	3836.218333	1795.496094	42.280773
-7262.145426	3836.218333	1794.493164	212.118408
-7262.145426	3836.218333	1793.491211	64.804878
-7262.145426	3836.218333	1792.488281	8.093315
-7262.145426	3836.218333	1791.485352	-136.795532
-7262.145426	3836.218333	1790.482422	1.876418
-7262.145426	3836.218333	1789.478516	-31.048637
-7262.145426	3836.218333	1788.475586	167.042160
-7262.145426	3836.218333	1787.471680	81.661530
-7262.145426	3836.218333	1786.467773	-34.663937
-7262.145426	3836.218333	1785.463867	110.867378
-7262.145426	3836.218333	1784.459961	-55.447796
-7262.145426	3836.218333	1783.455078	18.593042
-7262.145426	3836.218333	1782.450195	-178.624008
-7262.145426	3836.218333	1781.445313	61.857979
-7262.145426	3836.218333	1780.440430	176.183456
-7262.145426	3836.218333	1779.435547	5.122859
-7262.145426	3836.218333	1778.429688	143.131546
-7262.145426	3836.218333	1777.424805	214.516388
-7262.145426	3836.218333	1776.418945	-108.619461
-7262.145426	3836.218333	1775.413086	-120.425781
-7262.145426	3836.218333	1774.406250	-32.492165
-7262.145426	3836.218333	1773.400391	-165.483215
-7262.145426	3836.218333	1772.393555	202.560547
-7262.145426	3836.218333	1771.386719	24.411371
-7262.145426	3836.218333	1770.379883	26.695257
-7262.145426	3836.218333	1769.373047	-44.615086
-7262.145426	3836.218333	1768.365234	35.921925
-7262.145426	3836.218333	1767.358398	85.566849
-7262.145426	3836.218333	1766.350586	21.317059
-7262.145426	3836.218333	1765.342773	66.147141
-7262.145426	3836.218333	1764.334961	-40.803150
-7262.145426	3836.218333	1763.326172	243.376465
-7262.145426	3836.218333	1762.318359	67.651924
-7262.145426	3836.218333	1761.309570	-34.581142
-7262.145426	3836.218333	1760.300781	-70.467110
-7262.145426	3836.218333	1759.291016	-35.311569
-7262.145426	3836.218333	1758.282227	-66.497963
-7262.145426	3836.218333	1757.272461	-102.439392
-7262.145426	3836.218333	1756.262695	131.477722
-7262.145426	3836.218333	1755.252930	-93.882133
-7262.145426	3836.218333	1754.243164	78.367966
-7262.145426	3836.218333	1753.233398	193.746826
-7262.145426	3836.218333	1752.222656	-102.538521
-7262.145426	3836.218333	1751.211914	29.332708
-7262.145426	3836.218333	1750.201172	7.433047
-7262.145426	3836.218333	1749.190430	-123.231361
-7262.145426	3836.218333	1748.179688	6.134703
-7262.145426	3836.218333	1747.167969	-25.275433
-7262.145426	3836.218333	1746.156250	-59.058811
-7262.145426	3836.218333	1745.144531	-0.721942
-7262.145426	3836.218333	1744.132813	78.827316
-7262.145426	3836.218333	1743.121094	0.110790
-7262.145426	3836.218333	1742.108398	159.854980
-7262.145426	3836.218333	1741.095703	55.139748
-7262.145426	3836.218333	1740.083008	61.366844
-7262.145426	3836.218333	1739.070313	27.457554
-7262.145426	3836.218333	1738.057617	238.893723
-7262.145426	3836.218333	1737.043945	127.082497
-7262.145426	3836.218333	1736.030273	31.802095
-7262.145426	3836.218333	1735.016602	66.218979
-7262.145426	3836.218333	1734.002930	32.240810
-7262.145426	3836.218333	1732.989258	59.537968
-7262.145426	3836.218333	1731.974609	72.663063
-7262.145426	3836.218333	1730.959961	57.495045
-7262.145426	3836.218333	1729.945313	23.470926
-7262.145426	3836.218333	1728.930664	163.722046
-7262.145426	3836.218333	1727.916016	33.119030
-7262.145426	3836.218333	1726.900391	126.194939
-7262.145426	3836.218333	1725.885742	-72.638283
-7262.145426	3836.218333	1724.870117	114.525833
-7262.145426	3836.218333	1723.853516	-72.503632
-7262.145426	3836.218333	1722.837891	76.924622
-7262.145426	3836.218333	1721.822266	111.038025
-7262.145426	3836.218333	1720.805664	65.169441
-7262.145426	3836.218333	1719.789063	162.722458
-7262.145426	3836.218333	1718.772461	203.811935
-7262.145426	3836.218333	1717.754883	270.722870
-7262.145426	3836.218333	1716.738281	90.884026
-7262.145426	3836.218333	1715.720703	59.104172
-7262.145426	3836.218333	1714.703125	-19.648588
-7262.145426	3836.218333	1713.685547	75.398819
-7262.145426	3836.218333	1712.667969	85.879837
-7262.145426	3836.218333	1711.649414	281.792389
-7262.145426	3836.218333	1710.630859	123.226723
-7262.145426	3836.218333	1709.612305	-126.798943
-7262.145426	3836.218333	1708.593750	17.413315
-7262.145426	3836.218333	1707.575195	166.256729
-7262.145426	3836.218333	1706.555664	96.931404
-7262.145426	3836.218333	1705.536133	105.006149
-7262.145426	3836.218333	1704.516602	223.258011
-7262.145426	3836.218333	1703.497070	-66.367020
-7262.145426	3836.218333	1702.477539	234.657135
-7262.145426	3836.218333	1701.457031	120.857788
-7262.145426	3836.218333	1700.437500	14.135545
-7262.145426	3836.218333	1699.416992	-146.417572
-7262.145426	3836.218333	1698.395508	-65.725662
-7262.145426	3836.218333	1697.375000	59.425381
-7262.145426	3836.218333	1696.354492	-9.746685
-7262.145426	3836.218333	1695.333008	17.057972
-7262.145426	3836.218333	1694.311523	55.556622
-7262.145426	3836.218333	1693.290039	-104.798820
-7262.145426	3836.218333	1692.267578	10.899910
-7262.145426	3836.218333	1691.246094	-34.787460
-7262.145426	3836.218333	1690.223633	190.755676
-7262.145426	3836.218333	1689.201172	39.873516
-7262.145426	3836.218333	1688.178711	5.915456
-7262.145426	3836.218333	1687.155273	135.541809
-7262.145426	3836.218333	1686.132813	141.315125
-7262.145426	3836.218333	1685.109375	-25.752350
-7262.145426	3836.218333	1684.085938	173.900360
-7262.145426	3836.218333	1683.062500	-23.435925
-7262.145426	3836.218333	1682.039063	173.834290
-7262.145426	3836.218333	1681.014648	18.608755
-7262.145426	3836.218333	1679.990234	213.487427
-7262.145426	3836.218333	1678.965820	221.663483
-7262.145426	3836.218333	1677.941406	-206.346634
-7262.145426	3836.218333	1676.916992	147.103348
-7262.145426	3836.218333	1675.891602	250.937653
-7262.145426	3836.218333	1674.866211	147.268890
-7262.145426	3836.218333	1673.840820	460.878113
-7262.145426	3836.218333	1672.815430	219.760284
-7262.145426	3836.218333	1671.790039	202.429871
-7262.145426	3836.218333	1670.763672	294.610046
-7262.145426	3836.218333	1669.737305	207.444580
-7262.145426	3836.218333	1668.710938	106.365883
-7262.145426	3836.218333	1667.684570	186.946075
-7262.145426	3836.218333	1666.658203	342.008240
-7262.145426	3836.218333	1665.630859	271.291321
-7262.145426	3836.218333	1664.603516	237.858871
-7262.145426	3836.218333	1663.576172	178.879639
-7262.145426	3836.218333	1662.548828	280.438477
-7262.145426	3836.218333	1661.520508	426.167938
-7262.145426	3836.218333	1660.493164	311.480164
-7262.145426	3836.218333	1659.464844	287.520386
-7262.145426	3836.218333	1658.436523	340.299286
-7262.145426	3836.218333	1657.408203	237.408493
-7262.145426	3836.218333	1656.378906	164.788422
-7262.145426	3836.218333	1655.350586	50.428898
-7262.145426	3836.218333	1654.321289	149.796890
-7262.145426	3836.218333	1653.291992	328.105957
-7262.145426	3836.218333	1652.261719	139.600388
-7262.145426	3836.218333	1651.232422	306.316589
-7262.145426	3836.218333	1650.202148	319.850708
-7262.145426	3836.218333	1649.171875	324.141785
-7262.145426	3836.218333	1648.141602	270.482605
-7262.145426	3836.218333	1647.111328	395.461853
-7262.145426	3836.218333	1646.080078	576.079956
-7262.145426	3836.218333	1645.049805	355.621826
-7262.145426	3836.218333	1644.018555	350.844269
-7262.145426	3836.218333	1642.987305	496.742645
-7262.145426	3836.218333	1641.955078	468.860565
-7262.145426	3836.218333	1640.923828	536.015686
-7262.145426	3836.218333	1639.891602	441.069763
-7262.145426	3836.218333	1638.859375	719.013062
-7262.145426	3836.218333	1637.827148	726.032898
-7262.145426	3836.218333	1636.794922	596.536316
-7262.145426	3836.218333	1635.761719	805.012512
-7262.145426	3836.218333	1634.729492	481.300964
-7262.145426	3836.218333	1633.696289	537.147827
-7262.145426	3836.218333	1632.662109	512.072571
-7262.145426	3836.218333	1631.628906	711.370544
-7262.145426	3836.218333	1630.594727	494.491241
-7262.145426	3836.218333	1629.561523	703.074463
-7262.145426	3836.218333	1628.527344	682.836548
-7262.145426	3836.218333	1627.493164	704.255432
-7262.145426	3836.218333	1626.458008	898.984863
-7262.145426	3836.218333	1625.423828	647.927795
-7262.145426	3836.218333	1624.388672	533.271729
-7262.145426	3836.218333	1623.353516	485.678955
-7262.145426	3836.218333	1622.318359	502.801605
-7262.145426	3836.218333	1621.282227	566.135376
-7262.145426	3836.218333	1620.247070	594.901123
-7262.145426	3836.218333	1619.210938	559.120789
-7262.145426	3836.218333	1618.174805	405.784515
-7262.145426	3836.218333	1617.137695	446.286743
-7262.145426	3836.218333	1616.101563	694.353516
-7262.145426	3836.218333	1615.064453	400.661682
-7262.145426	3836.218333	1614.027344	367.592712
-7262.145426	3836.218333	1612.990234	698.690247
-7262.145426	3836.218333	1611.953125	490.621948
-7262.145426	3836.218333	1610.916016	665.075073
-7262.145426	3836.218333	1609.877930	565.474731
-7262.145426	3836.218333	1608.839844	583.415833
-7262.145426	3836.218333	1607.801758	652.068054
-7262.145426	3836.218333	1606.763672	536.637085
-7262.145426	3836.218333	1605.724609	662.948792
-7262.145426	3836.218333	1604.685547	653.544006
-7262.145426	3836.218333	1603.646484	529.203674
-7262.145426	3836.218333	1602.607422	641.872742
-7262.145426	3836.218333	1601.568359	862.646667
-7262.145426	3836.218333	1600.528320	717.879822
-7262.145426	3836.218333	1599.489258	591.637695
-7262.145426	3836.218333	1598.449219	619.492065
-7262.145426	3836.218333	1597.408203	828.925049
-7262.145426	3836.218333	1596.368164	601.900208
-7262.145426	3836.218333	1595.327148	650.648743
-7262.145426	3836.218333	1594.287109	648.943420
-7262.145426	3836.218333	1593.246094	888.380981
-7262.145426	3836.218333	1592.204102	806.457336
-7262.145426	3836.218333	1591.163086	777.435059
-7262.145426	3836.218333	1590.121094	656.728638
-7262.145426	3836.218333	1589.079102	609.563354
-7262.145426	3836.218333	1588.037109	922.592041
-7262.145426	3836.218333	1586.995117	701.289917
-7262.145426	3836.218333	1585.953125	824.061768
-7262.145426	3836.218333	1584.910156	648.884277
-7262.145426	3836.218333	1583.867188	631.996765
-7262.145426	3836.218333	1582.824219	949.736816
-7262.145426	3836.218333	1581.781250	724.506104
-7262.145426	3836.218333	1580.737305	1099.544434
-7262.145426	3836.218333	1579.693359	913.483398
-7262.145426	3836.218333	1578.649414	871.826294
-7262.145426	3836.218333	1577.605469	834.855957
-7262.145426	3836.218333	1576.561523	768.240784
-7262.145426	3836.218333	1575.516602	585.046936
-7262.145426	3836.218333	1574.472656	781.782104
-7262.145426	3836.218333	1573.427734	697.198486
-7262.145426	3836.218333	1572.381836	617.316345
-7262.145426	3836.218333	1571.336914	443.819489
-7262.145426	3836.218333	1570.291016	505.937195
-7262.145426	3836.218333	1569.246094	657.261169
-7262.145426	3836.218333	1568.200195	669.233826
-7262.145426	3836.218333	1567.153320	745.270020
-7262.145426	3836.218333	1566.107422	677.470520
-7262.145426	3836.218333	1565.060547	657.754944
-7262.145426	3836.218333	1564.013672	702.075745
-7262.145426	3836.218333	1562.966797	812.680298
-7262.145426	3836.218333	1561.919922	348.187134
-7262.145426	3836.218333	1560.872070	490.963440
-7262.145426	3836.218333	1559.825195	647.471191
-7262.145426	3836.218333	1558.777344	361.504150
-7262.145426	3836.218333	1557.729492	545.544373
-7262.145426	3836.218333	1556.680664	367.078461
-7262.145426	3836.218333	1555.632813	571.765991
-7262.145426	3836.218333	1554.583984	525.762634
-7262.145426	3836.218333	1553.535156	721.428955
-7262.145426	3836.218333	1552.486328	390.829742
-7262.145426	3836.218333	1551.436523	258.640503
-7262.145426	3836.218333	1550.387695	368.009949
-7262.145426	3836.218333	1549.337891	386.364288
-7262.145426	3836.218333	1548.288086	454.898529
-7262.145426	3836.218333	1547.238281	430.190002
-7262.145426	3836.218333	1546.187500	337.330750
-7262.145426	3836.218333	1545.136719	583.614075
-7262.145426	3836.218333	1544.086914	361.307587
-7262.145426	3836.218333	1543.035156	298.399384
-7262.145426	3836.218333	1541.984375	553.956360
-7262.145426	3836.218333	1540.933594	432.135101
-7262.145426	3836.218333	1539.881836	280.922729
-7262.145426	3836.218333	1538.830078	545.742798
-7262.145426	3836.218333	1537.778320	197.113007
-7262.145426	3836.218333	1536.725586	316.678894
-7262.145426	3836.218333	1535.673828	488.537506
-7262.145426	3836.218333	1534.621094	646.814880
-7262.145426	3836.218333	1533.568359	491.842163
-7262.145426	3836.218333	1532.515625	679.777710
-7262.145426	3836.218333	1531.461914	447.919800
-7262.145426	3836.218333	1530.409180	515.753174
-7262.145426	3836.218333	1529.355469	431.684998
-7262.145426	3836.218333	1528.301758	250.232529
-7262.145426	3836.218333	1527.247070	116.584053
-7262.145426	3836.218333	1526.193359	386.637512
-7262.145426	3836.218333	1525.138672	40.164158
-7262.145426	3836.218333	1524.083984	70.128021
-7262.145426	3836.218333	1523.029297	-81.072472
-7262.145426	3836.218333	1521.974609	46.528481
-7262.145426	3836.218333	1520.918945	371.236938
-7262.145426	3836.218333	1519.863281	73.208885
-7262.145426	3836.218333	1518.807617	189.714767
-7262.145426	3836.218333	1517.751953	9.760404
-7262.145426	3836.218333	1516.696289	128.712891
-7262.145426	3836.218333	1515.639648	44.095551
-7262.145426	3836.218333	1514.583008	111.186852
-7262.145426	3836.218333	1513.526367	-113.404900
-7262.145426	3836.218333	1512.469727	-109.408333
-7262.145426	3836.218333	1511.412109	-1.299783
-7262.145426	3836.218333	1510.355469	-42.318249
-7262.145426	3836.218333	1509.297852	-216.543152
-7262.145426	3836.218333	1508.240234	-20.031647
-7262.145426	3836.218333	1507.181641	-78.756767
-7262.145426	3836.218333	1506.124023	-98.961273
-7262.145426	3836.218333	1505.065430	20.962677
-7262.145426	3836.218333	1504.006836	-141.266113
-7262.145426	3836.218333	1502.948242	-156.599991
-7262.145426	3836.218333	1501.888672	8.730608
-7262.145426	3836.218333	1500.830078	83.842270
-7262.145426	3836.218333	1499.770508	-53.017563
-7262.145426	3836.218333	1498.710938	-88.219498
-7262.145426	3836.218333	1497.650391	-10.542443
-7262.145426	3836.218333	1496.590820	15.348116
-7262.145426	3836.218333	1495.530273	154.049957
-7262.145426	3836.218333	1494.469727	-103.845039
-7262.145426	3836.218333	1493.409180	107.141350
-7262.145426	3836.218333	1492.348633	99.629921
-7262.145426	3836.218333	1491.287109	2.142105
-7262.145426	3836.218333	1490.225586	-5.125193
-7262.145426	3836.218333	1489.164063	-102.342209
-7262.145426	3836.218333	1488.102539	43.691891
-7262.145426	3836.218333	1487.041016	-240.080841
-7262.145426	3836.218333	1485.978516	-163.612183
-7262.145426	3836.218333	1484.916016	142.336227
-7262.145426	3836.218333	1483.853516	9.786506
-7262.145426	3836.218333	1482.791016	66.225571
-7262.145426	3836.218333	1481.727539	109.253731
-7262.145426	3836.218333	1480.664063	141.134354
-7262.145426	3836.218333	1479.600586	11.308444
-7262.145426	3836.218333	1478.537109	59.108597
-7262.145426	3836.218333	1477.473633	53.070526
-7262.145426	3836.218333	1476.409180	-123.407196
-7262.145426	3836.218333	1475.344727	-142.748230
-7262.145426	3836.218333	1474.280273	156.876068
-7262.145426	3836.218333	1473.215820	216.503357
-7262.145426	3836.218333	1472.151367	49.337250
-7262.145426	3836.218333	1471.085938	26.087282
-7262.145426	3836.218333	1470.020508	81.157417
-7262.145426	3836.218333	1468.955078	161.213181
-7262.145426	3836.218333	1467.888672	111.300278
-7262.145426	3836.218333	1466.823242	316.834686
-7262.145426	3836.218333	1465.756836	161.507996
-7262.145426	3836.218333	1464.690430	304.557648
-7262.145426	3836.218333	1463.624023	185.634491
-7262.145426	3836.218333	1462.556641	214.757278
-7262.145426	3836.218333	1461.490234	313.091095
-7262.145426	3836.218333	1460.422852	152.604675
-7262.145426	3836.218333	1459.355469	333.053589
-7262.145426	3836.218333	1458.287109	328.834808
-7262.145426	3836.218333	1457.219727	411.112701
-7262.145426	3836.218333	1456.151367	366.962158
-7262.145426	3836.218333	1455.083008	457.277985
-7262.145426	3836.218333	1454.014648	528.808594
-7262.145426	3836.218333	1452.945313	554.353760
-7262.145426	3836.218333	1451.876953	445.221436
-7262.145426	3836.218333	1450.807617	371.643555
-7262.145426	3836.218333	1449.738281	379.637543
-7262.145426	3836.218333	1448.668945	636.137329
-7262.145426	3836.218333	1447.598633	521.086548
-7262.145426	3836.218333	1446.528320	631.245544
-7262.145426	3836.218333	1445.458008	658.419250
-7262.145426	3836.218333	1444.387695	815.669556
-7262.145426	3836.218333	1443.317383	872.501648
-7262.145426	3836.218333	1442.246094	787.383911
-7262.145426	3836.218333	1441.174805	904.046936
-7262.145426	3836.218333	1440.103516	374.194153
-7262.145426	3836.218333	1439.032227	643.805298
-7262.145426	3836.218333	1437.960938	485.583801
-7262.145426	3836.218333	1436.888672	586.138977
-7262.145426	3836.218333	1435.816406	461.909058
-7262.145426	3836.218333	1434.744141	543.796631
-7262.145426	3836.218333	1433.670898	355.535187
-7262.145426	3836.218333	1432.598633	618.941772
-7262.145426	3836.218333	1431.525391	303.580841
-7262.145426	3836.218333	1430.452148	243.406860
-7262.145426	3836.218333	1429.378906	322.467896
-7262.145426	3836.218333	1428.304688	257.708740
-7262.145426	3836.218333	1427.231445	235.192688
-7262.145426	3836.218333	1426.157227	83.972229
-7262.145426	3836.218333	1425.083008	330.227020
-7262.145426	3836.218333	1424.007813	39.427464
-7262.145426	3836.218333	1422.933594	98.084579
-7262.145426	3836.218333	1421.858398	138.716171
-7262.145426	3836.218333	1420.783203	168.635406
-7262.145426	3836.218333	1419.708008	47.759476
-7262.145426	3836.218333	1418.631836	245.726028
-7262.145426	3836.218333	1417.555664	105.933022
-7262.145426	3836.218333	1416.479492	203.077866
-7262.145426	3836.218333	1415.403320	311.448792
-7262.145426	3836.218333	1414.327148	-0.933509
-7262.145426	3836.218333	1413.250000	312.943878
-7262.145426	3836.218333	1412.173828	234.358307
-7262.145426	3836.218333	1411.096680	344.412689
-7262.145426	3836.218333	1410.018555	322.652252
-7262.145426	3836.218333	1408.941406	284.359894
-7262.145426	3836.218333	1407.863281	264.936646
-7262.145426	3836.218333	1406.785156	220.187073
-7262.145426	3836.218333	1405.707031	292.150391
-7262.145426	3836.218333	1404.628906	287.403778
-7262.145426	3836.218333	1403.549805	163.067154
-7262.145426	3836.218333	1402.470703	410.327576
-7262.145426	3836.218333	1401.391602	319.907837
-7262.145426	3836.218333	1400.312500	162.899811
-7262.145426	3836.218333	1399.233398	193.093643
-7262.145426	3836.218333	1398.153320	301.673828
-7262.145426	3836.218333	1397.073242	256.982483
-7262.145426	3836.218333	1395.993164	344.714081
-7262.145426	3836.218333	1394.913086	193.050278
-7262.145426	3836.218333	1393.832031	227.560547
-7262.145426	3836.218333	1392.750977	287.028229
-7262.145426	3836.218333	1391.669922	285.385010
-7262.145426	3836.218333	1390.588867	376.464996
-7262.145426	3836.218333	1389.506836	325.879669
-7262.145426	3836.218333	1388.425781	228.669922
-7262.145426	3836.218333	1387.343750	265.035309
-7262.145426	3836.218333	1386.261719	236.216995
-7262.145426	3836.218333	1385.178711	295.555176
-7262.145426	3836.218333	1384.096680	305.164520
-7262.145426	3836.218333	1383.013672	325.889557
-7262.145426	3836.218333	1381.930664	273.518036
-7262.145426	3836.218333	1380.846680	300.554413
-7262.145426	3836.218333	1379.763672	611.867004
-7262.145426	3836.218333	1378.679688	196.555389
-7262.145426	3836.218333	1377.595703	602.749084
-7262.145426	3836.218333	1376.511719	383.449066
-7262.145426	3836.218333	1375.427734	359.917114
-7262.145426	3836.218333	1374.342773	509.190033
-7262.145426	3836.218333	1373.257813	431.047577
-7262.145426	3836.218333	1372.172852	344.923340
-7262.145426	3836.218333	1371.087891	651.101563
-7262.145426	3836.218333	1370.001953	401.706055
-7262.145426	3836.218333	1368.916992	555.835022
-7262.145426	3836.218333	1367.831055	422.179443
-7262.145426	3836.218333	1366.744141	371.524536
-7262.145426	3836.218333	1365.658203	372.764343
-7262.145426	3836.218333	1364.571289	239.993210
-7262.145426	3836.218333	1363.484375	302.023895
-7262.145426	3836.218333	1362.397461	151.299759
-7262.145426	3836.218333	1361.310547	174.034729
-7262.145426	3836.218333	1360.222656	193.051987
-7262.145426	3836.218333	1359.135742	127.443527
-7262.145426	3836.218333	1358.047852	38.476830
-7262.145426	3836.218333	1356.958984	215.466431
-7262.145426	3836.218333	1355.871094	-49.085625
-7262.145426	3836.218333	1354.782227	77.370461
-7262.145426	3836.218333	1353.693359	-41.083214
-7262.145426	3836.218333	1352.604492	118.417633
-7262.145426	3836.218333	1351.515625	38.970703
-7262.145426	3836.218333	1350.425781	63.324100
-7262.145426	3836.218333	1349.335938	-127.589531
-7262.145426	3836.218333	1348.246094	117.986679
-7262.145426	3836.218333	1347.156250	129.023468
-7262.145426	3836.218333	1346.066406	57.810932
-7262.145426	3836.218333	1344.975586	35.951698
-7262.145426	3836.218333	1343.884766	210.328568
-7262.145426	3836.218333	1342.793945	231.747253
-7262.145426	3836.218333	1341.702148	-6.128073
-7262.145426	3836.218333	1340.611328	35.713245
-7262.145426	3836.218333	1339.519531	-7.031342
-7262.145426	3836.218333	1338.427734	-27.387243
-7262.145426	3836.218333	1337.334961	-14.410976
-7262.145426	3836.218333	1336.243164	47.690334
-7262.145426	3836.218333	1335.150391	-110.647568
-7262.145426	3836.218333	1334.057617	97.421013
-7262.145426	3836.218333	1332.964844	159.543579
-7262.145426	3836.218333	1331.871094	123.796440
-7262.145426	3836.218333	1330.778320	51.078953
-7262.145426	3836.218333	1329.684570	106.777023
-7262.145426	3836.218333	1328.590820	7.303764
-7262.145426	3836.218333	1327.496094	52.190510
-7262.145426	3836.218333	1326.402344	29.889435
-7262.145426	3836.218333	1325.307617	-3.350325
-7262.145426	3836.218333	1324.212891	-137.794342
-7262.145426	3836.218333	1323.117188	0.989107
-7262.145426	3836.218333	1322.022461	-13.725470
-7262.145426	3836.218333	1320.926758	174.384232
-7262.145426	3836.218333	1319.831055	78.196274
-7262.145426	3836.218333	1318.735352	290.173615
-7262.145426	3836.218333	1317.638672	69.728409
-7262.145426	3836.218333	1316.542969	76.282761
-7262.145426	3836.218333	1315.446289	118.640320
-7262.145426	3836.218333	1314.349609	101.733894
-7262.145426	3836.218333	1313.251953	26.427692
-7262.145426	3836.218333	1312.155273	63.288548
-7262.145426	3836.218333	1311.057617	34.451977
-7262.145426	3836.218333	1309.959961	154.605774
-7262.145426	3836.218333	1308.862305	98.496155
-7262.145426	3836.218333	1307.763672	-20.325243
-7262.145426	3836.218333	1306.665039	61.013023
-7262.145426	3836.218333	1305.566406	96.854851
-7262.145426	3836.218333	1304.467773	65.350769
-7262.145426	3836.218333	1303.369141	53.868134
-7262.145426	3836.218333	1302.269531	13.679157
-7262.145426	3836.218333	1301.169922	69.793137
-7262.145426	3836.218333	1300.070313	96.862572
-7262.145426	3836.218333	1298.970703	9.989208
-7262.145426	3836.218333	1297.870117	94.623878
-7262.145426	3836.218333	1296.769531	135.225220
-7262.145426	3836.218333	1295.668945	17.777800
-7262.145426	3836.218333	1294.568359	2.679255
-7262.145426	3836.218333	1293.466797	27.232872
-7262.145426	3836.218333	1292.366211	78.298470
-7262.145426	3836.218333	1291.264648	-152.538116
-7262.145426	3836.218333	1290.162109	19.304277
-7262.145426	3836.218333	1289.060547	-34.680527
-7262.145426	3836.218333	1287.958008	8.132185
-7262.145426	3836.218333	1286.855469	63.770702
-7262.145426	3836.218333	1285.752930	103.497955
-7262.145426	3836.218333	1284.650391	74.948959
-7262.145426	3836.218333	1283.546875	48.624947
-7262.145426	3836.218333	1282.444336	108.960648
-7262.145426	3836.218333	1281.339844	-9.389403
-7262.145426	3836.218333	1280.236328	50.727413
-7262.145426	3836.218333	1279.132813	-8.119300
-7262.145426	3836.218333	1278.028320	-223.723389
-7262.145426	3836.218333	1276.923828	-181.379410
-7262.145426	3836.218333	1275.819336	-11.715967
-7262.145426	3836.218333	1274.713867	23.779610
-7262.145426	3836.218333	1273.608398	20.474049
-7262.145426	3836.218333	1272.503906	28.034050
-7262.145426	3836.218333	1271.397461	111.300575
-7262.145426	3836.218333	1270.291992	144.469421
-7262.145426	3836.218333	1269.185547	111.363251
-7262.145426	3836.218333	1268.080078	251.921875
-7262.145426	3836.218333	1266.972656	57.684937
-7262.145426	3836.218333	1265.866211	85.163269
-7262.145426	3836.218333	1264.759766	140.782440
-7262.145426	3836.218333	1263.652344	-15.215757
-7262.145426	3836.218333	1262.544922	100.028084
-7262.145426	3836.218333	1261.436523	-6.318541
-7262.145426	3836.218333	1260.329102	17.579412
-7262.145426	3836.218333	1259.220703	34.302593
-7262.145426	3836.218333	1258.112305	-124.367477
-7262.145426	3836.218333	1257.003906	62.577412
-7262.145426	3836.218333	1255.895508	-26.349634
-7262.145426	3836.218333	1254.786133	-3.166955
-7262.145426	3836.218333	1253.676758	-30.150412
-7262.145426	3836.218333	1252.567383	-83.094498
-7262.145426	3836.218333	1251.458008	6.823489
-7262.145426	3836.218333	1250.347656	-225.464783
-7262.145426	3836.218333	1249.237305	-90.894112
-7262.145426	3836.218333	1248.126953	-106.241394
-7262.145426	3836.218333	1247.016602	12.366900
-7262.145426	3836.218333	1245.905273	0.992115
-7262.145426	3836.218333	1244.793945	8.566894
-7262.145426	3836.218333	1243.682617	-66.342850
-7262.145426	3836.218333	1242.571289	-41.031540
-7262.145426	3836.218333	1241.459961	20.374369
-7262.145426	3836.218333	1240.347656	-66.214409
-7262.145426	3836.218333	1239.235352	-71.363937
-7262.145426	3836.218333	1238.123047	48.696827
-7262.145426	3836.218333	1237.009766	-85.652817
-7262.145426	3836.218333	1235.897461	-84.690453
-7262.145426	3836.218333	1234.784180	-72.967606
-7262.145426	3836.218333	1233.670898	20.394341
-7262.145426	3836.218333	1232.556641	15.361383
-7262.145426	3836.218333	1231.443359	-31.161892
-7262.145426	3836.218333	1230.329102	36.258850
-7262.145426	3836.218333	1229.214844	-91.764107
-7262.145426	3836.218333	1228.099609	-9.316727
-7262.145426	3836.218333	1226.985352	-92.056396
-7262.145426	3836.218333	1225.870117	26.855032
-7262.145426	3836.218333	1224.754883	-55.593880
-7262.145426	3836.218333	1223.639648	-28.752123
-7262.145426	3836.218333	1222.523438	-115.656143
-7262.145426	3836.218333	1221.408203	-135.570068
-7262.145426	3836.218333	1220.291992	-56.819427
-7262.145426	3836.218333	1219.174805	-47.623493
-7262.145426	3836.218333	1218.058594	69.488403
-7262.145426	3836.218333	1216.941406	22.743097
-7262.145426	3836.218333	1215.824219	17.576002
-7262.145426	3836.218333	1214.707031	-74.962387
-7262.145426	3836.218333	1213.589844	-25.707302
-7262.145426	3836.218333	1212.471680	-45.105881
-7262.145426	3836.218333	1211.353516	26.453382
-7262.145426	3836.218333	1210.235352	62.638199
-7262.145426	3836.218333	1209.117188	-78.527267
-7262.145426	3836.218333	1207.998047	-13.687639
-7262.145426	3836.218333	1206.878906	91.462234
-7262.145426	3836.218333	1205.759766	18.286398
-7262.145426	3836.218333	1204.640625	11.188930
-7262.145426	3836.218333	1203.520508	-3.708446
-7262.145426	3836.218333	1202.401367	179.612839
-7262.145426	3836.218333	1201.281250	55.282131
-7262.145426	3836.218333	1200.160156	-19.643341
-7262.145426	3836.218333	1199.040039	-91.781288
-7262.145426	3836.218333	1197.918945	-74.398277
-7262.145426	3836.218333	1196.797852	-14.232381
-7262.145426	3836.218333	1195.676758	-115.175362
-7262.145426	3836.218333	1194.555664	-67.913872
-7262.145426	3836.218333	1193.433594	-104.396095
-7262.145426	3836.218333	1192.311523	-19.669367
-7262.145426	3836.218333	1191.189453	-106.548264
-7262.145426	3836.218333	1190.066406	-48.502617
-7262.145426	3836.218333	1188.944336	14.145143
-7262.145426	3836.218333	1187.821289	-16.168636
-7262.145426	3836.218333	1186.698242	-82.013367
-7262.145426	3836.218333	1185.574219	24.361559
-7262.145426	3836.218333	1184.451172	-50.758259
-7262.145426	3836.218333	1183.327148	-124.042473
-7262.145426	3836.218333	1182.203125	-118.604134
-7262.145426	3836.218333	1181.078125	-65.705582
-7262.145426	3836.218333	1179.954102	9.622010
-7262.145426	3836.218333	1178.829102	152.136169
-7262.145426	3836.218333	1177.704102	-47.854916
-7262.145426	3836.218333	1176.579102	-28.804399
-7262.145426	3836.218333	1175.453125	11.717454
-7262.145426	3836.218333	1174.327148	-22.895987
-7262.145426	3836.218333	1173.201172	-64.367363
-7262.145426	3836.218333	1172.075195	145.907822
-7262.145426	3836.218333	1170.949219	40.185478
-7262.145426	3836.218333	1169.822266	122.510231
-7262.145426	3836.218333	1168.695313	87.890114
-7262.145426	3836.218333	1167.568359	123.553680
-7262.145426	3836.218333	1166.440430	94.701645
-7262.145426	3836.218333	1165.313477	-21.784086
-7262.145426	3836.218333	1164.185547	154.692108
-7262.145426	3836.218333	1163.057617	128.779282
-7262.145426	3836.218333	1161.928711	117.964981
-7262.145426	3836.218333	1160.800781	82.560432
-7262.145426	3836.218333	1159.671875	169.603104
-7262.145426	3836.218333	1158.541992	-39.052628
-7262.145426	3836.218333	1157.413086	57.634422
-7262.145426	3836.218333	1156.283203	78.741341
-7262.145426	3836.218333	1155.154297	98.572289
-7262.145426	3836.218333	1154.023438	-15.988618
-7262.145426	3836.218333	1152.893555	-6.142590
-7262.145426	3836.218333	1151.763672	-58.711025
-7262.145426	3836.218333	1150.632813	-78.829079
-7262.145426	3836.218333	1149.501953	1.624923
-7262.145426	3836.218333	1148.370117	-131.288986
-7262.145426	3836.218333	1147.239258	15.462904
-7262.145426	3836.218333	1146.107422	-109.369682
-7262.145426	3836.218333	1144.975586	-185.355194
-7262.145426	3836.218333	1143.843750	-0.731718
-7262.145426	3836.218333	1142.710938	12.239188
-7262.145426	3836.218333	1141.578125	78.944374
-7262.145426	3836.218333	1140.445313	1.830358
-7262.145426	3836.218333	1139.312500	-4.547948
-7262.145426	3836.218333	1138.178711	-38.126183
-7262.145426	3836.218333	1137.045898	262.800598
-7262.145426	3836.218333	1135.912109	91.796349
-7262.145426	3836.218333	1134.777344	84.176575
-7262.145426	3836.218333	1133.643555	54.576317
-7262.145426	3836.218333	1132.508789	369.979095
-7262.145426	3836.218333	1131.374023	284.413025
-7262.145426	3836.218333	1130.239258	347.574738
-7262.145426	3836.218333	1129.104492	370.735962
-7262.145426	3836.218333	1127.968750	273.850189
-7262.145426	3836.218333	1126.833008	386.947784
-7262.145426	3836.218333	1125.697266	249.879669
-7262.145426	3836.218333	1124.560547	305.103973
-7262.145426	3836.218333	1123.424805	185.244354
-7262.145426	3836.218333	1122.288086	202.573196
-7262.145426	3836.218333	1121.151367	197.423004
-7262.145426	3836.218333	1120.013672	211.888443
-7262.145426	3836.218333	1118.876953	137.183517
-7262.145426	3836.218333	1117.739258	101.273476
-7262.145426	3836.218333	1116.601563	157.788986
-7262.145426	3836.218333	1115.462891	122.977768
-7262.145426	3836.218333	1114.324219	259.385681
-7262.145426	3836.218333	1113.186523	251.218933
-7262.145426	3836.218333	1112.046875	63.562443
-7262.145426	3836.218333	1110.908203	144.262726
-7262.145426	3836.218333	1109.769531	154.282272
-7262.145426	3836.218333	1108.629883	287.288391
-7262.145426	3836.218333	1107.490234	148.789200
-7262.145426	3836.218333	1106.349609	242.045700
-7262.145426	3836.218333	1105.209961	227.288071
-7262.145426	3836.218333	1104.069336	142.549515
-7262.145426	3836.218333	1102.928711	206.889206
-7262.145426	3836.218333	1101.787109	292.326660
-7262.145426	3836.218333	1100.646484	201.639511
-7262.145426	3836.218333	1099.504883	99.012764
-7262.145426	3836.218333	1098.363281	265.147491
-7262.145426	3836.218333	1097.221680	249.032440
-7262.145426	3836.218333	1096.079102	124.867485
-7262.145426	3836.218333	1094.936523	344.284546
-7262.145426	3836.218333	1093.793945	283.746033
-7262.145426	3836.218333	1092.651367	253.551147
-7262.145426	3836.218333	1091.507813	301.351807
-7262.145426	3836.218333	1090.364258	375.379730
-7262.145426	3836.218333	1089.220703	175.607117
-7262.145426	3836.218333	1088.077148	188.260956
-7262.145426	3836.218333	1086.933594	295.209900
-7262.145426	3836.218333	1085.789063	277.561584
-7262.145426	3836.218333	1084.644531	192.640869
-7262.145426	3836.218333	1083.499023	284.218353
-7262.145426	3836.218333	1082.354492	272.212250
-7262.145426	3836.218333	1081.208984	281.182739
-7262.145426	3836.218333	1080.063477	223.887558
-7262.145426	3836.218333	1078.917969	318.866272
-7262.145426	3836.218333	1077.771484	87.954659
-7262.145426	3836.218333	1076.625977	278.048981
-7262.145426	3836.218333	1075.479492	143.736313
-7262.145426	3836.218333	1074.332031	366.184021
-7262.145426	3836.218333	1073.185547	124.490288
-7262.145426	3836.218333	1072.038086	255.257080
-7262.145426	3836.218333	1070.890625	143.202957
-7262.145426	3836.218333	1069.743164	267.142395
-7262.145426	3836.218333	1068.594727	267.572968
-7262.145426	3836.218333	1067.447266	421.154419
-7262.145426	3836.218333	1066.298828	367.413452
-7262.145426	3836.218333	1065.149414	365.126892
-7262.145426	3836.218333	1064.000977	344.809204
-7262.145426	3836.218333	1062.851563	413.168549
-7262.145426	3836.218333	1061.702148	356.856995
-7262.145426	3836.218333	1060.552734	362.207123
-7262.145426	3836.218333	1059.402344	123.666313
-7262.145426	3836.218333	1058.252930	282.892120
-7262.145426	3836.218333	1057.102539	339.743622
-7262.145426	3836.218333	1055.951172	303.127472
-7262.145426	3836.218333	1054.800781	170.343582
-7262.145426	3836.218333	1053.649414	191.245377
-7262.145426	3836.218333	1052.498047	53.243607
-7262.145426	3836.218333	1051.346680	71.187469
-7262.145426	3836.218333	1050.194336	273.504974
-7262.145426	3836.218333	1049.042969	179.195190
-7262.145426	3836.218333	1047.890625	189.311340
-7262.145426	3836.218333	1046.738281	119.443100
-7262.145426	3836.218333	1045.584961	73.613541
-7262.145426	3836.218333	1044.431641	268.386078
-7262.145426	3836.218333	1043.278320	54.595215
-7262.145426	3836.218333	1042.125000	243.222488
-7262.145426	3836.218333	1040.971680	76.912491
-7262.145426	3836.218333	1039.817383	214.506958
-7262.145426	3836.218333	1038.663086	203.794083
-7262.145426	3836.218333	1037.508789	211.216812
-7262.145426	3836.218333	1036.353516	128.482010
-7262.145426	3836.218333	1035.198242	233.754440
-7262.145426	3836.218333	1034.042969	90.753914
-7262.145426	3836.218333	1032.887695	270.463379
-7262.145426	3836.218333	1031.732422	246.776001
-7262.145426	3836.218333	1030.576172	159.600601
-7262.145426	3836.218333	1029.419922	284.121674
-7262.145426	3836.218333	1028.263672	180.783096
-7262.145426	3836.218333	1027.106445	265.987305
-7262.145426	3836.218333	1025.949219	95.982338
-7262.145426	3836.218333	1024.792969	39.651127
-7262.145426	3836.218333	1023.634766	151.855850
-7262.145426	3836.218333	1022.477539	250.387283
-7262.145426	3836.218333	1021.319336	260.689606
-7262.145426	3836.218333	1020.161133	241.593018
-7262.145426	3836.218333	1019.002930	-0.229525
-7262.145426	3836.218333	1017.843750	48.670490
-7262.145426	3836.218333	1016.684570	30.890965
-7262.145426	3836.218333	1015.525391	43.909000
-7262.145426	3836.218333	1014.366211	57.512241
-7262.145426	3836.218333	1013.207031	145.033264
-7262.145426	3836.218333	1012.046875	34.042526
-7262.145426	3836.218333	1010.886719	82.978394
-7262.145426	3836.218333	1009.726563	78.878983
-7262.145426	3836.218333	1008.565430	289.455322
-7262.145426	3836.218333	1007.404297	269.950531
-7262.145426	3836.218333	1006.243164	32.709835
-7262.145426	3836.218333	1005.082031	25.138567
-7262.145426	3836.218333	1003.920898	163.726501
-7262.145426	3836.218333	1002.758789	94.905693
-7262.145426	3836.218333	1001.596680	229.489227
-7262.145426	3836.218333	1000.433594	20.862713
-7262.145426	3836.218333	999.271484	-6.536082
-7262.145426	3836.218333	998.108398	165.416122
-7262.145426	3836.218333	996.945313	122.206772
-7262.145426	3836.218333	995.782227	143.852966
-7262.145426	3836.218333	994.618164	72.939461
-7262.145426	3836.218333	993.454102	-9.951047
-7262.145426	3836.218333	992.290039	263.852356
-7262.145426	3836.218333	991.125977	-46.727966
-7262.145426	3836.218333	989.960938	80.804268
-7262.145426	3836.218333	988.796875	34.153236
-7262.145426	3836.218333	987.630859	178.126587
-7262.145426	3836.218333	986.465820	188.283844
-7262.145426	3836.218333	985.300781	89.792641
-7262.145426	3836.218333	984.134766	-219.223389
-7262.145426	3836.218333	982.968750	-70.419693
-7262.145426	3836.218333	981.801758	48.670094
-7262.145426	3836.218333	980.635742	64.253777
-7262.145426	3836.218333	979.468750	56.942303
-7262.145426	3836.218333	978.301758	52.135948
-7262.145426	3836.218333	977.133789	79.689667
-7262.145426	3836.218333	975.966797	44.932957
-7262.145426	3836.218333	974.798828	-34.570248
-7262.145426	3836.218333	973.630859	-54.669628
-7262.145426	3836.218333	972.461914	66.749474
-7262.145426	3836.218333	971.293945	143.386261
-7262.145426	3836.218333	970.125000	20.438833
-7262.145426	3836.218333	968.956055	139.635178
-7262.145426	3836.218333	967.786133	88.834526
-7262.145426	3836.218333	966.617188	-181.819031
-7262.145426	3836.218333	965.447266	-71.778862
-7262.145426	3836.218333	964.276367	29.047203
-7262.145426	3836.218333	963.106445	186.608002
-7262.145426	3836.218333	961.935547	-80.274048
-7262.145426	3836.218333	960.764648	9.432817
-7262.145426	3836.218333	959.593750	49.765095
-7262.145426	3836.218333	958.422852	-21.524395
-7262.145426	3836.218333	957.250977	-50.923725
-7262.145426	3836.218333	956.079102	-17.563732
-7262.145426	3836.218333	954.907227	142.123810
-7262.145426	3836.218333	953.734375	-97.443443
-7262.145426	3836.218333	952.562500	-74.734032
-7262.145426	3836.218333	951.389648	-184.936935
-7262.145426	3836.218333	950.215820	98.417892
-7262.145426	3836.218333	949.042969	17.041124
-7262.145426	3836.218333	947.869141	-91.048752
-7262.145426	3836.218333	946.695313	-48.422012
-7262.145426	3836.218333	945.521484	-10.266822
-7262.145426	3836.218333	944.346680	32.453529
-7262.145426	3836.218333	943.172852	-78.299271
-7262.145426	3836.218333	941.998047	-18.757317
-7262.145426	3836.218333	940.822266	196.722260
-7262.145426	3836.218333	939.647461	22.445400
-7262.145426	3836.218333	938.471680	101.863068
-7262.145426	3836.218333	937.295898	30.013384
-7262.145426	3836.218333	936.119141	11.776738
-7262.145426	3836.218333	934.943359	-145.271881
-7262.145426	3836.218333	933.766602	-22.378336
-7262.145426	3836.218333	932.589844	-150.172974
-7262.145426	3836.218333	931.413086	-22.422623
-7262.145426	3836.218333	930.235352	29.819458
-7262.145426	3836.218333	929.057617	18.819393
-7262.145426	3836.218333	927.879883	39.375267
-7262.145426	3836.218333	926.702148	-54.308102
-7262.145426	3836.218333	925.523438	75.718933
-7262.145426	3836.218333	924.344727	96.284012
-7262.145426	3836.218333	923.166016	60.918583
-7262.145426	3836.218333	921.987305	64.447067
-7262.145426	3836.218333	920.807617	-7.361564
-7262.145426	3836.218333	919.627930	-7.100119
-7262.145426	3836.218333	919.497070	-49.965469
-7262.145426	3836.218333	918.331055	106.595131
-7262.145426	3836.218333	917.165039	39.663692
-7262.145426	3836.218333	915.999023	55.313137
-7262.145426	3836.218333	914.833008	-33.430016
-7262.145426	3836.218333	913.666016	-12.918909
-7262.145426	3836.218333	912.499023	43.982616
-7262.145426	3836.218333	911.332031	-56.835163
-7262.145426	3836.218333	910.165039	-189.144562
-7262.145426	3836.218333	908.997070	-59.488232
-7262.145426	3836.218333	907.830078	-58.388916
-7262.145426	3836.218333	906.661133	-93.651527
-7262.145426	3836.218333	905.493164	-10.141336
-7262.145426	3836.218333	904.325195	-11.474245
-7262.145426	3836.218333	903.156250	-114.556671
-7262.145426	3836.218333	901.987305	-26.246643
-7262.145426	3836.218333	900.818359	45.077015
-7262.145426	3836.218333	899.648438	-79.741646
-7262.145426	3836.218333	898.478516	42.400269
-7262.145426	3836.218333	897.308594	19.282600
-7262.145426	3836.218333	896.138672	73.605614
-7262.145426	3836.218333	894.968750	89.200417
-7262.145426	3836.218333	893.797852	-35.493244
-7262.145426	3836.218333	892.626953	238.867691
-7262.145426	3836.218333	891.456055	261.676849
-7262.145426	3836.218333	890.284180	211.962296
-7262.145426	3836.218333	889.113281	191.269516
-7262.145426	3836.218333	887.941406	105.348991
-7262.145426	3836.218333	886.768555	26.712465
-7262.145426	3836.218333	885.596680	42.303318
-7262.145426	3836.218333	884.423828	86.867157
-7262.145426	3836.218333	883.250977	165.213303
-7262.145426	3836.218333	882.078125	192.840302
-7262.145426	3836.218333	880.905273	-32.935478
-7262.145426	3836.218333	879.731445	231.175766
-7262.145426	3836.218333	878.557617	130.926208
-7262.145426	3836.218333	877.383789	185.073135
-7262.145426	3836.218333	876.209961	229.554504
-7262.145426	3836.218333	875.035156	411.434998
-7262.145426	3836.218333	873.860352	217.234299
-7262.145426	3836.218333	872.685547	350.848877
-7262.145426	3836.218333	871.510742	306.120483
-7262.145426	3836.218333	870.334961	242.141541
-7262.145426	3836.218333	869.159180	151.697922
-7262.145426	3836.218333	867.983398	87.778786
-7262.145426	3836.218333	866.807617	185.178482
-7262.145426	3836.218333	865.630859	70.737053
-7262.145426	3836.218333	864.454102	2.063511
-7262.145426	3836.218333	863.277344	27.248098
-7262.145426	3836.218333	862.100586	-168.871399
-7262.145426	3836.218333	860.922852	94.421997
-7262.145426	3836.218333	859.745117	11.375944
-7262.145426	3836.218333	858.567383	-47.596096
-7262.145426	3836.218333	857.389648	-8.004980
-7262.145426	3836.218333	856.210938	182.953644
-7262.145426	3836.218333	855.032227	123.982971
-7262.145426	3836.218333	853.853516	-117.509888
-7262.145426	3836.218333	852.674805	8.513989
-7262.145426	3836.218333	851.495117	163.297897
-7262.145426	3836.218333	850.315430	-58.851952
-7262.145426	3836.218333	849.135742	-9.717442
-7262.145426	3836.218333	847.956055	164.167587
-7262.145426	3836.218333	846.775391	107.680176
-7262.145426	3836.218333	845.595703	-99.889343
-7262.145426	3836.218333	844.415039	-110.740318
-7262.145426	3836.218333	843.233398	-32.881706
-7262.145426	3836.218333	842.052734	61.721901
-7262.145426	3836.218333	840.871094	5.305727
-7262.145426	3836.218333	839.689453	138.194992
-7262.145426	3836.218333	838.506836	31.476210
-7262.145426	3836.218333	837.325195	56.524132
-7262.145426	3836.218333	836.142578	71.981674
-7262.145426	3836.218333	834.959961	-68.182404
-7262.145426	3836.218333	833.777344	38.242641
-7262.145426	3836.218333	832.593750	20.182144
-7262.145426	3836.218333	831.410156	-217.989365
-7262.145426	3836.218333	830.226563	46.266464
-7262.145426	3836.218333	829.042969	-72.241493
-7262.145426	3836.218333	827.858398	-1.810107
-7262.145426	3836.218333	826.673828	-53.331932
-7262.145426	3836.218333	825.489258	-33.134350
-7262.145426	3836.218333	824.304688	128.036316
-7262.145426	3836.218333	823.120117	100.395645
-7262.145426	3836.218333	821.934570	-87.275124
-7262.145426	3836.218333	820.749023	-133.975479
-7262.145426	3836.218333	819.562500	110.627533
-7262.145426	3836.218333	818.376953	-110.367134
-7262.145426	3836.218333	817.190430	-75.906090
-7262.145426	3836.218333	816.003906	-127.367737
-7262.145426	3836.218333	814.817383	-26.133179
-7262.145426	3836.218333	813.629883	-48.975929
-7262.145426	3836.218333	812.442383	116.572304
-7262.145426	3836.218333	811.254883	19.785191
-7262.145426	3836.218333	810.067383	256.745483
-7262.145426	3836.218333	808.878906	76.540932
-7262.145426	3836.218333	807.690430	115.611084
-7262.145426	3836.218333	806.501953	9.341382
-7262.145426	3836.218333	805.313477	22.192505
-7262.145426	3836.218333	804.124023	135.039810
-7262.145426	3836.218333	802.934570	95.464882
-7262.145426	3836.218333	801.745117	120.162292
-7262.145426	3836.218333	800.555664	230.509689
-7262.145426	3836.218333	799.365234	121.910217
-7262.145426	3836.218333	798.175781	-141.274323
-7262.145426	3836.218333	796.985352	-21.460489
-7262.145426	3836.218333	795.793945	38.848461
-7262.145426	3836.218333	794.603516	84.856674
-7262.145426	3836.218333	793.412109	128.457092
-7262.145426	3836.218333	792.220703	10.439377
-7262.145426	3836.218333	791.028320	198.936600
-7262.145426	3836.218333	789.836914	4.917624
-7262.145426	3836.218333	788.644531	22.324615
-7262.145426	3836.218333	787.452148	-29.144505
-7262.145426	3836.218333	786.258789	-21.259556
-7262.145426	3836.218333	785.066406	74.421074
-7262.145426	3836.218333	783.873047	151.065048
-7262.145426	3836.218333	782.679688	71.087120
-7262.145426	3836.218333	781.485352	-20.731783
-7262.145426	3836.218333	780.291992	-65.100357
-7262.145426	3836.218333	779.097656	115.767151
-7262.145426	3836.218333	777.903320	192.247437
-7262.145426	3836.218333	776.708008	53.018864
-7262.145426	3836.218333	775.512695	60.734528
-7262.145426	3836.218333	774.318359	153.711655
-7262.145426	3836.218333	773.122070	208.737701
-7262.145426	3836.218333	771.926758	185.582764
-7262.145426	3836.218333	770.730469	39.312698
-7262.145426	3836.218333	769.534180	94.275993
-7262.145426	3836.218333	768.337891	172.862518
-7262.145426	3836.218333	767.141602	173.322006
-7262.145426	3836.218333	765.944336	76.777512
-7262.145426	3836.218333	764.747070	-64.679749
-7262.145426	3836.218333	763.549805	-47.677460
-7262.145426	3836.218333	762.351563	61.493797
-7262.145426	3836.218333	761.154297	-84.657402
-7262.145426	3836.218333	759.956055	7.894974
-7262.145426	3836.218333	758.757813	-102.787521
-7262.145426	3836.218333	757.558594	-0.862707
-7262.145426	3836.218333	756.359375	110.444862
-7262.145426	3836.218333	755.160156	-49.834290
-7262.145426	3836.218333	753.960938	195.945587
-7262.145426	3836.218333	752.761719	54.552795
-7262.145426	3836.218333	751.561523	35.893929
-7262.145426	3836.218333	750.361328	87.992569
-7262.145426	3836.218333	749.160156	-43.922478
-7262.145426	3836.218333	747.959961	-90.913048
-7262.145426	3836.218333	746.758789	-31.816214
-7262.145426	3836.218333	745.557617	284.157318
-7262.145426	3836.218333	744.356445	72.094719
-7262.145426	3836.218333	743.154297	107.489403
-7262.145426	3836.218333	741.952148	124.000343
-7262.145426	3836.218333	740.750000	208.779205
-7262.145426	3836.218333	739.547852	43.905869
-7262.145426	3836.218333	738.344727	13.263306
-7262.145426	3836.218333	737.142578	229.744156
-7262.145426	3836.218333	735.939453	151.962692
-7262.145426	3836.218333	734.735352	-109.321053
-7262.145426	3836.218333	733.532227	186.948273
-7262.145426	3836.218333	732.328125	29.190506
-7262.145426	3836.218333	731.124023	-147.336502
-7262.145426	3836.218333	729.918945	134.572388
-7262.145426	3836.218333	728.714844	-23.152784
-7262.145426	3836.218333	727.509766	94.079575
-7262.145426	3836.218333	726.303711	-51.879177
-7262.145426	3836.218333	725.098633	-45.134010
-7262.145426	3836.218333	723.892578	109.520813
-7262.145426	3836.218333	722.686523	116.175331
-7262.145426	3836.218333	721.480469	-25.077784
-7262.145426	3836.218333	720.274414	-27.838751
-7262.145426	3836.218333	719.067383	-75.206276
-7262.145426	3836.218333	717.860352	27.549936
-7262.145426	3836.218333	716.653320	-116.021866
-7262.145426	3836.218333	715.445313	132.022537
-7262.145426	3836.218333	714.238281	58.764145
-7262.145426	3836.218333	713.030273	-87.151184
-7262.145426	3836.218333	711.821289	-71.343704
-7262.145426	3836.218333	710.613281	-8.712722
-7262.145426	3836.218333	709.404297	-49.200397
-7262.145426	3836.218333	708.195313	39.102985
-7262.145426	3836.218333	706.986328	-8.457888
-7262.145426	3836.218333	705.776367	53.992729
-7262.145426	3836.218333	704.566406	-61.480091
-7262.145426	3836.218333	703.356445	-29.519432
-7262.145426	3836.218333	702.146484	-95.855286
-7262.145426	3836.218333	700.935547	-173.887848
-7262.145426	3836.218333	699.724609	26.357265
-7262.145426	3836.218333	698.513672	46.468918
-7262.145426	3836.218333	697.302734	92.255730
-7262.145426	3836.218333	696.090820	58.537174
-7262.145426	3836.218333	694.878906	-124.729347
-7262.145426	3836.218333	693.666992	-27.630213
-7262.145426	3836.218333	692.455078	102.096832
-7262.145426	3836.218333	691.242188	42.605186
-7262.145426	3836.218333	690.029297	-54.241375
-7262.145426	3836.218333	688.816406	-57.715240
-7262.145426	3836.218333	687.602539	258.475128
-7262.145426	3836.218333	686.389648	-15.750163
-7262.145426	3836.218333	685.175781	87.981407
-7262.145426	3836.218333	683.960938	37.725071
-7262.145426	3836.218333	682.747070	71.399590
-7262.145426	3836.218333	681.532227	307.833466
-7262.145426	3836.218333	680.317383	129.298431
-7262.145426	3836.218333	679.102539	2.072461
-7262.145426	3836.218333	677.886719	103.171600
-7262.145426	3836.218333	676.670898	20.201641
-7262.145426	3836.218333	675.455078	307.489410
-7262.145426	3836.218333	674.239258	175.566849
-7262.145426	3836.218333	673.022461	201.950912
-7262.145426	3836.218333	671.805664	125.902779
-7262.145426	3836.218333	670.588867	256.932434
-7262.145426	3836.218333	669.372070	245.984909
-7262.145426	3836.218333	668.154297	135.010742
-7262.145426	3836.218333	666.936523	182.169174
-7262.145426	3836.218333	665.718750	45.632301
-7262.145426	3836.218333	664.500977	88.091309
-7262.145426	3836.218333	663.282227	93.325287
-7262.145426	3836.218333	662.063477	191.461868
-7262.145426	3836.218333	660.844727	154.813812
-7262.145426	3836.218333	659.625000	208.722214
-7262.145426	3836.218333	658.405273	48.983227
-7262.145426	3836.218333	657.185547	304.792480
-7262.145426	3836.218333	655.965820	393.374847
-7262.145426	3836.218333	654.745117	242.906845
-7262.145426	3836.218333	653.525391	210.790817
-7262.145426	3836.218333	652.303711	141.552170
-7262.145426	3836.218333	651.083008	35.222294
-7262.145426	3836.218333	649.861328	56.420437
-7262.145426	3836.218333	648.640625	68.319099
-7262.145426	3836.218333	647.417969	209.957718
-7262.145426	3836.218333	646.196289	256.526581
-7262.145426	3836.218333	644.973633	122.378258
-7262.145426	3836.218333	643.750977	-23.312868
-7262.145426	3836.218333	642.528320	118.144020
-7262.145426	3836.218333	641.305664	275.725891
-7262.145426	3836.218333	640.082031	190.208282
-7262.145426	3836.218333	638.858398	102.394585
-7262.145426	3836.218333	637.634766	107.136284
-7262.145426	3836.218333	636.410156	125.733810
-7262.145426	3836.218333	635.185547	-12.939565
-7262.145426	3836.218333	633.960938	14.888580
-7262.145426	3836.218333	632.736328	142.081497
-7262.145426	3836.218333	631.510742	84.324821
-7262.145426	3836.218333	630.285156	206.794174
-7262.145426	3836.218333	629.059570	158.257111
-7262.145426	3836.218333	627.833984	167.464111
-7262.145426	3836.218333	626.607422	79.672104
-7262.145426	3836.218333	625.380859	169.659302
-7262.145426	3836.218333	624.154297	1.096124
-7262.145426	3836.218333	622.927734	-42.801109
-7262.145426	3836.218333	621.700195	102.483315
-7262.145426	3836.218333	620.472656	-63.690788
-7262.145426	3836.218333	619.245117	127.635590
-7262.145426	3836.218333	618.016602	134.421036
-7262.145426	3836.218333	616.788086	-73.180176
-7262.145426	3836.218333	615.559570	-20.282734
-7262.145426	3836.218333	614.331055	-128.704468
-7262.145426	3836.218333	613.101563	-114.999481
-7262.145426	3836.218333	611.872070	-126.642860
-7262.145426	3836.218333	610.642578	80.463127
-7262.145426	3836.218333	609.413086	-83.173157
-7262.145426	3836.218333	608.182617	-145.475449
-7262.145426	3836.218333	606.952148	-28.264990
-7262.145426	3836.218333	605.721680	-115.870789
-7262.145426	3836.218333	604.491211	77.179878
-7262.145426	3836.218333	603.259766	28.672752
-7262.145426	3836.218333	602.028320	-183.062012
-7262.145426	3836.218333	600.796875	-49.899323
-7262.145426	3836.218333	599.564453	21.148697
-7262.145426	3836.218333	598.332031	20.934685
-7262.145426	3836.218333	597.099609	27.611074
-7262.145426	3836.218333	595.867188	45.768295
-7262.145426	3836.218333	594.633789	61.618843
-7262.145426	3836.218333	593.400391	8.589082
-7262.145426	3836.218333	592.166992	86.415924
-7262.145426	3836.218333	590.933594	97.661484
-7262.145426	3836.218333	589.699219	92.841965
-7262.145426	3836.218333	588.464844	49.031677
-7262.145426	3836.218333	587.230469	264.392822
-7262.145426	3836.218333	585.995117	66.947983
-7262.145426	3836.218333	584.760742	30.060955
-7262.145426	3836.218333	583.525391	-32.018600
-7262.145426	3836.218333	582.289063	121.323174
-7262.145426	3836.218333	581.053711	-20.919081
-7262.145426	3836.218333	579.817383	22.428129
-7262.145426	3836.218333	578.581055	148.202240
-7262.145426	3836.218333	577.343750	159.455627
-7262.145426	3836.218333	576.107422	195.893784
-7262.145426	3836.218333	574.870117	271.227356
-7262.145426	3836.218333	573.631836	261.881744
-7262.145426	3836.218333	572.394531	154.189285
-7262.145426	3836.218333	571.156250	167.763031
-7262.145426	3836.218333	569.917969	270.515991
-7262.145426	3836.218333	568.679688	208.643005
-7262.145426	3836.218333	567.440430	130.807327
-7262.145426	3836.218333	566.202148	137.567749
-7262.145426	3836.218333	564.961914	176.317322
-7262.145426	3836.218333	563.722656	87.158089
-7262.145426	3836.218333	562.482422	50.572315
-7262.145426	3836.218333	561.243164	-118.401367
-7262.145426	3836.218333	560.001953	16.295252
-7262.145426	3836.218333	558.761719	-29.335115
-7262.145426	3836.218333	557.520508	84.782143
-7262.145426	3836.218333	556.279297	2.688221
-7262.145426	3836.218333	555.038086	137.309280
-7262.145426	3836.218333	553.795898	-92.939949
-7262.145426	3836.218333	552.554688	-33.550903
-7262.145426	3836.218333	551.311523	44.060711
-7262.145426	3836.218333	550.069336	3.165758
-7262.145426	3836.218333	548.826172	-78.703041
-7262.145426	3836.218333	547.583984	58.147255
-7262.145426	3836.218333	546.339844	81.091591
-7262.145426	3836.218333	545.096680	83.556320
-7262.145426	3836.218333	543.852539	-0.459466
-7262.145426	3836.218333	542.608398	-7.043351
-7262.145426	3836.218333	541.364258	-70.486649
-7262.145426	3836.218333	540.119141	-92.937637
-7262.145426	3836.218333	538.875000	93.881203
-7262.145426	3836.218333	537.628906	-24.056816
-7262.145426	3836.218333	536.383789	76.319649
-7262.145426	3836.218333	535.137695	-43.795403
-7262.145426	3836.218333	533.892578	45.222481
-7262.145426	3836.218333	532.645508	9.265171
-7262.145426	3836.218333	531.399414	18.774797
-7262.145426	3836.218333	530.152344	121.406822
-7262.145426	3836.218333	528.905273	10.595645
-7262.145426	3836.218333	527.658203	-0.270144
-7262.145426	3836.218333	526.410156	22.930613
-7262.145426	3836.218333	525.163086	-33.270370
-7262.145426	3836.218333	523.914063	-7.765236
-7262.145426	3836.218333	522.666016	33.626816
-7262.145426	3836.218333	521.416992	-67.833260
-7262.145426	3836.218333	520.167969	-3.737766
-7262.145426	3836.218333	518.918945	-116.439079
-7262.145426	3836.218333	517.669922	94.971130
-7262.145426	3836.218333	516.419922	25.379017
-7262.145426	3836.218333	515.169922	-200.455399
-7262.145426	3836.218333	513.919922	33.536259
-7262.145426	3836.218333	512.668945	79.522293
-7262.145426	3836.218333	511.417969	1.008158
-7262.145426	3836.218333	510.166992	69.645592
-7262.145426	3836.218333	508.916016	-45.003536
-7262.145426	3836.218333	507.664063	-84.938530
-7262.145426	3836.218333	506.412109	-118.057968
-7262.145426	3836.218333	505.160156	-212.201019
-7262.145426	3836.218333	503.907227	-154.826065
-7262.145426	3836.218333	502.655273	-115.544250
-7262.145426	3836.218333	501.402344	70.612198
-7262.145426	3836.218333	500.148438	105.328346
-7262.145426	3836.218333	498.895508	155.851242
-7262.145426	3836.218333	497.641602	-26.243055
-7262.145426	3836.218333	496.387695	-97.620232
-7262.145426	3836.218333	495.132813	-105.758995
-7262.145426	3836.218333	493.878906	-95.833969
-7262.145426	3836.218333	492.624023	60.748787
-7262.145426	3836.218333	491.368164	-62.458862
-7262.145426	3836.218333	490.113281	-54.801170
-7262.145426	3836.218333	488.857422	27.260469
-7262.145426	3836.218333	487.601563	46.161484
-7262.145426	3836.218333	486.344727	96.602913
-7262.145426	3836.218333	485.088867	79.416039
-7262.145426	3836.218333	483.832031	62.226101
-7262.145426	3836.218333	482.575195	191.442886
-7262.145426	3836.218333	481.317383	235.017136
-7262.145426	3836.218333	480.059570	150.224701
-7262.145426	3836.218333	478.801758	65.454185
-7262.145426	3836.218333	477.543945	122.482780
-7262.145426	3836.218333	476.285156	197.464996
-7262.145426	3836.218333	475.027344	202.659409
-7262.145426	3836.218333	473.767578	178.587402
-7262.145426	3836.218333	472.508789	141.007996
-7262.145426	3836.218333	471.249023	78.685112
-7262.145426	3836.218333	469.989258	223.134323
-7262.145426	3836.218333	468.729492	187.719193
-7262.145426	3836.218333	467.469727	107.349075
-7262.145426	3836.218333	466.208984	238.107330
-7262.145426	3836.218333	464.948242	186.868668
-7262.145426	3836.218333	463.686523	303.990601
-7262.145426	3836.218333	462.425781	358.164001
-7262.145426	3836.218333	461.164063	432.456268
-7262.145426	3836.218333	459.901367	365.306427
-7262.145426	3836.218333	458.639648	425.990204
-7262.145426	3836.218333	457.376953	197.270782
-7262.145426	3836.218333	456.114258	345.280304
-7262.145426	3836.218333	454.851563	331.749420
-7262.145426	3836.218333	453.587891	396.592163
-7262.145426	3836.218333	452.324219	416.512726
-7262.145426	3836.218333	451.060547	308.644806
-7262.145426	3836.218333	449.796875	355.285095
-7262.145426	3836.218333	448.532227	314.476776
-7262.145426	3836.218333	447.267578	611.659241
-7262.145426	3836.218333	446.002930	635.532166
-7262.145426	3836.218333	444.737305	529.490601
-7262.145426	3836.218333	443.471680	591.189758
-7262.145426	3836.218333	442.206055	672.881592
-7262.145426	3836.218333	440.940430	725.345459
-7262.145426	3836.218333	439.673828	844.738281
-7262.145426	3836.218333	438.407227	847.705261
-7262.145426	3836.218333	437.140625	640.448120
-7262.145426	3836.218333	435.873047	763.842957
-7262.145426	3836.218333	434.605469	893.740906
-7262.145426	3836.218333	433.337891	771.042419
-7262.145426	3836.218333	432.070313	748.725281
-7262.145426	3836.218333	430.801758	643.646790
-7262.145426	3836.218333	429.533203	554.068237
-7262.145426	3836.218333	428.264648	571.468750
-7262.145426	3836.218333	426.996094	673.462097
-7262.145426	3836.218333	425.726563	422.777679
-7262.145426	3836.218333	424.457031	497.607269
-7262.145426	3836.218333	423.186523	569.967773
-7262.145426	3836.218333	421.916992	428.089966
-7262.145426	3836.218333	420.646484	437.602783
-7262.145426	3836.218333	419.375977	511.504639
-7262.145426	3836.218333	418.104492	502.711517
-7262.145426	3836.218333	416.833008	411.273590
-7262.145426	3836.218333	415.561523	433.191986
-7262.145426	3836.218333	414.290039	468.202972
-7262.145426	3836.218333	413.017578	514.057068
-7262.145426	3836.218333	411.746094	479.514008
-7262.145426	3836.218333	410.472656	409.095245
-7262.145426	3836.218333	409.200195	369.563202
-7262.145426	3836.218333	407.926758	518.771851
-7262.145426	3836.218333	406.653320	465.280396
-7262.145426	3836.218333	405.379883	515.970398
-7262.145426	3836.218333	404.105469	526.300537
-7262.145426	3836.218333	402.831055	667.383850
-7262.145426	3836.218333	401.556641	494.833740
-7262.145426	3836.218333	400.282227	386.411011
-7262.145426	3836.218333	399.006836	453.078308
-7262.145426	3836.218333	397.731445	636.999756
-7262.145426	3836.218333	396.456055	301.084930
-7262.145426	3836.218333	395.179688	486.382904
-7262.145426	3836.218333	393.903320	462.645020
-7262.145426	3836.218333	392.626953	529.437378
-7262.145426	3836.218333	391.350586	243.170837
-7262.145426	3836.218333	390.073242	233.712616
-7262.145426	3836.218333	388.795898	385.616211
-7262.145426	3836.218333	387.518555	415.096405
-7262.145426	3836.218333	386.240234	408.621338
-7262.145426	3836.218333	384.961914	472.540741
-7262.145426	3836.218333	383.683594	267.946716
-7262.145426	3836.218333	382.405273	357.414520
-7262.145426	3836.218333	381.125977	346.678375
-7262.145426	3836.218333	379.846680	428.358215
-7262.145426	3836.218333	378.567383	230.632095
-7262.145426	3836.218333	377.287109	251.420807
-7262.145426	3836.218333	376.006836	269.399445
-7262.145426	3836.218333	374.726563	138.608627
-7262.145426	3836.218333	373.446289	305.721680
-7262.145426	3836.218333	372.165039	270.970062
-7262.145426	3836.218333	370.883789	144.979797
-7262.145426	3836.218333	369.602539	82.453751
-7262.145426	3836.218333	368.320313	173.882813
-7262.145426	3836.218333	367.039063	216.010239
-7262.145426	3836.218333	365.755859	155.802933
-7262.145426	3836.218333	364.473633	44.140205
-7262.145426	3836.218333	363.190430	161.289810
-7262.145426	3836.218333	361.907227	136.408859
-7262.145426	3836.218333	360.624023	-50.283070
-7262.145426	3836.218333	359.340820	236.506561
-7262.145426	3836.218333	358.056641	21.779619
-7262.145426	3836.218333	356.772461	134.798920
-7262.145426	3836.218333	355.487305	103.624069
-7262.145426	3836.218333	354.202148	199.402328
-7262.145426	3836.218333	352.916992	109.183632
-7262.145426	3836.218333	351.631836	15.891658
-7262.145426	3836.218333	350.346680	185.975204
-7262.145426	3836.218333	349.060547	-52.309803
-7262.145426	3836.218333	347.774414	47.529522
-7262.145426	3836.218333	346.487305	64.878845
-7262.145426	3836.218333	345.200195	-31.007383
-7262.145426	3836.218333	343.913086	-112.485588
-7262.145426	3836.218333	342.625977	-150.996460
-7262.145426	3836.218333	341.338867	49.106888
-7262.145426	3836.218333	340.050781	1.774977
-7262.145426	3836.218333	338.762695	-35.668079
-7262.145426	3836.218333	337.473633	50.977814
-7262.145426	3836.218333	336.184570	6.799483
-7262.145426	3836.218333	334.895508	31.734207
-7262.145426	3836.218333	333.606445	242.098846
-7262.145426	3836.218333	332.317383	187.674774
-7262.145426	3836.218333	331.027344	37.585625
-7262.145426	3836.218333	329.736328	-54.515770
-7262.145426	3836.218333	328.446289	-38.149376
-7262.145426	3836.218333	327.155273	143.537598
-7262.145426	3836.218333	325.864258	-49.047005
-7262.145426	3836.218333	324.573242	-43.412930
-7262.145426	3836.218333	323.281250	-105.011124
-7262.145426	3836.218333	321.989258	-5.849778
-7262.145426	3836.218333	320.697266	78.647232
-7262.145426	3836.218333	319.405273	63.021511
-7262.145426	3836.218333	318.112305	39.251766
-7262.145426	3836.218333	316.819336	-148.109695
-7262.145426	3836.218333	315.526367	63.655338
-7262.145426	3836.218333	314.232422	35.078533
-7262.145426	3836.218333	312.938477	142.727203
-7262.145426	3836.218333	311.644531	-92.652275
-7262.145426	3836.218333	310.349609	96.836006
-7262.145426	3836.218333	309.054688	-23.850479
-7262.145426	3836.218333	307.759766	-12.889339
-7262.145426	3836.218333	306.464844	-75.872620
-7262.145426	3836.218333	305.168945	-40.198429
-7262.145426	3836.218333	303.873047	-115.660561
-7262.145426	3836.218333	302.577148	-59.740932
-7262.145426	3836.218333	301.281250	116.521523
-7262.145426	3836.218333	299.984375	308.135437
